

Software Version	3.14.03



Experiment File Path:	C:\Users\Public\Documents\Experiments\Hermina\serial_passage\5Aug24\day4--5Aug24.xpt
Protocol File Path:	C:\Users\Public\Documents\Protocols\rough_growth_curve.prt



Plate Number	Plate 1
Date	08/08/2024
Time	12:24:07
Reader Type:	Epoch 2
Reader Serial Number:	23053024
Reading Type	Reader

Procedure Details

Plate Type	96 WELL PLATE (Use plate lid)
Well Selection	Runtime
Eject plate on completion	
Set Temperature	Setpoint 30°C, Gradient 1 °C
	Preheat before moving to next step
Read	OD 600
	Absorbance Endpoint
	Full Plate
	Wavelengths:  600
	Read Speed: Normal,  Delay: 100 msec,  Measurements/Data Point: 8
Start Kinetic	Runtime 24:00:00 (HH:MM:SS), Interval 0:10:00, 145 Reads
    Shake	Double Orbital: Continuous
	Frequency: 205 cpm (5 mm)
    Read	Absorbance Endpoint
	Full Plate
	Wavelengths:  600
	Read Speed: Normal,  Delay: 100 msec,  Measurements/Data Point: 8
End Kinetic	

OD 600:600

0:09:16	30.1	0.2648	0.2948	0.2903	0.3106	0.2878	0.2932	0.2965	0.3110	0.3085	0.2888	0.2638	0.2657	0.2977	0.2978	0.3164	0.3249	0.3036	0.2683	0.3005	0.2924	0.2882	0.2611	0.2768	0.3011	0.2969	0.3028	0.2870	0.2891	0.2953	0.2560	0.2977	0.2913	0.3044	0.2985	0.2626	0.2931	0.2905	0.3011	0.2806	0.2865	0.2854	0.2819	0.2904	0.2771	0.2892	0.2956	0.2854	0.2994	0.3194	0.2900	0.2897	0.2851	0.2858	0.2808	0.3070	0.2856	0.2981	0.2799	0.2655	0.3000	0.2772	0.2885	0.2894	0.2857	0.2620	0.2723	0.2832	0.3113	0.2969	0.2970	0.2563	0.2872	0.3037	0.3090	0.2823	0.2953	0.2837	0.2623	0.3071	0.2780	0.2824	0.2825	0.2714	0.3148	0.2678	0.3106	0.2958	0.2904	0.3198	0.3307	0.3328	0.3104	0.3197	0.3062	0.2842	0.2726
0:19:16	30.1	0.2648	0.2939	0.2928	0.3111	0.2880	0.2935	0.2960	0.3111	0.3092	0.2873	0.2731	0.2655	0.2974	0.2977	0.3173	0.3295	0.3016	0.2681	0.3013	0.2898	0.2882	0.2613	0.2769	0.3000	0.2992	0.3032	0.2862	0.2876	0.2936	0.2556	0.2960	0.2889	0.2990	0.2972	0.2629	0.2920	0.2907	0.3048	0.2810	0.2856	0.2854	0.2859	0.2899	0.2821	0.2869	0.2959	0.2896	0.2994	0.3212	0.2885	0.2884	0.2869	0.2856	0.2793	0.3035	0.2860	0.2995	0.2789	0.2649	0.2996	0.2781	0.2870	0.2893	0.2867	0.2609	0.2745	0.2833	0.3137	0.2999	0.2962	0.2560	0.2864	0.3015	0.3069	0.2813	0.2959	0.2837	0.2618	0.3077	0.2779	0.2808	0.2829	0.2717	0.3144	0.2682	0.3090	0.2948	0.2889	0.3201	0.3291	0.3352	0.3093	0.3208	0.3051	0.2835	0.2723
0:29:16	30.2	0.2649	0.2943	0.2938	0.3135	0.2884	0.2946	0.2970	0.3124	0.3092	0.2874	0.2617	0.2655	0.2971	0.2990	0.3191	0.3257	0.3046	0.2682	0.3027	0.2927	0.2895	0.2614	0.2768	0.3006	0.2975	0.3024	0.2876	0.2890	0.2947	0.2565	0.2985	0.2908	0.3013	0.2993	0.2631	0.2937	0.2906	0.3076	0.2814	0.2864	0.2865	0.2889	0.2924	0.2861	0.2901	0.2978	0.2957	0.3017	0.3216	0.2906	0.2878	0.2867	0.2853	0.2789	0.3064	0.2876	0.3019	0.2809	0.2651	0.3034	0.2785	0.2860	0.2914	0.2829	0.2609	0.2801	0.2834	0.3165	0.3028	0.2955	0.2558	0.2870	0.3009	0.3075	0.2821	0.2972	0.2836	0.2604	0.3092	0.2767	0.2799	0.2839	0.2715	0.3174	0.2683	0.3099	0.2944	0.2888	0.3219	0.3293	0.3291	0.3092	0.3224	0.3057	0.2842	0.2722
0:39:16	30.2	0.2649	0.2949	0.2960	0.3161	0.2910	0.2979	0.2986	0.3144	0.3122	0.2883	0.2611	0.2655	0.2977	0.3001	0.3216	0.3312	0.3065	0.2680	0.3048	0.2942	0.2917	0.2617	0.2768	0.3018	0.2967	0.3048	0.2908	0.2909	0.2973	0.2567	0.3019	0.2941	0.3041	0.3027	0.2624	0.2970	0.2932	0.3110	0.2835	0.2889	0.2892	0.2938	0.2968	0.2911	0.2928	0.2995	0.3014	0.3047	0.3226	0.2924	0.2876	0.2880	0.2873	0.2801	0.3093	0.2911	0.3046	0.2836	0.2653	0.3071	0.2824	0.2871	0.2936	0.2850	0.2616	0.2876	0.2849	0.3206	0.3108	0.2971	0.2557	0.2907	0.3040	0.3092	0.2818	0.2993	0.2856	0.2609	0.3119	0.2800	0.2835	0.2876	0.2714	0.3182	0.2682	0.3116	0.2949	0.2915	0.3232	0.3304	0.3416	0.3116	0.3252	0.3093	0.2871	0.2719
0:49:15	30.2	0.2649	0.2956	0.2988	0.3195	0.2940	0.3010	0.3028	0.3170	0.3145	0.2913	0.2607	0.2655	0.2985	0.3036	0.3246	0.3397	0.3099	0.2681	0.3086	0.2985	0.2977	0.2616	0.2769	0.3057	0.2973	0.3083	0.2941	0.2932	0.3012	0.2579	0.3044	0.2971	0.3081	0.3068	0.2630	0.3010	0.2960	0.3115	0.2858	0.2918	0.2918	0.3020	0.2998	0.2968	0.2949	0.3025	0.3085	0.3092	0.3263	0.2975	0.2879	0.2906	0.2925	0.2798	0.3133	0.2951	0.3089	0.2879	0.2667	0.3126	0.2857	0.2872	0.2953	0.2881	0.2623	0.2942	0.2889	0.3268	0.3107	0.3003	0.2558	0.2963	0.3077	0.3120	0.2868	0.3019	0.2900	0.2615	0.3168	0.2841	0.2874	0.2919	0.2714	0.3208	0.2684	0.3161	0.2960	0.2942	0.3263	0.3312	0.3401	0.3157	0.3284	0.3129	0.2915	0.2721
0:59:16	30.2	0.2647	0.2968	0.3010	0.3236	0.2966	0.3044	0.3078	0.3211	0.3192	0.2940	0.2614	0.2654	0.3006	0.3061	0.3277	0.3461	0.3123	0.2681	0.3124	0.3010	0.2997	0.2615	0.2768	0.3097	0.2998	0.3123	0.2962	0.2949	0.3064	0.2592	0.3091	0.2996	0.3130	0.3096	0.2626	0.3049	0.2993	0.3227	0.2890	0.2956	0.2953	0.3141	0.3025	0.3063	0.2993	0.3057	0.3190	0.3140	0.3392	0.2999	0.2882	0.2958	0.2955	0.2828	0.3187	0.2962	0.3140	0.2904	0.2680	0.3148	0.2894	0.2870	0.2995	0.2935	0.2634	0.3115	0.2923	0.3326	0.3160	0.3035	0.2558	0.2998	0.3105	0.3154	0.2897	0.3054	0.2935	0.2632	0.3208	0.2870	0.2896	0.2965	0.2714	0.3243	0.2684	0.3183	0.2970	0.2974	0.3296	0.3351	0.3600	0.3184	0.3329	0.3180	0.2965	0.2719
1:09:16	30.2	0.2649	0.3012	0.3030	0.3277	0.2994	0.3068	0.3112	0.3268	0.3270	0.2973	0.2609	0.2655	0.3052	0.3091	0.3312	0.3533	0.3152	0.2682	0.3178	0.3040	0.3025	0.2616	0.2768	0.3134	0.3037	0.3168	0.2973	0.2964	0.3127	0.2605	0.3147	0.3021	0.3205	0.3128	0.2629	0.3088	0.3010	0.3332	0.2896	0.3008	0.2984	0.3261	0.3051	0.3193	0.3004	0.3086	0.3347	0.3224	0.3439	0.2998	0.2866	0.2992	0.2985	0.2820	0.3265	0.2981	0.3203	0.2928	0.2689	0.3173	0.2901	0.2871	0.3018	0.2957	0.2651	0.3246	0.2961	0.3393	0.3234	0.3065	0.2558	0.3033	0.3142	0.3205	0.2895	0.3108	0.2953	0.2647	0.3261	0.2900	0.2942	0.3033	0.2714	0.3281	0.2684	0.3205	0.2982	0.2998	0.3342	0.3405	0.3742	0.3226	0.3394	0.3209	0.2998	0.2719
1:19:16	30.2	0.2648	0.3037	0.3037	0.3331	0.3001	0.3078	0.3121	0.3331	0.3378	0.3003	0.2610	0.2654	0.3097	0.3106	0.3354	0.3665	0.3181	0.2683	0.3254	0.3048	0.3036	0.2624	0.2767	0.3165	0.3107	0.3223	0.2990	0.2989	0.3212	0.2614	0.3204	0.3051	0.3289	0.3161	0.2626	0.3117	0.3023	0.3435	0.2924	0.3081	0.2988	0.3463	0.3061	0.3347	0.3044	0.3135	0.3521	0.3296	0.3544	0.3006	0.2864	0.3077	0.3014	0.2827	0.3363	0.3003	0.3266	0.2960	0.2703	0.3193	0.2911	0.2879	0.3018	0.2960	0.2662	0.3424	0.2977	0.3470	0.3365	0.3086	0.2558	0.3060	0.3137	0.3282	0.2936	0.3186	0.2976	0.2665	0.3325	0.2927	0.2962	0.3115	0.2714	0.3331	0.2682	0.3244	0.2989	0.3015	0.3393	0.3475	0.3908	0.3257	0.3480	0.3241	0.3032	0.2718
1:29:16	30.2	0.2647	0.3098	0.3037	0.3378	0.3021	0.3102	0.3146	0.3434	0.3524	0.3031	0.2609	0.2653	0.3171	0.3107	0.3403	0.3690	0.3201	0.2682	0.3347	0.3064	0.3079	0.2622	0.2766	0.3196	0.3170	0.3277	0.3013	0.3009	0.3336	0.2629	0.3300	0.3068	0.3410	0.3166	0.2624	0.3141	0.3008	0.3521	0.2895	0.3165	0.3013	0.3682	0.3093	0.3519	0.3052	0.3188	0.3815	0.3404	0.3626	0.3029	0.2864	0.3159	0.3018	0.2854	0.3477	0.3030	0.3334	0.2971	0.2720	0.3216	0.2919	0.2880	0.3048	0.2966	0.2677	0.3607	0.2981	0.3531	0.3524	0.3116	0.2557	0.3087	0.3149	0.3375	0.2923	0.3284	0.2985	0.2693	0.3385	0.2948	0.2990	0.3187	0.2715	0.3407	0.2682	0.3234	0.3005	0.3035	0.3466	0.3576	0.4048	0.3265	0.3591	0.3268	0.3061	0.2717
1:39:16	30.2	0.2649	0.3173	0.3044	0.3444	0.3028	0.3120	0.3152	0.3460	0.3666	0.3053	0.2606	0.2653	0.3248	0.3113	0.3445	0.3837	0.3201	0.2682	0.3507	0.3079	0.3092	0.2623	0.2767	0.3221	0.3261	0.3345	0.3023	0.3026	0.3418	0.2654	0.3345	0.3081	0.3493	0.3179	0.2625	0.3153	0.3028	0.3646	0.2935	0.3260	0.3025	0.4091	0.3100	0.3742	0.3055	0.3249	0.4133	0.3464	0.3758	0.3048	0.2877	0.3313	0.3024	0.2862	0.3582	0.3034	0.3403	0.2984	0.2736	0.3231	0.2930	0.2884	0.3036	0.2947	0.2696	0.3882	0.3016	0.3628	0.3673	0.3143	0.2558	0.3123	0.3147	0.3493	0.2944	0.3421	0.2998	0.2740	0.3462	0.2963	0.3008	0.3365	0.2713	0.3476	0.2681	0.3253	0.3033	0.3043	0.3510	0.3675	0.4202	0.3289	0.3719	0.3291	0.3093	0.2717
1:49:16	30.2	0.2650	0.3289	0.3037	0.3508	0.3055	0.3130	0.3178	0.3700	0.3948	0.3070	0.2604	0.2654	0.3360	0.3116	0.3517	0.3960	0.3231	0.2685	0.3659	0.3098	0.3104	0.2612	0.2769	0.3239	0.3390	0.3409	0.3026	0.3019	0.3655	0.2685	0.3510	0.3096	0.3715	0.3176	0.2625	0.3181	0.3044	0.3777	0.2938	0.3412	0.3017	0.4600	0.3119	0.3925	0.3100	0.3291	0.4746	0.3743	0.3848	0.3046	0.2881	0.3445	0.3041	0.2884	0.3814	0.3055	0.3475	0.2987	0.2762	0.3255	0.2939	0.2890	0.3028	0.2961	0.2710	0.4277	0.3021	0.3727	0.3852	0.3151	0.2558	0.3151	0.3159	0.3645	0.2960	0.3572	0.3019	0.2829	0.3542	0.2980	0.3025	0.3485	0.2715	0.3516	0.2682	0.3250	0.3095	0.3057	0.3574	0.3822	0.4336	0.3314	0.3882	0.3320	0.3105	0.2717
1:59:16	30.2	0.2647	0.3414	0.3052	0.3583	0.3093	0.3161	0.3170	0.3802	0.4164	0.3108	0.2607	0.2654	0.3531	0.3141	0.3570	0.4095	0.3249	0.2685	0.3899	0.3114	0.3113	0.2612	0.2767	0.3272	0.3525	0.3474	0.3010	0.3014	0.3956	0.2709	0.3751	0.3126	0.3927	0.3208	0.2625	0.3197	0.3037	0.3951	0.2927	0.3587	0.3029	0.5179	0.3156	0.4437	0.3123	0.3366	0.5316	0.4030	0.4110	0.3027	0.2883	0.3577	0.3052	0.2896	0.4091	0.3076	0.3571	0.2991	0.2791	0.3325	0.2962	0.2892	0.3056	0.2971	0.2736	0.4735	0.3025	0.3797	0.4105	0.3176	0.2558	0.3202	0.3147	0.3829	0.2959	0.3747	0.3021	0.2981	0.3615	0.2994	0.3042	0.3619	0.2713	0.3601	0.2681	0.3258	0.3140	0.3071	0.3637	0.3978	0.4510	0.3345	0.4113	0.3359	0.3164	0.2715
2:09:16	30.2	0.2648	0.3595	0.3050	0.3670	0.3142	0.3188	0.3180	0.4120	0.4456	0.3162	0.2606	0.2653	0.3763	0.3145	0.3635	0.4254	0.3280	0.2685	0.4203	0.3155	0.3116	0.2612	0.2769	0.3317	0.3696	0.3559	0.3007	0.3026	0.4308	0.2749	0.4010	0.3155	0.4207	0.3235	0.2626	0.3251	0.3028	0.4030	0.2934	0.3874	0.3036	0.5705	0.3183	0.4940	0.3198	0.3416	0.5683	0.4273	0.4132	0.3055	0.2891	0.3835	0.3059	0.2943	0.4415	0.3104	0.3684	0.3021	0.2852	0.3443	0.3022	0.2895	0.3038	0.2992	0.2795	0.5339	0.3065	0.3927	0.4320	0.3199	0.2557	0.3282	0.3135	0.4240	0.2954	0.4112	0.3069	0.3225	0.3717	0.3050	0.3123	0.3902	0.2711	0.3679	0.2682	0.3291	0.3300	0.3117	0.3711	0.4256	0.4705	0.3405	0.4499	0.3423	0.3256	0.2715
2:19:16	30.2	0.2647	0.3896	0.3087	0.3782	0.3231	0.3358	0.3190	0.4484	0.4830	0.3180	0.2619	0.2653	0.3884	0.3149	0.3699	0.4405	0.3310	0.2684	0.4413	0.3274	0.3182	0.2611	0.2768	0.3364	0.4156	0.3656	0.3125	0.3061	0.4773	0.2900	0.4401	0.3229	0.4608	0.3287	0.2625	0.3292	0.3121	0.4142	0.2921	0.4182	0.3103	0.6126	0.3243	0.5252	0.3270	0.3493	0.6218	0.4613	0.4220	0.3027	0.2898	0.4349	0.3086	0.3054	0.4751	0.3177	0.3791	0.3099	0.2969	0.3751	0.3003	0.2902	0.3036	0.3048	0.2984	0.5990	0.3096	0.4009	0.4514	0.3248	0.2557	0.3406	0.3107	0.4704	0.2983	0.4422	0.3145	0.3564	0.3813	0.3185	0.3229	0.4234	0.2712	0.3793	0.2680	0.3391	0.3616	0.3170	0.3795	0.4652	0.4885	0.3591	0.4687	0.3530	0.3414	0.2715
2:29:16	30.2	0.2649	0.4568	0.3121	0.3890	0.3526	0.3703	0.3240	0.4943	0.5149	0.3338	0.2649	0.2653	0.4454	0.3163	0.3772	0.4502	0.3395	0.2685	0.4661	0.3397	0.3289	0.2611	0.2767	0.3435	0.4592	0.3732	0.3165	0.3060	0.5167	0.3014	0.4684	0.3408	0.4950	0.3403	0.2624	0.3362	0.3082	0.4274	0.2925	0.4364	0.3188	0.6598	0.3422	0.5615	0.3549	0.3573	0.6712	0.4837	0.4326	0.3206	0.2899	0.4753	0.3206	0.3185	0.5052	0.3365	0.3956	0.3341	0.3252	0.4199	0.3041	0.2904	0.3057	0.3314	0.3093	0.6490	0.3230	0.4129	0.4750	0.3313	0.2557	0.3662	0.3162	0.5068	0.2999	0.4783	0.3427	0.3859	0.3882	0.3472	0.3596	0.4774	0.2714	0.3966	0.2680	0.3630	0.4029	0.3235	0.3905	0.4874	0.5085	0.3880	0.4975	0.3735	0.3698	0.2714
2:39:16	30.2	0.2649	0.4967	0.3243	0.3954	0.3756	0.4262	0.3413	0.5237	0.5419	0.3472	0.2617	0.2656	0.4663	0.3201	0.3834	0.4761	0.3530	0.2686	0.4848	0.3754	0.3344	0.2614	0.2769	0.3673	0.4831	0.3879	0.3621	0.3257	0.5389	0.3151	0.4786	0.3654	0.5138	0.3774	0.2625	0.3526	0.3519	0.4405	0.3004	0.4776	0.3340	0.6768	0.3875	0.5822	0.4036	0.3689	0.6845	0.5116	0.4469	0.3454	0.2952	0.4987	0.3298	0.3343	0.5268	0.3778	0.4091	0.3921	0.3614	0.4442	0.3404	0.2914	0.3095	0.3334	0.3360	0.7110	0.3472	0.4130	0.5016	0.3499	0.2559	0.4193	0.3205	0.5451	0.3077	0.4992	0.3631	0.4430	0.4107	0.3711	0.3827	0.5284	0.2713	0.4156	0.2683	0.3752	0.4463	0.3523	0.4014	0.5006	0.5255	0.4142	0.5032	0.4368	0.3997	0.2715
2:49:16	30.2	0.2647	0.5149	0.3676	0.4082	0.4078	0.4374	0.3940	0.5591	0.5700	0.3695	0.2612	0.2655	0.5065	0.3350	0.3929	0.4910	0.3965	0.2685	0.4984	0.4218	0.3615	0.2613	0.2768	0.3951	0.5189	0.4007	0.3743	0.3490	0.5725	0.3539	0.5143	0.4050	0.5534	0.4300	0.2624	0.3858	0.3362	0.4464	0.3031	0.5054	0.3657	0.6934	0.4052	0.5871	0.4111	0.3759	0.7100	0.5542	0.4555	0.3698	0.3047	0.5636	0.3886	0.3627	0.5428	0.4160	0.4225	0.4226	0.3951	0.4652	0.3624	0.2941	0.3142	0.3721	0.4044	0.7331	0.3869	0.4049	0.5301	0.3651	0.2557	0.4537	0.3526	0.5699	0.3108	0.5122	0.4221	0.4783	0.4224	0.4142	0.4294	0.5511	0.2712	0.4284	0.2681	0.3990	0.4777	0.3824	0.4140	0.5135	0.5474	0.4376	0.5272	0.4283	0.4193	0.2715
2:59:16	30.2	0.2649	0.5460	0.4230	0.4156	0.4336	0.4736	0.4159	0.5913	0.6105	0.4508	0.2613	0.2655	0.5358	0.3407	0.3994	0.5050	0.4300	0.2685	0.5195	0.4424	0.3555	0.2613	0.2769	0.5124	0.5536	0.4156	0.3992	0.3750	0.6160	0.4193	0.5496	0.4451	0.5808	0.4878	0.2625	0.5015	0.3879	0.4727	0.3403	0.5252	0.3932	0.6976	0.4295	0.5952	0.4686	0.3928	0.7132	0.5819	0.4698	0.4032	0.3208	0.6024	0.4100	0.3998	0.5638	0.4313	0.4361	0.4341	0.4328	0.4878	0.3730	0.3015	0.3353	0.4160	0.4183	0.7449	0.4031	0.4436	0.5575	0.3902	0.2559	0.4688	0.4074	0.5942	0.3528	0.5297	0.4274	0.4999	0.4375	0.4200	0.4319	0.5825	0.2713	0.4470	0.2681	0.4122	0.4957	0.4005	0.4236	0.5344	0.5740	0.4353	0.5457	0.4518	0.4478	0.2714
3:09:16	30.2	0.2648	0.5784	0.4275	0.4272	0.4400	0.4656	0.4741	0.6202	0.6316	0.4786	0.2618	0.2655	0.5779	0.3952	0.4040	0.5256	0.4587	0.2683	0.5492	0.4569	0.3630	0.2612	0.2769	0.5406	0.5766	0.4286	0.4141	0.4059	0.6407	0.4356	0.5584	0.4606	0.6119	0.5087	0.2631	0.5231	0.4066	0.4897	0.3712	0.5628	0.4189	0.7286	0.4484	0.6309	0.4545	0.3976	0.7076	0.6123	0.4836	0.4129	0.3275	0.6561	0.4366	0.4277	0.5868	0.4638	0.4501	0.4644	0.4757	0.4979	0.3961	0.3075	0.3777	0.4260	0.4249	0.7579	0.4351	0.4447	0.5844	0.3940	0.2559	0.4692	0.4109	0.6245	0.3841	0.5641	0.4311	0.5188	0.4442	0.4441	0.4568	0.5840	0.2712	0.4646	0.2680	0.4297	0.5197	0.4261	0.4340	0.5654	0.5978	0.4685	0.5737	0.4723	0.4675	0.2714
3:19:16	30.1	0.2650	0.6141	0.4418	0.4396	0.4799	0.4846	0.4933	0.6629	0.6464	0.4891	0.2613	0.2656	0.6218	0.4054	0.4128	0.5384	0.4702	0.2686	0.5762	0.4789	0.4201	0.2612	0.2768	0.5533	0.5923	0.4429	0.4178	0.4155	0.6634	0.4264	0.6105	0.4693	0.6266	0.5175	0.2628	0.5424	0.4190	0.5025	0.3833	0.6192	0.4397	0.7591	0.4550	0.6491	0.4563	0.4121	0.7405	0.6389	0.4996	0.4166	0.3404	0.6970	0.4638	0.4600	0.5995	0.4839	0.4631	0.4839	0.4896	0.5026	0.4075	0.3155	0.4032	0.4226	0.4300	0.7640	0.4408	0.4405	0.6045	0.4267	0.2560	0.4939	0.4289	0.6597	0.4082	0.5901	0.4477	0.5297	0.4467	0.4537	0.4667	0.5823	0.2713	0.4803	0.2682	0.4326	0.5329	0.4386	0.4519	0.5868	0.6184	0.4938	0.5970	0.4777	0.4941	0.2714
3:29:16	30.2	0.2648	0.6518	0.4593	0.4499	0.4917	0.4963	0.5035	0.6835	0.6464	0.5071	0.2612	0.2654	0.6496	0.4350	0.4169	0.5560	0.4694	0.2686	0.5768	0.5041	0.4453	0.2612	0.2768	0.5785	0.6190	0.4577	0.4528	0.4406	0.6808	0.4588	0.6251	0.4906	0.6471	0.5357	0.2626	0.5675	0.4341	0.5226	0.4143	0.6583	0.4563	0.7730	0.4873	0.6467	0.4737	0.4225	0.7708	0.6552	0.5147	0.4498	0.3991	0.7524	0.4711	0.4764	0.6111	0.4904	0.4767	0.4986	0.5207	0.5148	0.4250	0.3480	0.4130	0.4520	0.4963	0.7970	0.4789	0.4691	0.6344	0.4655	0.2558	0.5153	0.4534	0.6898	0.4295	0.6115	0.4639	0.5744	0.4740	0.4730	0.4934	0.6055	0.2711	0.4998	0.2680	0.4482	0.5593	0.4667	0.4675	0.5923	0.6410	0.5007	0.6017	0.5062	0.4910	0.2714
3:39:16	30.2	0.2649	0.6870	0.4749	0.4635	0.5113	0.5125	0.5319	0.7305	0.6633	0.5286	0.2609	0.2655	0.6824	0.4314	0.4270	0.5773	0.5009	0.2685	0.5933	0.5176	0.4760	0.2612	0.2768	0.5733	0.6403	0.4725	0.4720	0.4514	0.6967	0.4462	0.6336	0.5097	0.6490	0.5405	0.2625	0.5752	0.4529	0.5385	0.4406	0.6964	0.4794	0.7888	0.4938	0.6446	0.4894	0.4412	0.7830	0.6951	0.5275	0.4659	0.4198	0.7919	0.4747	0.5289	0.6256	0.5005	0.4920	0.5045	0.5572	0.5236	0.4385	0.3638	0.4430	0.4678	0.4795	0.7989	0.4837	0.4860	0.6602	0.4899	0.2558	0.5246	0.4755	0.7286	0.4227	0.6348	0.4879	0.5897	0.4815	0.4796	0.5008	0.5929	0.2712	0.5146	0.2680	0.4730	0.5807	0.4655	0.4942	0.6114	0.6646	0.5189	0.6182	0.5130	0.5207	0.2714
3:49:16	30.2	0.2647	0.7328	0.5005	0.4799	0.5317	0.5473	0.5495	0.7458	0.6635	0.5605	0.2620	0.2654	0.7286	0.4573	0.4376	0.5961	0.5167	0.2686	0.5971	0.5248	0.5208	0.2612	0.2768	0.5771	0.6852	0.4865	0.4982	0.4817	0.7223	0.4871	0.6531	0.5223	0.6565	0.5524	0.2626	0.5787	0.4894	0.5630	0.4630	0.7243	0.4974	0.7990	0.5140	0.6406	0.5301	0.4515	0.7875	0.7243	0.5469	0.4879	0.4526	0.8424	0.4916	0.5575	0.6449	0.5051	0.5082	0.5263	0.5865	0.5256	0.4549	0.3948	0.4635	0.4868	0.5213	0.8123	0.4968	0.5132	0.6894	0.5150	0.2559	0.5412	0.4844	0.7656	0.4629	0.6548	0.5048	0.6359	0.5038	0.4980	0.5160	0.6155	0.2714	0.5380	0.2679	0.4832	0.6155	0.4861	0.5122	0.6167	0.6913	0.5413	0.6390	0.5127	0.5457	0.2714
3:59:16	30.2	0.2648	0.7860	0.5253	0.4978	0.5345	0.5901	0.5912	0.7549	0.6806	0.5648	0.2610	0.2653	0.7820	0.4782	0.4440	0.6156	0.5322	0.2685	0.6095	0.5349	0.5448	0.2611	0.2766	0.5643	0.7161	0.5030	0.5161	0.5065	0.7431	0.5425	0.6614	0.5234	0.6662	0.5575	0.2623	0.5951	0.5222	0.5830	0.4832	0.7560	0.5194	0.8130	0.5421	0.6519	0.5370	0.4536	0.8000	0.7523	0.5606	0.5225	0.4731	0.8997	0.5171	0.5712	0.6502	0.5205	0.5269	0.5494	0.5993	0.5576	0.4789	0.4106	0.4679	0.5034	0.5609	0.8294	0.5278	0.5146	0.7262	0.5425	0.2558	0.5664	0.5030	0.8157	0.4689	0.6945	0.5201	0.6542	0.5244	0.5188	0.5568	0.6464	0.2710	0.5555	0.2679	0.5006	0.6442	0.4969	0.5284	0.6295	0.7174	0.5399	0.6422	0.5625	0.5323	0.2714
4:09:16	30.2	0.2649	0.8467	0.5560	0.5150	0.5724	0.6183	0.6260	0.7737	0.6930	0.5753	0.2621	0.2654	0.8494	0.5173	0.4565	0.6387	0.5435	0.2687	0.6313	0.5512	0.5603	0.2611	0.2768	0.5817	0.7421	0.5188	0.5442	0.5237	0.7584	0.5700	0.6627	0.5505	0.6665	0.5750	0.2630	0.6117	0.5615	0.5982	0.4992	0.8141	0.5467	0.8277	0.5653	0.6681	0.5583	0.5081	0.8059	0.7795	0.5746	0.5560	0.4933	0.9545	0.5448	0.5871	0.6517	0.5587	0.5457	0.5618	0.6201	0.5800	0.4975	0.4256	0.4841	0.5113	0.5697	0.8348	0.5583	0.5408	0.7622	0.5799	0.2559	0.5704	0.5364	0.8618	0.4946	0.7276	0.5494	0.6643	0.5445	0.5300	0.5712	0.6580	0.2713	0.5698	0.2679	0.5064	0.6568	0.5222	0.5542	0.6448	0.7520	0.5721	0.6545	0.5544	0.5375	0.2713
4:19:16	30.2	0.2649	0.9074	0.5865	0.5359	0.6081	0.6623	0.6470	0.7919	0.7041	0.5865	0.2626	0.2655	0.9023	0.5411	0.4705	0.6627	0.5703	0.2687	0.6354	0.5774	0.5904	0.2612	0.2768	0.6094	0.8004	0.5414	0.5734	0.5439	0.7781	0.5890	0.6868	0.5714	0.6733	0.5850	0.2624	0.6158	0.5962	0.6220	0.5312	0.8505	0.5658	0.8435	0.5762	0.6745	0.5839	0.5313	0.8032	0.8267	0.5886	0.5823	0.5185	0.9974	0.5780	0.6341	0.6625	0.5620	0.5713	0.5704	0.6340	0.6090	0.5244	0.4601	0.5010	0.5392	0.6032	0.8498	0.5763	0.5714	0.8044	0.5973	0.2559	0.5978	0.5572	0.8964	0.5064	0.7375	0.5722	0.6758	0.5660	0.5442	0.5855	0.6626	0.2712	0.6027	0.2679	0.5266	0.6671	0.5422	0.5853	0.6569	0.7849	0.5876	0.6602	0.5817	0.5417	0.2713
4:29:16	30.2	0.2649	0.9655	0.6233	0.5600	0.6556	0.6803	0.6560	0.8237	0.6937	0.6090	0.2626	0.2655	0.9501	0.5360	0.4850	0.6790	0.5966	0.2686	0.6377	0.6136	0.6012	0.2612	0.2767	0.6417	0.8410	0.5601	0.5866	0.5671	0.7955	0.5984	0.7082	0.5975	0.6824	0.6116	0.2626	0.6454	0.6361	0.6460	0.5724	0.8839	0.5896	0.8613	0.5868	0.6791	0.6213	0.5659	0.8113	0.8669	0.6052	0.6247	0.5698	1.0310	0.6183	0.6414	0.6758	0.5908	0.5992	0.5920	0.6597	0.6253	0.5545	0.4965	0.5107	0.5589	0.5736	0.8628	0.5765	0.6011	0.8339	0.5796	0.2558	0.6144	0.5882	0.9217	0.5116	0.7449	0.5787	0.6949	0.5846	0.5634	0.5913	0.6537	0.2712	0.6443	0.2681	0.5453	0.6796	0.5473	0.6230	0.6652	0.8264	0.6018	0.6645	0.5973	0.5918	0.2713
4:39:16	30.2	0.2648	1.0163	0.6614	0.5849	0.6857	0.7359	0.6811	0.8485	0.7019	0.6209	0.2649	0.2654	1.0054	0.5870	0.5038	0.7175	0.6099	0.2687	0.6504	0.6499	0.6318	0.2629	0.2770	0.6463	0.8838	0.5809	0.6133	0.6095	0.8091	0.5948	0.7137	0.6130	0.6945	0.6158	0.2626	0.6473	0.6821	0.6567	0.6037	0.9263	0.6205	0.8885	0.6005	0.6976	0.6404	0.5933	0.8295	0.9078	0.6211	0.6575	0.5947	1.0725	0.6468	0.6584	0.6790	0.5976	0.6460	0.5953	0.6633	0.6788	0.5929	0.5113	0.5333	0.5901	0.6259	0.8832	0.6094	0.6539	0.8853	0.6279	0.2559	0.6592	0.6377	0.9620	0.5446	0.7832	0.6149	0.6943	0.6257	0.5904	0.6080	0.6636	0.2711	0.6677	0.2680	0.5693	0.6933	0.5906	0.6528	0.6731	0.8644	0.6206	0.6806	0.6233	0.5780	0.2714
4:49:16	30.2	0.2648	1.0580	0.7099	0.6137	0.7171	0.7615	0.7092	0.8748	0.7073	0.6458	0.2612	0.2654	1.0429	0.5898	0.5330	0.7496	0.6432	0.2687	0.6546	0.6836	0.6471	0.2659	0.2768	0.6800	0.9141	0.6196	0.6465	0.6405	0.8379	0.6325	0.7143	0.6451	0.6959	0.6202	0.2625	0.6659	0.7157	0.6756	0.6362	0.9554	0.6488	0.9087	0.6344	0.6968	0.6651	0.6251	0.8442	0.9402	0.6402	0.6902	0.6384	1.1016	0.6882	0.6715	0.6945	0.6140	0.7340	0.6157	0.6849	0.6855	0.6247	0.5585	0.5588	0.5995	0.6476	0.9024	0.6160	0.7072	0.9270	0.6242	0.2559	0.6800	0.6616	0.9883	0.5402	0.8070	0.6251	0.6887	0.6902	0.5941	0.6337	0.6735	0.2711	0.7168	0.2679	0.6086	0.6949	0.5868	0.6791	0.6811	0.9122	0.6326	0.6848	0.6397	0.6304	0.2712
4:59:16	30.2	0.2649	1.0971	0.7394	0.6598	0.7415	0.7773	0.7405	0.9101	0.7207	0.6886	0.2609	0.2654	1.0863	0.6317	0.5633	0.7862	0.6583	0.2688	0.6702	0.7012	0.6525	0.2654	0.2769	0.6941	0.9558	0.6697	0.6744	0.6760	0.8556	0.6387	0.7389	0.6591	0.6968	0.6449	0.2626	0.6806	0.7523	0.7241	0.6609	0.9858	0.6806	0.9280	0.6645	0.7060	0.6912	0.6576	0.8742	0.9684	0.6604	0.7215	0.6736	1.1258	0.7283	0.6898	0.6984	0.6356	0.8352	0.6393	0.6968	0.7038	0.6579	0.5804	0.5875	0.6319	0.6504	0.9088	0.6455	0.7821	0.9685	0.6572	0.2559	0.7004	0.7027	1.0182	0.5651	0.8446	0.6263	0.7230	0.7780	0.6035	0.6548	0.6726	0.2711	0.7638	0.2680	0.6400	0.7105	0.5942	0.7116	0.6831	0.9791	0.6304	0.7046	0.6604	0.6264	0.2713
5:09:16	30.2	0.2648	1.1312	0.7752	0.7225	0.7810	0.8177	0.7745	0.9398	0.7306	0.7075	0.2684	0.2654	1.1174	0.6704	0.5936	0.8191	0.6889	0.2685	0.6861	0.7421	0.6698	0.2623	0.2768	0.7209	0.9823	0.7184	0.6973	0.6958	0.8910	0.6585	0.7561	0.6576	0.7014	0.6570	0.2626	0.7001	0.7908	0.7195	0.6997	1.0093	0.7128	0.9452	0.6944	0.7178	0.7265	0.6922	0.8841	0.9942	0.6802	0.7580	0.7154	1.1522	0.7574	0.7111	0.7176	0.6480	0.9176	0.6492	0.7081	0.7226	0.6943	0.5984	0.6103	0.6532	0.6971	0.9225	0.6777	0.8645	0.9986	0.6998	0.2559	0.7138	0.7265	1.0437	0.5842	0.8689	0.6546	0.7369	0.8590	0.6017	0.6656	0.6986	0.2711	0.8113	0.2680	0.6700	0.7351	0.6025	0.7445	0.6946	1.0477	0.6446	0.7069	0.6720	0.6524	0.2714
5:19:16	30.2	0.2647	1.1632	0.8017	0.7877	0.8301	0.8571	0.8057	0.9678	0.7376	0.7352	0.2606	0.2654	1.1576	0.7074	0.6137	0.8558	0.7072	0.2688	0.6905	0.7538	0.6892	0.2630	0.2770	0.7163	1.0163	0.7865	0.7044	0.7134	0.9114	0.6788	0.7608	0.6825	0.7157	0.6561	0.2626	0.6955	0.8191	0.7458	0.7450	1.0398	0.7442	0.9810	0.7254	0.7331	0.7421	0.7190	0.8918	1.0354	0.7099	0.7869	0.7498	1.1804	0.7825	0.7151	0.7294	0.6536	0.9818	0.6457	0.7025	0.7661	0.7197	0.6297	0.6413	0.6776	0.6937	0.9536	0.6889	0.9479	1.0393	0.7199	0.2559	0.7467	0.7725	1.0679	0.6091	0.9117	0.6847	0.7327	0.9332	0.6430	0.6682	0.7077	0.2711	0.8432	0.2680	0.7001	0.7395	0.6444	0.7849	0.7079	1.0467	0.6574	0.7184	0.6731	0.6311	0.2713
5:29:16	30.2	0.2646	1.1938	0.8498	0.8492	0.8547	0.8831	0.8143	0.9928	0.7702	0.7450	0.2606	0.2654	1.1876	0.7530	0.6385	0.9017	0.7470	0.2689	0.6933	0.7850	0.7100	0.2630	0.2767	0.7359	1.0508	0.8671	0.7462	0.7435	0.9521	0.6970	0.7870	0.6987	0.7236	0.6945	0.2625	0.7010	0.8591	0.7775	0.7828	1.0641	0.7723	1.0029	0.7464	0.7487	0.7709	0.7465	0.9087	1.0704	0.7371	0.8133	0.7831	1.2010	0.8138	0.7447	0.7637	0.6683	1.0305	0.6682	0.7192	0.7863	0.7395	0.6421	0.6721	0.6966	0.7257	0.9692	0.7068	1.0005	1.0574	0.7446	0.2558	0.7571	0.8062	1.0934	0.6173	0.9401	0.6921	0.7583	0.9851	0.6564	0.6803	0.7221	0.2709	0.8878	0.2679	0.7344	0.7591	0.6543	0.8349	0.7155	1.0557	0.6666	0.7227	0.6879	0.6561	0.2711
5:39:16	30.2	0.2648	1.2063	0.8681	0.9111	0.8900	0.9094	0.8392	1.0261	0.7837	0.7671	0.2608	0.2654	1.1977	0.7798	0.6662	0.9334	0.7640	0.2687	0.7292	0.8027	0.7180	0.2638	0.2767	0.7473	1.0642	0.9379	0.7685	0.7675	0.9917	0.7227	0.8140	0.7216	0.7116	0.6686	0.2626	0.7268	0.8944	0.8367	0.7859	1.0823	0.7805	1.0332	0.7623	0.7571	0.7882	0.7701	0.9049	1.0888	0.7686	0.8247	0.8662	1.2173	0.8353	0.7642	0.8084	0.6642	1.0705	0.6601	0.7286	0.7950	0.7516	0.6607	0.6948	0.7155	0.7444	0.9823	0.7230	1.0450	1.0847	0.7668	0.2559	0.7720	0.8327	1.1150	0.6471	0.9535	0.7054	0.7611	1.0258	0.6696	0.6889	0.7495	0.2711	0.9267	0.2679	0.7573	0.7730	0.6971	0.8897	0.7298	1.0868	0.6830	0.7333	0.7203	0.6705	0.2711
5:49:16	30.2	0.2647	1.2317	0.9153	0.9586	0.9037	0.9252	0.8621	1.0569	0.8124	0.7855	0.2604	0.2653	1.2244	0.8044	0.6928	0.9650	0.7853	0.2687	0.7535	0.8281	0.7259	0.2624	0.2767	0.7469	1.0957	0.9970	0.7737	0.7855	1.0091	0.7289	0.8548	0.7367	0.7314	0.6986	0.2624	0.7174	0.9230	0.8314	0.8429	1.1064	0.8193	1.0617	0.7840	0.7848	0.8030	0.7966	0.9126	1.1209	0.7946	0.8782	0.8565	1.2310	0.8602	0.7756	0.8475	0.6969	1.0999	0.6813	0.7324	0.8212	0.8241	0.7002	0.7205	0.7380	0.7699	0.9966	0.7448	1.0723	1.1040	0.7706	0.2559	0.7874	0.8579	1.1306	0.6656	0.9941	0.7163	0.7770	1.0501	0.6702	0.7192	0.7636	0.2711	0.9690	0.2680	0.7921	0.8198	0.6955	0.9418	0.7366	1.1178	0.6893	0.7412	0.7167	0.6794	0.2711
5:59:16	30.2	0.2649	1.2431	0.9457	0.9929	0.9265	0.9490	0.8937	1.0792	0.8192	0.7889	0.2653	0.2655	1.2395	0.8329	0.7201	0.9973	0.8098	0.2687	0.7721	0.8400	0.7182	0.2636	0.2769	0.7607	1.1223	1.0455	0.7657	0.8148	1.0436	0.7745	0.8786	0.6981	0.7275	0.7033	0.2627	0.7331	0.9494	0.8547	0.8497	1.1288	0.8338	1.0827	0.7848	0.8007	0.8277	0.8156	0.9189	1.1429	0.8183	0.8676	0.9039	1.2505	0.9020	0.7916	0.8836	0.6902	1.1240	0.6749	0.7299	0.8116	0.8161	0.7086	0.7346	0.7442	0.7908	1.0213	0.7396	1.1094	1.1234	0.7975	0.2560	0.7878	0.8796	1.1479	0.6759	1.0083	0.7101	0.7771	1.0875	0.6473	0.7083	0.7920	0.2712	1.0084	0.2681	0.8026	0.8149	0.7321	0.9866	0.7469	1.1873	0.7146	0.7514	0.7456	0.7154	0.2711
6:09:16	30.2	0.2647	1.2603	0.9659	1.0247	0.9425	0.9759	0.9031	1.1116	0.8417	0.8194	0.2608	0.2654	1.2550	0.8599	0.7511	1.0215	0.8318	0.2688	0.8003	0.8579	0.7336	0.2637	0.2770	0.7620	1.1443	1.0827	0.7943	0.8232	1.0695	0.7915	0.9141	0.7154	0.7387	0.7063	0.2625	0.7412	0.9754	0.8577	0.8726	1.1479	0.8410	1.1060	0.8173	0.8256	0.8500	0.8299	0.9162	1.1744	0.8602	0.8757	0.9073	1.2638	0.9229	0.7971	0.9255	0.6943	1.1462	0.6715	0.7375	0.8396	0.8308	0.7407	0.7538	0.7601	0.7929	1.0339	0.7442	1.1337	1.1490	0.8161	0.2559	0.8079	0.8996	1.1645	0.6964	1.0360	0.7261	0.7860	1.1143	0.6585	0.7197	0.8042	0.2711	1.0394	0.2680	0.8329	0.8439	0.7335	1.0236	0.7529	1.2082	0.7197	0.7612	0.7578	0.7187	0.2712
6:19:16	30.2	0.2649	1.2747	1.0004	1.0587	0.9743	1.0040	0.9182	1.1384	0.8811	0.8514	0.2620	0.2655	1.2759	0.8880	0.7790	1.0511	0.8458	0.2687	0.8093	0.8765	0.7261	0.2643	0.2768	0.7651	1.1744	1.1174	0.8193	0.8514	1.0959	0.8212	0.9365	0.7413	0.7647	0.7185	0.2625	0.7436	0.9969	0.8937	0.8933	1.1701	0.8707	1.1304	0.8243	0.8607	0.8631	0.8408	0.9272	1.1920	0.8796	0.9170	0.9300	1.2843	0.9253	0.8141	0.9737	0.7002	1.1663	0.6683	0.7647	0.8598	0.8773	0.7705	0.7839	0.7904	0.7906	1.0522	0.7513	1.1564	1.1719	0.8389	0.2560	0.8393	0.9295	1.1908	0.7175	1.0669	0.7625	0.7857	1.1417	0.6749	0.7103	0.8374	0.2711	1.0526	0.2680	0.8544	0.8561	0.7551	1.0569	0.7770	1.2236	0.7278	0.7720	0.7644	0.7156	0.2712
6:29:16	30.2	0.2647	1.2902	1.0104	1.0806	0.9965	1.0187	0.9322	1.1497	0.9029	0.8577	0.2607	0.2654	1.2869	0.9105	0.8086	1.0701	0.8535	0.2685	0.8359	0.8842	0.7377	0.2647	0.2768	0.7825	1.1739	1.1413	0.8368	0.8220	1.1144	0.7975	0.9682	0.7383	0.7512	0.7153	0.2625	0.7474	1.0268	0.9220	0.9057	1.1836	0.8739	1.1450	0.8457	0.8688	0.8874	0.8689	0.9262	1.2115	0.9143	0.9401	0.9934	1.2957	0.9460	0.8239	0.9862	0.7091	1.1838	0.6810	0.7406	0.8649	0.8973	0.7876	0.8065	0.7881	0.7828	1.0693	0.7681	1.1747	1.1868	0.8561	0.2559	0.8500	0.9585	1.2041	0.7330	1.0608	0.7662	0.8319	1.1597	0.6964	0.7321	0.8617	0.2711	1.0829	0.2679	0.8773	0.9148	0.7732	1.0891	0.8081	1.2336	0.7544	0.7793	0.8023	0.7684	0.2710
6:39:16	30.2	0.2649	1.3057	1.0272	1.1081	0.9988	1.0228	0.9682	1.1735	0.9273	0.8851	0.2620	0.2655	1.3008	0.9237	0.8396	1.0990	0.8922	0.2688	0.8642	0.8959	0.7287	0.2643	0.2769	0.7788	1.2034	1.1690	0.8569	0.8599	1.1258	0.8036	0.9853	0.7475	0.7516	0.7231	0.2626	0.7495	1.0517	0.9480	0.9317	1.1980	0.8975	1.1734	0.8714	0.8950	0.8980	0.8795	0.9519	1.2283	0.9381	0.9574	1.0219	1.3114	0.9723	0.8349	1.0120	0.7214	1.2014	0.6843	0.7432	0.8954	0.9236	0.7905	0.8252	0.8013	0.8276	1.0837	0.7545	1.1949	1.1949	0.8705	0.2561	0.8754	0.9774	1.2193	0.7595	1.0897	0.7905	0.8821	1.1814	0.7078	0.7238	0.8565	0.2712	1.1052	0.2680	0.9041	0.9267	0.8009	1.1184	0.8095	1.2602	0.7595	0.7810	0.7995	0.7477	0.2711
6:49:16	30.2	0.2645	1.3184	1.0503	1.1295	1.0257	1.0573	0.9860	1.1865	0.9540	0.9001	0.2615	0.2654	1.3144	0.9446	0.8707	1.1208	0.9152	0.2686	0.8826	0.9183	0.7214	0.2643	0.2767	0.7802	1.2225	1.1884	0.8706	0.8763	1.1510	0.8132	1.0163	0.7509	0.7572	0.7164	0.2624	0.7474	1.0697	1.0850	0.9438	1.2143	0.9284	1.1883	0.8914	0.9225	0.9182	0.8980	0.9834	1.2409	0.9625	0.9818	1.0346	1.3240	0.9802	0.8856	1.0308	0.7277	1.2173	0.7011	0.8037	0.9159	1.0065	0.8138	0.8483	0.8284	0.8731	1.0930	0.7927	1.2099	1.2294	0.8908	0.2559	0.8862	1.0029	1.2331	0.7713	1.1121	0.8003	0.8975	1.1988	0.7373	0.7616	0.8817	0.2710	1.1257	0.2679	0.9300	0.9697	0.8230	1.1427	0.8231	1.2801	0.7944	0.7957	0.8179	0.7864	0.2709
6:59:16	30.2	0.2650	1.3280	1.0675	1.1519	1.0579	1.0717	0.9881	1.1992	0.9740	0.9100	0.2611	0.2655	1.3250	0.9595	0.8977	1.1271	0.9312	0.2686	0.9042	0.9191	0.7308	0.2646	0.2767	0.7910	1.2269	1.2051	0.8934	0.8677	1.1765	0.8651	1.0351	0.7508	0.7621	0.7240	0.2625	0.7700	1.0922	1.1115	0.9699	1.2286	0.9147	1.1951	0.8869	0.9353	0.9229	0.9200	0.9998	1.2521	0.9857	1.0137	0.9961	1.3299	1.0105	0.9004	1.0483	0.7278	1.2324	0.6976	0.8026	0.9105	1.0566	0.8270	0.8619	0.8503	0.8948	1.1115	0.7855	1.2242	1.2294	0.9095	0.2561	0.9067	1.0240	1.2414	0.7857	1.1172	0.8354	0.9279	1.2105	0.7618	0.7745	0.9092	0.2711	1.1417	0.2680	0.9610	1.0101	0.8447	1.1628	0.8398	1.3153	0.8132	0.8039	0.8500	0.7926	0.2711
7:09:16	30.2	0.2649	1.3479	1.0973	1.1635	1.0660	1.0906	1.0098	1.2107	1.0110	0.9415	0.2612	0.2653	1.3441	0.9968	0.9224	1.1557	0.9336	0.2687	0.9267	0.9494	0.7468	0.2652	0.2768	0.8059	1.2496	1.2241	0.8978	0.8946	1.1826	0.9179	1.0361	0.7574	0.7657	0.7464	0.2625	0.7737	1.1142	1.1260	1.0046	1.2406	0.9576	1.2043	0.8975	0.9681	0.9427	0.9381	1.0372	1.2675	1.0669	1.0687	1.0004	1.3499	1.0163	0.9274	1.0616	0.7520	1.2482	0.7366	0.8280	0.9210	1.0296	0.8564	0.9086	0.8640	0.9386	1.1174	0.8187	1.2386	1.2515	0.9536	0.2560	0.9117	1.0566	1.2541	0.8338	1.1435	0.8638	0.9693	1.2330	0.7814	0.8024	0.9333	0.2713	1.1644	0.2680	1.0023	1.0480	0.8922	1.1826	0.8662	1.3341	0.8403	0.8206	0.8648	0.8164	0.2710
7:19:16	30.2	0.2648	1.3549	1.1154	1.1888	1.0874	1.1059	1.0312	1.2459	1.0222	0.9556	0.2675	0.2654	1.3557	1.0304	0.9523	1.1790	0.9701	0.2687	0.9299	0.9714	0.7636	0.2655	0.2769	0.8138	1.2706	1.2462	0.9246	0.9306	1.1990	0.9474	1.0767	0.7750	0.7820	0.7543	0.2626	0.7841	1.1347	1.1351	1.0402	1.2623	1.0035	1.2339	0.9490	0.9815	0.9562	0.9528	1.0487	1.2830	1.0756	1.0707	1.0147	1.3595	1.0387	0.9545	1.1014	0.7961	1.2639	0.7683	0.8533	0.9391	1.0270	0.8800	0.9410	0.8950	0.9708	1.1235	0.8526	1.2545	1.2617	0.9789	0.2559	0.9111	1.0842	1.2674	0.8957	1.1541	0.8861	1.0113	1.2474	0.8329	0.8320	0.9638	0.2709	1.1747	0.2680	1.0189	1.0719	0.9034	1.2015	0.9040	1.3499	0.8468	0.8347	0.8924	0.8205	0.2712
7:29:16	30.2	0.2650	1.3692	1.1239	1.2137	1.1053	1.1300	1.0445	1.2395	1.0398	0.9783	0.2606	0.2655	1.3626	1.0459	0.9794	1.1848	0.9979	0.2689	0.9623	0.9935	0.7834	0.2650	0.2770	0.8349	1.2774	1.2593	0.9487	0.9498	1.2259	0.9611	1.1038	0.8012	0.7710	0.7687	0.2626	0.7860	1.1500	1.1478	1.0699	1.2704	1.0085	1.2395	0.9573	0.9891	0.9839	0.9736	1.0550	1.2896	1.0825	1.1064	1.0370	1.3617	1.0619	0.9810	1.1158	0.8016	1.2768	0.7581	0.8896	0.9860	1.0468	0.9107	0.9810	0.9124	0.9984	1.1346	0.8622	1.2697	1.2716	1.0001	0.2561	0.9416	1.1135	1.2766	0.9338	1.1563	0.9078	1.0460	1.2651	0.8279	0.8434	0.9855	0.2710	1.1864	0.2680	1.0225	1.1047	0.9115	1.2206	0.9259	1.3709	0.8583	0.8594	0.9227	0.8424	0.2711
7:39:16	30.2	0.2648	1.3809	1.1375	1.2302	1.1282	1.1526	1.0614	1.2543	1.0650	0.9745	0.2608	0.2654	1.3746	1.0794	1.0067	1.2008	1.0148	0.2687	0.9746	1.0154	0.8042	0.2658	0.2768	0.8495	1.2896	1.2751	0.9710	0.9546	1.2377	1.0087	1.1266	0.8309	0.7644	0.7842	0.2626	0.7888	1.1579	1.1632	1.0897	1.2832	1.0157	1.2518	0.9597	1.0078	1.0007	0.9897	1.0758	1.2988	1.0899	1.1145	1.0741	1.3740	1.0681	1.0109	1.1338	0.8101	1.2934	0.7706	0.9398	0.9892	1.0676	0.9293	1.0166	0.9295	1.0356	1.1489	0.8711	1.2846	1.2817	1.0128	0.2561	0.9527	1.1331	1.2877	0.9703	1.1645	0.9032	1.0848	1.2786	0.8532	0.8485	1.0013	0.2710	1.2019	0.2681	1.0615	1.1309	0.9305	1.2383	0.9431	1.3955	0.8850	0.8727	0.9520	0.8869	0.2709
7:49:16	30.2	0.2648	1.3864	1.1524	1.2405	1.1285	1.1577	1.1003	1.2730	1.0763	0.9900	0.2614	0.2654	1.3858	1.0748	1.0349	1.2119	1.0314	0.2687	0.9972	1.0442	0.8481	0.2658	0.2770	0.8837	1.3047	1.2882	0.9937	0.9857	1.2494	1.0382	1.1298	0.8364	0.7843	0.7929	0.2625	0.8022	1.1740	1.1727	1.0850	1.2959	1.0453	1.2661	0.9795	1.0214	1.0307	0.9967	1.0986	1.3146	1.0905	1.1170	1.1078	1.3897	1.0906	1.0426	1.1504	0.8613	1.3044	0.7728	0.9616	1.0143	1.0834	0.9998	0.9821	0.9500	1.0645	1.1555	0.9036	1.2961	1.2926	1.0644	0.2560	0.9928	1.1617	1.2990	0.9510	1.1849	0.9349	1.1105	1.2871	0.8842	0.9086	1.0243	0.2709	1.2199	0.2679	1.0884	1.1576	0.9600	1.2527	0.9641	1.4018	0.9324	0.9035	0.9863	0.9212	0.2709
7:59:16	30.2	0.2649	1.3918	1.1619	1.2552	1.1473	1.1725	1.1160	1.2843	1.1015	1.0207	0.2606	0.2655	1.3963	1.0955	1.0585	1.2142	1.0446	0.2689	1.0338	1.0655	0.8749	0.2653	0.2769	0.8993	1.3222	1.2988	1.0034	1.0075	1.2657	1.0745	1.1543	0.8651	0.7992	0.8051	0.2627	0.8299	1.1917	1.1849	1.1023	1.3096	1.0614	1.2777	1.0193	1.0339	1.0531	1.0118	1.1150	1.3276	1.0828	1.1298	1.1277	1.3995	1.1046	1.0760	1.1770	0.8717	1.3157	0.7949	1.0012	1.0430	1.1051	0.9961	1.0075	0.9821	1.0886	1.1647	0.9339	1.3056	1.3071	1.1173	0.2561	1.0222	1.1778	1.3178	0.9728	1.1978	0.9485	1.1305	1.2925	0.9070	0.9190	1.0378	0.2710	1.2366	0.2681	1.0967	1.1813	0.9892	1.2666	0.9804	1.4065	0.9664	0.9163	1.0017	0.9596	0.2711
8:09:16	30.2	0.2649	1.4042	1.1736	1.2656	1.1716	1.1853	1.1387	1.2889	1.1245	1.0491	0.2689	0.2655	1.4058	1.0985	1.0799	1.2256	1.0649	0.2689	1.0528	1.0867	0.9092	0.2661	0.2770	0.9253	1.3296	1.3107	1.0234	1.0326	1.2838	1.0966	1.1737	0.8997	0.7997	0.8305	0.2628	0.8679	1.2005	1.1960	1.1175	1.3160	1.0744	1.2862	1.0366	1.0649	1.0775	1.0314	1.1248	1.3408	1.0890	1.1428	1.1441	1.4058	1.1290	1.1062	1.1836	0.8946	1.3253	0.8288	1.0312	1.0651	1.1207	1.0127	1.0299	0.9970	1.1103	1.1746	0.9561	1.3166	1.3092	1.1517	0.2561	1.0468	1.1753	1.3198	0.9930	1.2008	0.9906	1.1590	1.3091	0.9435	0.9490	1.0465	0.2713	1.2463	0.2681	1.1116	1.2014	1.0083	1.2791	0.9938	1.4075	0.9852	0.9374	1.0341	0.9872	0.2710
8:19:16	30.2	0.2647	1.4151	1.1842	1.2783	1.1722	1.1929	1.1504	1.3053	1.1400	1.0848	0.2627	0.2654	1.4156	1.1156	1.1021	1.2378	1.0885	0.2690	1.0625	1.1137	0.9483	0.2660	0.2768	0.9469	1.3440	1.3205	1.0427	1.0508	1.2992	1.1219	1.1869	0.9497	0.8048	0.8730	0.2627	0.9109	1.2110	1.1973	1.1301	1.3273	1.0958	1.2958	1.0611	1.0763	1.1100	1.0466	1.1304	1.3441	1.0824	1.1565	1.1693	1.4187	1.1570	1.1304	1.2102	0.9207	1.3363	0.8579	1.0597	1.0878	1.1424	1.0390	1.0464	1.0273	1.1342	1.1836	0.9902	1.3261	1.3173	1.1154	0.2561	1.0724	1.1972	1.3362	1.0146	1.2141	1.0211	1.1766	1.3195	0.9698	0.9862	1.0735	0.2709	1.2596	0.2681	1.1263	1.2256	1.0351	1.2926	1.0133	1.4114	1.0212	0.9669	1.0570	1.0210	0.2709
8:29:16	30.2	0.2648	1.4236	1.2038	1.2897	1.1796	1.2069	1.1480	1.3051	1.1680	1.1242	0.2627	0.2656	1.4201	1.1346	1.1182	1.2356	1.1006	0.2690	1.0917	1.1360	0.9725	0.2657	0.2769	0.9883	1.3508	1.3279	1.0620	1.0644	1.2933	1.1540	1.1872	0.9710	0.8086	0.9129	0.2626	0.9542	1.2161	1.2230	1.1419	1.3341	1.1051	1.3051	1.0804	1.1034	1.1310	1.0665	1.1433	1.3516	1.0971	1.1742	1.1876	1.4239	1.1585	1.1655	1.2205	0.9700	1.3418	0.8923	1.0888	1.1190	1.1616	1.0609	1.0836	1.0520	1.1661	1.2050	1.0261	1.3364	1.3262	1.1222	0.2562	1.1029	1.2076	1.3450	1.0425	1.2264	1.0412	1.2325	1.3281	1.0159	1.0207	1.1074	0.2712	1.2660	0.2682	1.1410	1.2516	1.0693	1.3031	1.0370	1.4177	1.0540	0.9947	1.0835	1.0403	0.2711
8:39:16	30.2	0.2650	1.4341	1.2130	1.3038	1.1937	1.2189	1.1811	1.3177	1.1805	1.1271	0.2634	0.2656	1.4290	1.1446	1.1399	1.2604	1.1241	0.2688	1.1055	1.1503	1.0136	0.2658	0.2770	1.0056	1.3601	1.3385	1.0881	1.0736	1.3213	1.1649	1.2235	1.0081	0.8057	0.9407	0.2627	0.9741	1.2294	1.2278	1.1629	1.3473	1.1240	1.3113	1.1029	1.1130	1.1543	1.0870	1.1526	1.3632	1.0878	1.1892	1.1928	1.4338	1.1795	1.1805	1.2385	0.9939	1.3522	0.9319	1.1102	1.1344	1.1788	1.0864	1.0934	1.0812	1.1811	1.2140	1.0501	1.3457	1.3485	1.1369	0.2563	1.1281	1.2201	1.3544	1.0675	1.2306	1.0748	1.2210	1.3357	1.0518	1.0516	1.1176	0.2712	1.2766	0.2682	1.1710	1.2715	1.0962	1.3134	1.0551	1.4159	1.0781	1.0166	1.1078	1.0681	0.2710
8:49:16	30.2	0.2649	1.4399	1.2399	1.3142	1.2180	1.2303	1.1928	1.3204	1.1935	1.1380	0.2606	0.2655	1.4331	1.1677	1.1577	1.2603	1.1488	0.2691	1.1237	1.1709	1.0418	0.2656	0.2770	1.0378	1.3638	1.3488	1.1109	1.0937	1.3302	1.1946	1.2364	1.0368	0.8339	0.9773	0.2627	1.0080	1.2381	1.2312	1.1777	1.3547	1.1433	1.3229	1.1311	1.1312	1.1654	1.1002	1.1552	1.3687	1.1011	1.2059	1.2050	1.4449	1.1908	1.2052	1.2492	1.0214	1.3578	0.9717	1.1273	1.1490	1.1891	1.1108	1.1136	1.1040	1.2074	1.2238	1.0871	1.3541	1.3543	1.1523	0.2562	1.1415	1.2364	1.3668	1.0991	1.2369	1.0902	1.2437	1.3454	1.0793	1.0766	1.1386	0.2710	1.2798	0.2681	1.1759	1.2790	1.1216	1.3239	1.0744	1.4154	1.1083	1.0311	1.1329	1.0876	0.2710
8:59:16	30.2	0.2650	1.4482	1.2588	1.3245	1.2249	1.2477	1.2193	1.3322	1.2148	1.1665	0.2616	0.2655	1.4384	1.1846	1.1734	1.2784	1.1759	0.2688	1.1390	1.1804	1.0631	0.2660	0.2769	1.0744	1.3785	1.3574	1.1362	1.1360	1.3414	1.2118	1.2525	1.0764	0.8415	1.0173	0.2626	1.0398	1.2528	1.2405	1.1928	1.3617	1.1723	1.3329	1.1526	1.1436	1.1770	1.1079	1.1660	1.3792	1.1111	1.2268	1.2321	1.4581	1.2148	1.2164	1.2663	1.0616	1.3687	1.0068	1.1469	1.1688	1.2057	1.1214	1.1387	1.1292	1.2204	1.2334	1.1059	1.3625	1.3625	1.1706	0.2561	1.1576	1.2509	1.3750	1.1232	1.2516	1.1243	1.2578	1.3548	1.0987	1.1007	1.1592	0.2710	1.3014	0.2681	1.2052	1.3040	1.1490	1.3351	1.0962	1.4198	1.1198	1.0608	1.1480	1.1053	0.2710
9:09:16	30.2	0.2650	1.4618	1.2683	1.3326	1.2502	1.2631	1.2281	1.3305	1.2273	1.1780	0.2613	0.2656	1.4438	1.2006	1.1869	1.2869	1.2014	0.2688	1.1601	1.1920	1.0854	0.2662	0.2770	1.1025	1.3890	1.3668	1.1640	1.1599	1.3577	1.2305	1.2709	1.1025	0.8611	1.0531	0.2626	1.0534	1.2702	1.2429	1.2084	1.3711	1.1991	1.3399	1.1725	1.1645	1.1907	1.1230	1.1737	1.3876	1.1253	1.2372	1.2423	1.4645	1.2295	1.2352	1.2749	1.0876	1.3765	1.0422	1.1655	1.1811	1.2270	1.1440	1.1622	1.1479	1.2368	1.2450	1.1329	1.3715	1.3580	1.1851	0.2562	1.1733	1.2631	1.3847	1.1463	1.2610	1.1436	1.2768	1.3649	1.1258	1.1225	1.1609	0.2711	1.3094	0.2682	1.2171	1.3169	1.1639	1.3458	1.1108	1.4197	1.1416	1.0762	1.1636	1.1211	0.2709
9:19:16	30.2	0.2650	1.4672	1.2731	1.3430	1.2543	1.2716	1.2425	1.3471	1.2409	1.1975	0.2616	0.2656	1.4551	1.2222	1.2071	1.2781	1.2109	0.2689	1.1805	1.2077	1.1048	0.2656	0.2771	1.1248	1.4008	1.3744	1.1842	1.1830	1.3679	1.2476	1.2864	1.1262	0.8810	1.0773	0.2627	1.0684	1.2787	1.2433	1.2299	1.3761	1.2146	1.3480	1.1910	1.1758	1.2104	1.1420	1.2151	1.4025	1.1230	1.2470	1.2595	1.4699	1.2486	1.2447	1.2900	1.1043	1.3820	1.0653	1.1858	1.1969	1.2310	1.1641	1.1735	1.1655	1.2474	1.2606	1.1457	1.3799	1.3735	1.2050	0.2562	1.1892	1.2697	1.3965	1.1656	1.2688	1.1601	1.2828	1.3719	1.1451	1.1439	1.1843	0.2709	1.3121	0.2681	1.2391	1.3222	1.1765	1.3525	1.1341	1.4228	1.1632	1.0992	1.1816	1.1417	0.2708
9:29:16	30.2	0.2648	1.4701	1.2707	1.3490	1.2701	1.2793	1.2444	1.3451	1.2535	1.2076	0.2645	0.2653	1.4562	1.2283	1.2231	1.2927	1.2257	0.2688	1.1884	1.2183	1.1189	0.2658	0.2769	1.1518	1.4070	1.3839	1.1895	1.1914	1.3765	1.2573	1.2997	1.1486	0.8934	1.1033	0.2624	1.0898	1.2972	1.2507	1.2316	1.3883	1.2176	1.3620	1.2086	1.1942	1.2302	1.1502	1.1919	1.4051	1.1326	1.2607	1.2716	1.4783	1.2519	1.2612	1.3043	1.1222	1.3902	1.0811	1.1992	1.2080	1.2414	1.1863	1.1907	1.1812	1.2556	1.2598	1.1693	1.3863	1.3750	1.2262	0.2561	1.2040	1.2883	1.4033	1.1846	1.2772	1.1697	1.2986	1.3811	1.1654	1.1619	1.2065	0.2709	1.3165	0.2682	1.2552	1.3373	1.1932	1.3643	1.1456	1.4259	1.1804	1.1190	1.1931	1.1509	0.2708
9:39:16	30.2	0.2648	1.4713	1.3002	1.3563	1.2896	1.2915	1.2548	1.3546	1.2726	1.2121	0.2627	0.2654	1.4642	1.2432	1.2350	1.2961	1.2402	0.2689	1.2132	1.2175	1.1341	0.2656	0.2768	1.1710	1.4202	1.3897	1.2126	1.2082	1.3855	1.2687	1.3082	1.1642	0.9158	1.1142	0.2627	1.0975	1.3036	1.2551	1.2483	1.3948	1.2384	1.3691	1.2128	1.2095	1.2384	1.1568	1.2030	1.4190	1.1306	1.2705	1.2768	1.4794	1.2638	1.2716	1.3143	1.1426	1.3955	1.1024	1.2157	1.2206	1.2602	1.1976	1.2085	1.1910	1.2701	1.2775	1.1849	1.3915	1.3816	1.2387	0.2562	1.2180	1.3044	1.4128	1.1990	1.2836	1.1903	1.3089	1.3883	1.1797	1.1777	1.2222	0.2709	1.3276	0.2680	1.2790	1.3439	1.2107	1.3704	1.1672	1.4322	1.1962	1.1355	1.2134	1.1746	0.2709
9:49:16	30.2	0.2649	1.4714	1.3031	1.3652	1.2798	1.2993	1.2639	1.3627	1.2831	1.2242	0.2614	0.2655	1.4732	1.2666	1.2483	1.2930	1.2432	0.2689	1.2324	1.2373	1.1596	0.2660	0.2771	1.1899	1.4277	1.3959	1.2279	1.2217	1.4077	1.2898	1.3260	1.1831	0.9313	1.1333	0.2627	1.1425	1.3143	1.2630	1.2710	1.4050	1.2539	1.3767	1.2301	1.2231	1.2522	1.1655	1.2152	1.4305	1.1390	1.2896	1.3002	1.4882	1.2748	1.2909	1.3258	1.1613	1.4016	1.1233	1.2317	1.2343	1.2705	1.2172	1.2109	1.2090	1.2877	1.2936	1.2005	1.3987	1.3951	1.2492	0.2561	1.2258	1.3113	1.4224	1.2181	1.2930	1.2067	1.3198	1.3951	1.2004	1.1912	1.2448	0.2710	1.3340	0.2684	1.2875	1.3563	1.2366	1.3762	1.1831	1.4325	1.2132	1.1598	1.2233	1.1851	0.2710
9:59:16	30.2	0.2649	1.4817	1.3171	1.3721	1.2997	1.3092	1.2844	1.3687	1.2958	1.2378	0.2627	0.2655	1.4744	1.2798	1.2611	1.2973	1.2626	0.2689	1.2455	1.2507	1.1750	0.2657	0.2768	1.2026	1.4377	1.4018	1.2422	1.2483	1.4128	1.2988	1.3363	1.2017	0.9582	1.1491	0.2629	1.1548	1.3271	1.2694	1.2745	1.4124	1.2665	1.3808	1.2384	1.2373	1.2669	1.1789	1.2293	1.4342	1.1376	1.2972	1.3254	1.4940	1.2862	1.3062	1.3328	1.1720	1.4070	1.1353	1.2428	1.2427	1.2804	1.2302	1.2260	1.2272	1.2977	1.2996	1.2135	1.4050	1.3917	1.2669	0.2562	1.2335	1.3244	1.4322	1.2262	1.3032	1.2248	1.3445	1.4024	1.2188	1.2080	1.2536	0.2710	1.3372	0.2684	1.2882	1.3657	1.2499	1.3840	1.2067	1.4337	1.2300	1.1807	1.2390	1.2088	0.2710
10:09:16	30.2	0.2648	1.4839	1.3223	1.3804	1.3028	1.3206	1.2870	1.3791	1.3112	1.2503	0.2614	0.2655	1.4826	1.2838	1.2721	1.3021	1.2676	0.2689	1.2639	1.2552	1.1944	0.2660	0.2770	1.2345	1.4468	1.4093	1.2501	1.2636	1.4229	1.3051	1.3526	1.2091	0.9758	1.1644	0.2627	1.1569	1.3307	1.2728	1.2804	1.4196	1.2679	1.3907	1.2472	1.2576	1.2689	1.1848	1.2447	1.4486	1.1450	1.2989	1.3225	1.5030	1.2843	1.3121	1.3464	1.1926	1.4142	1.1615	1.2582	1.2526	1.2947	1.2426	1.2331	1.2354	1.3085	1.3182	1.2187	1.4116	1.4067	1.2730	0.2562	1.2519	1.3288	1.4335	1.2365	1.3111	1.2339	1.3493	1.4084	1.2322	1.2237	1.2644	0.2710	1.3403	0.2685	1.3026	1.3750	1.2530	1.3889	1.2186	1.4368	1.2468	1.2030	1.2516	1.2177	0.2710
10:19:16	30.2	0.2647	1.4898	1.3226	1.3887	1.3155	1.3276	1.2914	1.3930	1.3276	1.2523	0.2619	0.2654	1.4902	1.2851	1.2829	1.3030	1.2778	0.2690	1.2772	1.2561	1.2071	0.2662	0.2770	1.2341	1.4541	1.4151	1.2562	1.2573	1.4345	1.3113	1.3659	1.2237	0.9988	1.1851	0.2626	1.1691	1.3444	1.2662	1.2945	1.4305	1.2860	1.4012	1.2622	1.2734	1.2758	1.1899	1.2534	1.4560	1.1452	1.3093	1.3246	1.5083	1.2935	1.3207	1.3631	1.2047	1.4214	1.1750	1.2712	1.2671	1.3041	1.2589	1.2456	1.2462	1.3150	1.3303	1.2397	1.4176	1.4015	1.2757	0.2563	1.2636	1.3402	1.4424	1.2608	1.3151	1.2394	1.3564	1.4144	1.2422	1.2351	1.2760	0.2709	1.3461	0.2685	1.3209	1.3983	1.2672	1.3943	1.2416	1.4402	1.2582	1.2250	1.2683	1.2305	0.2710
10:29:16	30.2	0.2649	1.4953	1.3379	1.3942	1.3150	1.3279	1.3008	1.3951	1.3361	1.2588	0.2623	0.2655	1.4927	1.3001	1.2951	1.3074	1.2909	0.2689	1.2944	1.2735	1.2222	0.2661	0.2769	1.2477	1.4617	1.4222	1.2716	1.2747	1.4425	1.3292	1.3829	1.2421	1.0153	1.1913	0.2627	1.1792	1.3480	1.2865	1.2978	1.4356	1.2888	1.4020	1.2722	1.2824	1.2904	1.2029	1.2500	1.4707	1.1562	1.3278	1.3470	1.5170	1.3076	1.3353	1.3670	1.2205	1.4269	1.1887	1.2778	1.2723	1.3079	1.2752	1.2676	1.2641	1.3286	1.3351	1.2544	1.4246	1.4138	1.2923	0.2563	1.2732	1.3509	1.4554	1.2652	1.3243	1.2506	1.3687	1.4229	1.2518	1.2494	1.2981	0.2710	1.3505	0.2685	1.3314	1.4043	1.2880	1.4030	1.2552	1.4385	1.2773	1.2413	1.2796	1.2440	0.2710
10:39:16	30.2	0.2651	1.4978	1.3422	1.4022	1.3304	1.3428	1.3015	1.4027	1.3493	1.2747	0.2657	0.2655	1.5008	1.3081	1.3055	1.3132	1.2926	0.2688	1.3071	1.2727	1.2289	0.2660	0.2770	1.2557	1.4693	1.4285	1.2774	1.2869	1.4538	1.3431	1.3893	1.2535	1.0352	1.2214	0.2628	1.1983	1.3608	1.2844	1.3155	1.4436	1.2996	1.4163	1.2752	1.2981	1.2948	1.2078	1.2639	1.4753	1.1707	1.3265	1.3666	1.5264	1.3171	1.3461	1.3834	1.2323	1.4327	1.2065	1.2941	1.2780	1.3282	1.2830	1.2713	1.2745	1.3375	1.3479	1.2679	1.4311	1.4110	1.3029	0.2562	1.2808	1.3592	1.4626	1.2814	1.3331	1.2701	1.3767	1.4276	1.2703	1.2592	1.3101	0.2709	1.3565	0.2684	1.3470	1.4092	1.2941	1.4087	1.2720	1.4411	1.2878	1.2642	1.2936	1.2562	0.2710
10:49:16	30.2	0.2647	1.4979	1.3500	1.4072	1.3270	1.3427	1.3178	1.4106	1.3588	1.2788	0.2610	0.2654	1.5044	1.3188	1.3141	1.3152	1.3002	0.2689	1.3211	1.2906	1.2414	0.2658	0.2769	1.2702	1.4773	1.4338	1.2952	1.2952	1.4649	1.3515	1.4065	1.2610	1.0591	1.2283	0.2628	1.2145	1.3692	1.2778	1.3142	1.4483	1.3081	1.4172	1.2928	1.3102	1.3023	1.2212	1.2574	1.4869	1.1690	1.3406	1.3623	1.5317	1.3248	1.3562	1.3939	1.2464	1.4393	1.2225	1.3048	1.2919	1.3355	1.2897	1.2757	1.2865	1.3469	1.3626	1.2805	1.4373	1.4119	1.3106	0.2562	1.2937	1.3637	1.4719	1.2894	1.3403	1.2857	1.3849	1.4367	1.2771	1.2700	1.3205	0.2709	1.3617	0.2683	1.3499	1.4157	1.3023	1.4139	1.2859	1.4432	1.2989	1.2821	1.3014	1.2621	0.2709
10:59:16	30.2	0.2648	1.5009	1.3607	1.4169	1.3304	1.3564	1.3280	1.4223	1.3659	1.2918	0.2616	0.2653	1.5121	1.3275	1.3227	1.3206	1.3120	0.2690	1.3365	1.2915	1.2483	0.2659	0.2769	1.2855	1.4819	1.4407	1.3079	1.3059	1.4721	1.3569	1.4125	1.2770	1.0830	1.2310	0.2627	1.2319	1.3789	1.2888	1.3236	1.4575	1.3110	1.4306	1.2963	1.3289	1.3144	1.2239	1.2618	1.4965	1.1723	1.3450	1.3741	1.5396	1.3394	1.3680	1.4019	1.2534	1.4445	1.2353	1.3129	1.3018	1.3500	1.3075	1.2904	1.2954	1.3534	1.3656	1.2916	1.4422	1.4247	1.3159	0.2562	1.3057	1.3735	1.4789	1.2974	1.3405	1.2948	1.3962	1.4419	1.2906	1.2795	1.3333	0.2711	1.3688	0.2684	1.3606	1.4382	1.3131	1.4206	1.3032	1.4444	1.3171	1.3009	1.3105	1.2792	0.2710
11:09:16	30.2	0.2649	1.5009	1.3585	1.4245	1.3473	1.3633	1.3402	1.4330	1.3693	1.2976	0.2717	0.2655	1.5159	1.3380	1.3330	1.3242	1.3077	0.2689	1.3491	1.2990	1.2575	0.2661	0.2769	1.2900	1.4905	1.4455	1.2957	1.3191	1.4823	1.3617	1.4246	1.2854	1.0991	1.2427	0.2628	1.2354	1.3854	1.2868	1.3354	1.4635	1.3209	1.4382	1.3086	1.3383	1.3125	1.2355	1.2741	1.4972	1.1722	1.3605	1.3854	1.5449	1.3409	1.3745	1.4183	1.2644	1.4506	1.2417	1.3211	1.3095	1.3539	1.3235	1.3023	1.3061	1.3651	1.3809	1.3008	1.4487	1.4255	1.3246	0.2562	1.3126	1.3859	1.4855	1.3128	1.3513	1.3045	1.4054	1.4483	1.3017	1.2973	1.3494	0.2709	1.3797	0.2684	1.3655	1.4488	1.3265	1.4282	1.3214	1.4472	1.3200	1.3182	1.3271	1.2894	0.2709
11:19:16	30.2	0.2648	1.4989	1.3667	1.4284	1.3481	1.3633	1.3402	1.4330	1.3784	1.3084	0.2652	0.2653	1.5198	1.3458	1.3416	1.3311	1.3216	0.2689	1.3614	1.3045	1.2758	0.2659	0.2768	1.3051	1.4972	1.4513	1.3234	1.3281	1.4892	1.3753	1.4397	1.2986	1.1131	1.2580	0.2630	1.2489	1.3927	1.2982	1.3420	1.4672	1.3242	1.4390	1.3236	1.3506	1.3216	1.2449	1.2712	1.5084	1.1628	1.3631	1.3860	1.5505	1.3551	1.3831	1.4203	1.2828	1.4547	1.2529	1.3327	1.3162	1.3656	1.3339	1.3210	1.3212	1.3731	1.3856	1.3100	1.4544	1.4338	1.3385	0.2561	1.3227	1.3884	1.4907	1.3274	1.3580	1.3183	1.4125	1.4535	1.3130	1.3036	1.3564	0.2709	1.3798	0.2685	1.3821	1.4544	1.3341	1.4340	1.3411	1.4552	1.3344	1.3364	1.3320	1.3021	0.2709
11:29:16	30.2	0.2649	1.4946	1.3651	1.4368	1.3624	1.3693	1.3429	1.4467	1.3877	1.3142	0.2631	0.2655	1.5243	1.3486	1.3518	1.3314	1.3333	0.2689	1.3741	1.3179	1.2879	0.2662	0.2768	1.3144	1.5042	1.4564	1.3246	1.3368	1.4980	1.3841	1.4475	1.3031	1.1298	1.2657	0.2629	1.2570	1.3977	1.2911	1.3522	1.4773	1.3435	1.4473	1.3237	1.3641	1.3241	1.2522	1.2808	1.5080	1.1695	1.3649	1.4022	1.5572	1.3608	1.3909	1.4296	1.2891	1.4569	1.2692	1.3380	1.3267	1.3729	1.3424	1.3280	1.3301	1.3837	1.3933	1.3212	1.4603	1.4452	1.3479	0.2563	1.3296	1.3977	1.4997	1.3392	1.3629	1.3291	1.4164	1.4617	1.3243	1.3163	1.3621	0.2709	1.3887	0.2684	1.3918	1.4509	1.3479	1.4405	1.3482	1.4553	1.3404	1.3490	1.3496	1.3162	0.2710
11:39:16	30.1	0.2649	1.4868	1.3904	1.4431	1.3784	1.3782	1.3500	1.4489	1.3892	1.3183	0.2667	0.2654	1.5288	1.3577	1.3603	1.3446	1.3404	0.2689	1.3789	1.3252	1.2917	0.2657	0.2769	1.3193	1.5039	1.4629	1.3378	1.3360	1.5028	1.3898	1.4528	1.3125	1.1459	1.2779	0.2628	1.2751	1.4013	1.3138	1.3617	1.4842	1.3454	1.4537	1.3348	1.3733	1.3326	1.2630	1.2999	1.5155	1.1689	1.3795	1.4074	1.5577	1.3756	1.3991	1.4340	1.3004	1.4663	1.2771	1.3472	1.3328	1.3812	1.3577	1.3365	1.3318	1.3960	1.4002	1.3340	1.4681	1.4358	1.3511	0.2563	1.3400	1.4019	1.5054	1.3443	1.3707	1.3422	1.4321	1.4693	1.3393	1.3327	1.3662	0.2709	1.3984	0.2685	1.4001	1.4691	1.3574	1.4508	1.3611	1.4564	1.3605	1.3623	1.3627	1.3195	0.2710
11:49:16	30.2	0.2649	1.4880	1.3969	1.4493	1.3781	1.3778	1.3519	1.4524	1.3913	1.3275	0.2643	0.2654	1.5334	1.3653	1.3708	1.3523	1.3490	0.2689	1.3877	1.3298	1.2951	0.2654	0.2769	1.3301	1.5073	1.4676	1.3467	1.3510	1.5095	1.3894	1.4602	1.3233	1.1597	1.2910	0.2630	1.2895	1.4045	1.3158	1.3654	1.4884	1.3503	1.4630	1.3428	1.3814	1.3482	1.2727	1.2987	1.5230	1.1879	1.3833	1.4138	1.5611	1.3822	1.4109	1.4385	1.3070	1.4711	1.2808	1.3556	1.3339	1.3882	1.3691	1.3412	1.3478	1.4046	1.4084	1.3391	1.4764	1.4463	1.3589	0.2563	1.3411	1.4059	1.5138	1.3531	1.3776	1.3491	1.4313	1.4765	1.3490	1.3274	1.3652	0.2709	1.4093	0.2686	1.4061	1.4747	1.3716	1.4587	1.3681	1.4617	1.3671	1.3728	1.3618	1.3329	0.2711
11:59:16	30.2	0.2649	1.4882	1.4076	1.4497	1.3850	1.3826	1.3656	1.4661	1.3988	1.3380	0.2729	0.2654	1.5420	1.3658	1.3800	1.3671	1.3560	0.2689	1.4017	1.3355	1.3064	0.2656	0.2770	1.3416	1.5169	1.4719	1.3522	1.3538	1.5080	1.3984	1.4564	1.3290	1.1679	1.3041	0.2632	1.2911	1.4081	1.3130	1.3735	1.4972	1.3466	1.4656	1.3534	1.3919	1.3502	1.2810	1.3215	1.5361	1.1864	1.3900	1.4258	1.5710	1.3842	1.4123	1.4444	1.3148	1.4699	1.3015	1.3635	1.3508	1.3961	1.3767	1.3553	1.3487	1.4142	1.4193	1.3502	1.4804	1.4412	1.3731	0.2564	1.3535	1.4124	1.5171	1.3628	1.3808	1.3556	1.4436	1.4787	1.3595	1.3400	1.3730	0.2709	1.4176	0.2685	1.4235	1.4823	1.3847	1.4626	1.3826	1.4661	1.3791	1.3856	1.3744	1.3431	0.2712
12:09:16	30.2	0.2649	1.4862	1.4213	1.4624	1.3907	1.3943	1.3691	1.4786	1.4014	1.3404	0.2733	0.2656	1.5422	1.3770	1.3864	1.3627	1.3613	0.2690	1.4073	1.3438	1.3131	0.2656	0.2771	1.3581	1.5176	1.4759	1.3571	1.3633	1.5110	1.4092	1.4601	1.3419	1.1836	1.3048	0.2629	1.3007	1.4195	1.3285	1.3693	1.5005	1.3706	1.4725	1.3594	1.3987	1.3612	1.2877	1.3392	1.5375	1.1807	1.3961	1.4294	1.5724	1.3979	1.4259	1.4493	1.3238	1.4738	1.3091	1.3711	1.3532	1.4075	1.3846	1.3647	1.3623	1.4186	1.4214	1.3602	1.4857	1.4414	1.3773	0.2563	1.3611	1.4253	1.5237	1.3767	1.3850	1.3678	1.4462	1.4842	1.3683	1.3532	1.3770	0.2709	1.4196	0.2686	1.4270	1.4938	1.3924	1.4685	1.3933	1.4656	1.4019	1.3961	1.3927	1.3479	0.2712
12:19:16	30.2	0.2651	1.4882	1.4181	1.4657	1.3963	1.4005	1.3833	1.4836	1.4144	1.3512	0.2611	0.2655	1.5466	1.3968	1.3964	1.3717	1.3745	0.2689	1.4131	1.3608	1.3242	0.2656	0.2769	1.3571	1.5222	1.4807	1.3796	1.3768	1.5250	1.4229	1.4756	1.3527	1.1964	1.3140	0.2630	1.3007	1.4214	1.3286	1.3822	1.5075	1.3795	1.4798	1.3599	1.4052	1.3633	1.2952	1.3471	1.5432	1.1878	1.4041	1.4365	1.5656	1.4120	1.4316	1.4526	1.3368	1.4802	1.3152	1.3835	1.3580	1.4128	1.3996	1.3708	1.3701	1.4401	1.4287	1.3732	1.4931	1.4609	1.3868	0.2563	1.3717	1.4363	1.5301	1.3879	1.3935	1.3763	1.4490	1.4907	1.3748	1.3753	1.3846	0.2709	1.4252	0.2685	1.4341	1.5007	1.4027	1.4739	1.4034	1.4702	1.4073	1.4034	1.4026	1.3595	0.2711
12:29:16	30.2	0.2650	1.4863	1.4327	1.4702	1.4020	1.4152	1.3912	1.4895	1.4157	1.3670	0.2635	0.2656	1.5506	1.4084	1.4040	1.3742	1.3840	0.2688	1.4231	1.3707	1.3354	0.2658	0.2770	1.3710	1.5300	1.4855	1.3944	1.3823	1.5249	1.4333	1.4826	1.3665	1.2081	1.3303	0.2629	1.3192	1.4330	1.3237	1.3889	1.5122	1.4017	1.4828	1.3899	1.4130	1.3831	1.3030	1.3554	1.5534	1.1900	1.4216	1.4429	1.5767	1.4230	1.4478	1.4565	1.3543	1.4818	1.3363	1.3975	1.3658	1.4284	1.4028	1.3702	1.3925	1.4446	1.4347	1.3794	1.4955	1.4651	1.3923	0.2564	1.3894	1.4377	1.5369	1.3888	1.3999	1.3922	1.4580	1.4936	1.3850	1.3877	1.3854	0.2708	1.4358	0.2687	1.4334	1.5028	1.4125	1.4789	1.4147	1.4669	1.4106	1.4143	1.4182	1.3850	0.2712
12:39:16	30.2	0.2649	1.4848	1.4431	1.4727	1.4204	1.4234	1.4083	1.4981	1.4190	1.3832	0.2633	0.2654	1.5549	1.4239	1.4120	1.3738	1.4033	0.2690	1.4308	1.3775	1.3593	0.2658	0.2770	1.3765	1.5353	1.4891	1.3968	1.3945	1.5234	1.4335	1.4848	1.3864	1.2282	1.3431	0.2628	1.3354	1.4372	1.3388	1.4106	1.5136	1.4070	1.4852	1.4026	1.4185	1.3968	1.3123	1.3649	1.5521	1.1999	1.4267	1.4511	1.5777	1.4293	1.4480	1.4609	1.3683	1.4844	1.3432	1.4032	1.3858	1.4313	1.4123	1.3918	1.3934	1.4532	1.4421	1.3887	1.4997	1.4630	1.4039	0.2563	1.4025	1.4401	1.5392	1.4032	1.4005	1.3944	1.4596	1.4975	1.3983	1.3840	1.3951	0.2709	1.4283	0.2687	1.4507	1.4987	1.4063	1.4830	1.4256	1.4686	1.4153	1.4239	1.4151	1.3941	0.2711
12:49:16	30.2	0.2649	1.4857	1.4431	1.4783	1.4293	1.4326	1.4134	1.5014	1.4155	1.3988	0.2621	0.2655	1.5591	1.4217	1.4184	1.3768	1.4055	0.2689	1.4362	1.3905	1.3568	0.2657	0.2770	1.3883	1.5400	1.4924	1.4075	1.4105	1.5288	1.4462	1.4915	1.3922	1.2377	1.3628	0.2628	1.3396	1.4521	1.3313	1.4276	1.5208	1.4170	1.4899	1.4104	1.4269	1.4010	1.3188	1.3642	1.5622	1.1965	1.4364	1.4526	1.5799	1.4361	1.4613	1.4626	1.3813	1.4844	1.3532	1.4091	1.3957	1.4450	1.4181	1.3928	1.4030	1.4588	1.4447	1.4041	1.5037	1.4703	1.4150	0.2564	1.4068	1.4490	1.5460	1.4022	1.4064	1.3995	1.4719	1.5020	1.3984	1.3876	1.3906	0.2709	1.4417	0.2686	1.4539	1.5039	1.4077	1.4875	1.4318	1.4758	1.4086	1.4302	1.4149	1.3905	0.2710
12:59:16	30.1	0.2650	1.4855	1.4470	1.4823	1.4287	1.4413	1.4210	1.5042	1.4210	1.4152	0.2684	0.2656	1.5610	1.4244	1.4253	1.3802	1.4104	0.2690	1.4431	1.3974	1.3739	0.2656	0.2770	1.4046	1.5431	1.4964	1.4156	1.4249	1.5276	1.4567	1.5013	1.4059	1.2501	1.3778	0.2633	1.3519	1.4549	1.3432	1.4293	1.5209	1.4263	1.4938	1.4195	1.4324	1.4139	1.3268	1.3669	1.5684	1.1920	1.4432	1.4644	1.5770	1.4443	1.4753	1.4654	1.3877	1.4922	1.3726	1.4162	1.4059	1.4550	1.4229	1.4111	1.4112	1.4659	1.4515	1.4172	1.5078	1.4680	1.4269	0.2563	1.4204	1.4556	1.5467	1.4162	1.4113	1.4132	1.4768	1.5067	1.4099	1.4039	1.3856	0.2708	1.4475	0.2686	1.4610	1.5095	1.4201	1.4944	1.4437	1.4793	1.4284	1.4362	1.4354	1.4100	0.2711
13:09:16	30.2	0.2650	1.4870	1.4497	1.4869	1.4304	1.4474	1.4228	1.5004	1.4131	1.4140	0.2741	0.2656	1.5677	1.4303	1.4310	1.3822	1.4229	0.2690	1.4475	1.4060	1.3862	0.2657	0.2769	1.4258	1.5465	1.4993	1.4171	1.4203	1.5332	1.4514	1.5068	1.4054	1.2583	1.3872	0.2630	1.3608	1.4492	1.3393	1.4277	1.5208	1.4276	1.4974	1.4204	1.4423	1.4134	1.3352	1.3831	1.5673	1.2095	1.4431	1.4699	1.5851	1.4450	1.4796	1.4614	1.3945	1.4951	1.3681	1.4224	1.4129	1.4555	1.4395	1.4231	1.4180	1.4683	1.4589	1.4120	1.5131	1.4768	1.4256	0.2564	1.4248	1.4686	1.5533	1.4168	1.4212	1.4132	1.4833	1.5107	1.4065	1.4082	1.3770	0.2710	1.4630	0.2686	1.4593	1.5238	1.4312	1.4984	1.4517	1.4848	1.4358	1.4418	1.4329	1.4144	0.2712
13:19:16	30.2	0.2650	1.4863	1.4548	1.4919	1.4407	1.4489	1.4327	1.5071	1.4253	1.4202	0.2650	0.2656	1.5670	1.4326	1.4390	1.3885	1.4298	0.2691	1.4482	1.4126	1.3895	0.2660	0.2770	1.4342	1.5482	1.5017	1.4294	1.4298	1.5388	1.4647	1.4965	1.4116	1.2676	1.3936	0.2630	1.3655	1.4608	1.3461	1.4331	1.5245	1.4314	1.4982	1.4261	1.4465	1.4158	1.3428	1.3846	1.5677	1.2168	1.4464	1.4906	1.5824	1.4495	1.4815	1.4638	1.3974	1.5014	1.3788	1.4233	1.4234	1.4610	1.4548	1.4278	1.4185	1.4739	1.4624	1.4210	1.5158	1.4770	1.4256	0.2564	1.4235	1.4658	1.5551	1.4246	1.4235	1.4223	1.4895	1.5151	1.4181	1.4038	1.3739	0.2709	1.4557	0.2686	1.4630	1.5210	1.4353	1.5038	1.4579	1.4828	1.4407	1.4449	1.4287	1.4113	0.2713
13:29:16	30.2	0.2652	1.4857	1.4551	1.4955	1.4442	1.4567	1.4290	1.5123	1.4315	1.4194	0.2628	0.2655	1.5717	1.4381	1.4469	1.3916	1.4347	0.2691	1.4541	1.4133	1.3893	0.2657	0.2769	1.4428	1.5555	1.5043	1.4327	1.4383	1.5424	1.4625	1.5092	1.4182	1.2789	1.3994	0.2632	1.3650	1.4628	1.3463	1.4439	1.5268	1.4359	1.5015	1.4228	1.4544	1.4153	1.3520	1.3951	1.5769	1.2114	1.4552	1.4896	1.5783	1.4478	1.4853	1.4629	1.4002	1.5046	1.3792	1.4300	1.4210	1.4679	1.4509	1.4348	1.4202	1.4778	1.4694	1.4217	1.5194	1.4856	1.4364	0.2563	1.4292	1.4664	1.5594	1.4361	1.4262	1.4183	1.4968	1.5189	1.4178	1.4145	1.3862	0.2709	1.4605	0.2687	1.4640	1.5212	1.4264	1.5087	1.4651	1.4830	1.4367	1.4453	1.4426	1.4100	0.2711
13:39:16	30.2	0.2650	1.4855	1.4614	1.4993	1.4429	1.4561	1.4332	1.5111	1.4494	1.4307	0.2612	0.2656	1.5738	1.4437	1.4505	1.3966	1.4361	0.2690	1.4608	1.4178	1.4010	0.2659	0.2770	1.4416	1.5575	1.5077	1.4378	1.4399	1.5432	1.4642	1.5129	1.4228	1.2902	1.4052	0.2630	1.3766	1.4644	1.3511	1.4410	1.5277	1.4385	1.5038	1.4328	1.4616	1.4242	1.3636	1.4103	1.5760	1.2215	1.4547	1.4946	1.5835	1.4589	1.4925	1.4640	1.4116	1.5045	1.3937	1.4346	1.4247	1.4658	1.4650	1.4502	1.4323	1.4847	1.4718	1.4334	1.5225	1.4934	1.4394	0.2564	1.4423	1.4772	1.5621	1.4361	1.4314	1.4431	1.5047	1.5219	1.4233	1.4148	1.3895	0.2709	1.4543	0.2686	1.4735	1.5391	1.4433	1.5132	1.4705	1.4885	1.4421	1.4457	1.4489	1.4231	0.2712
13:49:16	30.2	0.2649	1.4854	1.4705	1.5039	1.4540	1.4623	1.4428	1.5245	1.4638	1.4299	0.2642	0.2655	1.5836	1.4555	1.4534	1.4026	1.4463	0.2691	1.4623	1.4238	1.4029	0.2659	0.2771	1.4515	1.5634	1.5107	1.4435	1.4473	1.5438	1.4744	1.5081	1.4254	1.3027	1.4012	0.2629	1.3854	1.4722	1.3452	1.4441	1.5300	1.4433	1.5111	1.4331	1.4679	1.4272	1.3632	1.4166	1.5821	1.2214	1.4637	1.5006	1.5843	1.4607	1.4963	1.4629	1.4163	1.5039	1.3932	1.4388	1.4290	1.4686	1.4684	1.4422	1.4317	1.4884	1.4790	1.4423	1.5240	1.4990	1.4407	0.2564	1.4539	1.4813	1.5657	1.4512	1.4439	1.4415	1.5028	1.5257	1.4295	1.4127	1.4000	0.2709	1.4718	0.2686	1.4869	1.5469	1.4458	1.5185	1.4665	1.4980	1.4421	1.4444	1.4477	1.4265	0.2711
13:59:16	30.2	0.2649	1.4827	1.4708	1.5083	1.4538	1.4639	1.4489	1.5298	1.4693	1.4274	0.2683	0.2656	1.5830	1.4576	1.4603	1.4026	1.4471	0.2690	1.4684	1.4263	1.4067	0.2662	0.2771	1.4505	1.5667	1.5131	1.4424	1.4497	1.5463	1.4698	1.5077	1.4295	1.3047	1.4103	0.2629	1.3858	1.4733	1.3550	1.4490	1.5310	1.4472	1.5075	1.4397	1.4741	1.4318	1.3711	1.4238	1.5887	1.2259	1.4648	1.5073	1.5853	1.4625	1.5036	1.4740	1.4225	1.5072	1.3888	1.4431	1.4318	1.4728	1.4725	1.4500	1.4391	1.4958	1.4820	1.4449	1.5258	1.4980	1.4462	0.2565	1.4516	1.4803	1.5706	1.4534	1.4368	1.4485	1.5161	1.5292	1.4320	1.4272	1.4129	0.2709	1.4574	0.2687	1.4933	1.5463	1.4503	1.5188	1.4720	1.4947	1.4528	1.4476	1.4503	1.4308	0.2712
14:09:16	30.2	0.2649	1.4826	1.4732	1.5125	1.4546	1.4596	1.4524	1.5340	1.4736	1.4364	0.2659	0.2655	1.5861	1.4576	1.4661	1.4131	1.4493	0.2692	1.4605	1.4286	1.4152	0.2658	0.2770	1.4595	1.5673	1.5159	1.4556	1.4610	1.5465	1.4806	1.5096	1.4421	1.3155	1.4140	0.2632	1.3942	1.4765	1.3642	1.4519	1.5358	1.4552	1.5135	1.4445	1.4788	1.4400	1.3765	1.4369	1.5924	1.2472	1.4621	1.5050	1.5842	1.4661	1.5071	1.4787	1.4234	1.5053	1.4005	1.4491	1.4343	1.4852	1.4803	1.4541	1.4413	1.4977	1.4875	1.4479	1.5286	1.4962	1.4485	0.2564	1.4571	1.4885	1.5732	1.4673	1.4439	1.4524	1.5128	1.5317	1.4381	1.4226	1.4211	0.2708	1.4604	0.2687	1.4972	1.5442	1.4562	1.5219	1.4720	1.5026	1.4575	1.4504	1.4584	1.4406	0.2711
14:19:16	30.2	0.2649	1.4826	1.4805	1.5153	1.4609	1.4713	1.4584	1.5401	1.4815	1.4389	0.2622	0.2657	1.5897	1.4644	1.4701	1.4167	1.4524	0.2690	1.4653	1.4305	1.4190	0.2657	0.2770	1.4640	1.5702	1.5181	1.4547	1.4622	1.5529	1.4869	1.5208	1.4337	1.3216	1.4221	0.2628	1.3886	1.4792	1.3630	1.4587	1.5380	1.4568	1.5190	1.4458	1.4844	1.4466	1.3855	1.4358	1.5967	1.2570	1.4747	1.5079	1.5857	1.4701	1.5119	1.4822	1.4335	1.5048	1.4023	1.4497	1.4342	1.4906	1.4818	1.4625	1.4485	1.5033	1.4912	1.4500	1.5305	1.5013	1.4524	0.2564	1.4525	1.4982	1.5752	1.4689	1.4472	1.4516	1.5220	1.5350	1.4446	1.4280	1.4307	0.2710	1.4584	0.2686	1.4974	1.5516	1.4596	1.5237	1.4714	1.5061	1.4566	1.4534	1.4634	1.4408	0.2712
14:29:16	30.2	0.2655	1.4809	1.4852	1.5188	1.4635	1.4694	1.4651	1.5463	1.4896	1.4411	0.2620	0.2655	1.5936	1.4594	1.4740	1.4170	1.4616	0.2689	1.4990	1.4342	1.4173	0.2660	0.2770	1.4657	1.5724	1.5199	1.4702	1.4628	1.5530	1.4908	1.5276	1.4440	1.3299	1.4242	0.2629	1.3934	1.4802	1.3680	1.4585	1.5398	1.4612	1.5239	1.4467	1.4913	1.4483	1.3912	1.4441	1.6001	1.2623	1.4787	1.5117	1.5871	1.4721	1.5143	1.4871	1.4354	1.5063	1.4062	1.4509	1.4426	1.4970	1.4844	1.4680	1.4574	1.5051	1.4972	1.4498	1.5321	1.5013	1.4567	0.2564	1.4562	1.5008	1.5700	1.4694	1.4629	1.4581	1.5227	1.5376	1.4478	1.4356	1.4391	0.2710	1.4577	0.2686	1.4959	1.5547	1.4750	1.5239	1.4712	1.5094	1.4596	1.4545	1.4623	1.4434	0.2712
14:39:16	30.2	0.2650	1.4814	1.4919	1.5220	1.4705	1.4716	1.4670	1.5523	1.4953	1.4423	0.2619	0.2656	1.5951	1.4663	1.4794	1.4228	1.4613	0.2692	1.5508	1.4337	1.4211	0.2657	0.2770	1.4674	1.5741	1.5229	1.4644	1.4693	1.5540	1.4892	1.5297	1.4465	1.3361	1.4297	0.2632	1.3966	1.4815	1.3638	1.4678	1.5421	1.4624	1.5246	1.4526	1.4938	1.4478	1.3920	1.4528	1.6029	1.2657	1.4805	1.5177	1.5912	1.4752	1.5203	1.4917	1.4329	1.5034	1.4056	1.4571	1.4452	1.4953	1.4863	1.4631	1.4553	1.5109	1.5092	1.4547	1.5335	1.5069	1.4604	0.2564	1.4609	1.4956	1.5679	1.4707	1.4705	1.4599	1.5269	1.5399	1.4563	1.4416	1.4457	0.2709	1.4537	0.2688	1.5004	1.5585	1.4764	1.5210	1.4717	1.5124	1.4633	1.4600	1.4632	1.4464	0.2712
14:49:16	30.2	0.2650	1.4803	1.4886	1.5252	1.4728	1.4737	1.4638	1.5519	1.5014	1.4489	0.2643	0.2656	1.5974	1.4702	1.4834	1.4357	1.4636	0.2691	1.4879	1.4387	1.4268	0.2664	0.2772	1.4709	1.5774	1.5241	1.4709	1.4657	1.5525	1.4987	1.5345	1.4539	1.3409	1.4326	0.2631	1.4038	1.4868	1.3668	1.4634	1.5425	1.4646	1.5262	1.4532	1.4985	1.4498	1.3969	1.4581	1.6061	1.2703	1.4854	1.5228	1.5927	1.4790	1.5190	1.4965	1.4396	1.5029	1.4125	1.4579	1.4457	1.4998	1.4962	1.4698	1.4602	1.5163	1.5167	1.4574	1.5350	1.5108	1.4612	0.2565	1.4655	1.5056	1.5873	1.4742	1.4769	1.4561	1.5291	1.5409	1.4579	1.4493	1.4621	0.2709	1.4564	0.2688	1.5042	1.5601	1.4731	1.5221	1.4766	1.5132	1.4625	1.4729	1.4675	1.4507	0.2713
14:59:16	30.2	0.2649	1.4784	1.4935	1.5294	1.4752	1.4712	1.4651	1.5610	1.5061	1.4477	0.2614	0.2655	1.5991	1.4772	1.4873	1.4273	1.4695	0.2690	1.4859	1.4399	1.4299	0.2658	0.2769	1.4706	1.5767	1.5256	1.4757	1.4737	1.5581	1.5017	1.5461	1.4574	1.3444	1.4319	0.2632	1.4053	1.4884	1.3682	1.4752	1.5427	1.4648	1.5327	1.4557	1.5042	1.4519	1.4055	1.4545	1.6081	1.2843	1.4866	1.5260	1.5897	1.4818	1.5265	1.4981	1.4441	1.5052	1.4114	1.4547	1.4507	1.4963	1.4980	1.4703	1.4672	1.5187	1.5230	1.4601	1.5345	1.5144	1.4612	0.2565	1.4688	1.5014	1.6117	1.4831	1.4747	1.4596	1.5331	1.5440	1.4647	1.4522	1.4691	0.2708	1.4390	0.2687	1.5064	1.5612	1.4799	1.5165	1.4757	1.5233	1.4663	1.4725	1.4734	1.4471	0.2713
15:09:16	30.2	0.2651	1.4801	1.4954	1.5329	1.4774	1.4810	1.4716	1.5568	1.5102	1.4503	0.2683	0.2656	1.5992	1.4767	1.4910	1.4402	1.4731	0.2691	1.4815	1.4456	1.4320	0.2663	0.2771	1.4776	1.5804	1.5276	1.4803	1.4721	1.5547	1.5063	1.5491	1.4613	1.3466	1.4395	0.2630	1.4036	1.4939	1.3788	1.4771	1.5444	1.4680	1.5319	1.4627	1.5097	1.4599	1.4084	1.4616	1.6075	1.2965	1.4921	1.5296	1.5963	1.4861	1.5301	1.5059	1.4460	1.4967	1.4120	1.4669	1.4511	1.5051	1.5025	1.4712	1.4602	1.5255	1.5289	1.4625	1.5356	1.5144	1.4697	0.2564	1.4700	1.5123	1.6061	1.4833	1.4845	1.4686	1.5382	1.5466	1.4654	1.4553	1.4787	0.2710	1.4352	0.2686	1.5081	1.5701	1.4780	1.5106	1.4805	1.5184	1.4696	1.4799	1.4838	1.4507	0.2714
15:19:16	30.2	0.2652	1.4808	1.4956	1.5373	1.4783	1.4809	1.4754	1.5625	1.5163	1.4502	0.2647	0.2656	1.6023	1.4805	1.4946	1.4405	1.4762	0.2690	1.4814	1.4469	1.4332	0.2660	0.2770	1.4739	1.5867	1.5297	1.4767	1.4723	1.5608	1.5064	1.5516	1.4626	1.3415	1.4391	0.2629	1.4082	1.4923	1.3719	1.4793	1.5450	1.4683	1.5349	1.4636	1.5162	1.4593	1.4168	1.4632	1.6094	1.2983	1.4929	1.5319	1.5974	1.4849	1.5321	1.5075	1.4492	1.4945	1.4183	1.4646	1.4540	1.4993	1.5086	1.4823	1.4647	1.5236	1.5334	1.4635	1.5386	1.5163	1.4670	0.2566	1.4770	1.5110	1.5764	1.4787	1.4836	1.4687	1.5412	1.5490	1.4674	1.4557	1.4846	0.2709	1.4303	0.2688	1.5119	1.5698	1.4806	1.5065	1.4775	1.5233	1.4756	1.4900	1.4789	1.4541	0.2710
15:29:16	30.2	0.2653	1.4813	1.5014	1.5402	1.4790	1.4851	1.4746	1.5657	1.5185	1.4530	0.2622	0.2656	1.6053	1.4824	1.4972	1.4448	1.4751	0.2691	1.4878	1.4478	1.4377	0.2658	0.2771	1.4805	1.5880	1.5312	1.4869	1.4805	1.5641	1.5116	1.5585	1.4664	1.3469	1.4429	0.2631	1.4139	1.4951	1.3832	1.4837	1.5473	1.4773	1.5362	1.4739	1.5210	1.4586	1.4234	1.4683	1.6076	1.3103	1.4943	1.5285	1.5964	1.4865	1.5347	1.5147	1.4549	1.4906	1.4264	1.4738	1.4573	1.5072	1.5086	1.4834	1.4679	1.5309	1.5375	1.4704	1.5395	1.5201	1.4671	0.2565	1.4766	1.5149	1.5818	1.4897	1.4851	1.4692	1.5504	1.5504	1.4718	1.4673	1.4841	0.2710	1.4125	0.2687	1.5147	1.5742	1.4893	1.4997	1.4752	1.5218	1.4791	1.4942	1.4877	1.4617	0.2721
15:39:16	30.2	0.2651	1.4810	1.5038	1.5421	1.4830	1.4834	1.4801	1.5741	1.5312	1.4576	0.2638	0.2656	1.6108	1.4797	1.5004	1.4451	1.4809	0.2692	1.5396	1.4557	1.4418	0.2663	0.2772	1.4839	1.5882	1.5326	1.4856	1.4904	1.5609	1.5124	1.5583	1.4708	1.3422	1.4467	0.2632	1.4216	1.4960	1.3767	1.4870	1.5503	1.4748	1.5387	1.4711	1.5258	1.4629	1.4278	1.4689	1.6105	1.3180	1.4947	1.5302	1.5991	1.4958	1.5381	1.5177	1.4561	1.4884	1.4291	1.4795	1.4639	1.5164	1.5089	1.4911	1.4710	1.5337	1.5412	1.4670	1.5369	1.5175	1.4708	0.2565	1.4851	1.5129	1.5866	1.4942	1.4898	1.4793	1.5493	1.5517	1.4764	1.4675	1.4877	0.2710	1.4134	0.2688	1.5230	1.5751	1.4872	1.4918	1.4629	1.5289	1.4838	1.5062	1.4889	1.4624	0.2713
15:49:16	30.2	0.2650	1.4800	1.5026	1.5461	1.4840	1.4901	1.4891	1.5818	1.5336	1.4611	0.2635	0.2658	1.6141	1.4938	1.5030	1.4474	1.4802	0.2692	1.5105	1.4551	1.4472	0.2662	0.2771	1.4854	1.5895	1.5332	1.4963	1.4900	1.5654	1.5174	1.5639	1.4735	1.3402	1.4556	0.2632	1.4162	1.4994	1.3789	1.4896	1.5513	1.4783	1.5424	1.4818	1.5302	1.4712	1.4339	1.4685	1.6049	1.3260	1.4983	1.5387	1.6009	1.4992	1.5381	1.5195	1.4633	1.4838	1.4329	1.4813	1.4632	1.5151	1.5142	1.4909	1.4716	1.5372	1.5463	1.4745	1.5356	1.5231	1.4720	0.2566	1.4863	1.5193	1.5865	1.5006	1.4937	1.4791	1.5513	1.5525	1.4765	1.4678	1.4936	0.2710	1.3994	0.2688	1.5215	1.5772	1.4966	1.4843	1.4650	1.5331	1.4837	1.5064	1.4981	1.4550	0.2713
15:59:16	30.2	0.2649	1.4803	1.5111	1.5494	1.4870	1.4916	1.4870	1.5796	1.5292	1.4642	0.2622	0.2655	1.6129	1.4881	1.5043	1.4571	1.4881	0.2690	1.5119	1.4601	1.4498	0.2661	0.2771	1.4874	1.5898	1.5341	1.4922	1.4913	1.5661	1.5233	1.5689	1.4711	1.3464	1.4527	0.2629	1.4183	1.4985	1.3905	1.4902	1.5510	1.4875	1.5407	1.4838	1.5334	1.4714	1.4405	1.4721	1.6076	1.3217	1.4992	1.5351	1.6010	1.4943	1.5433	1.5228	1.4612	1.4826	1.4372	1.4849	1.4694	1.5132	1.5146	1.4974	1.4770	1.5410	1.5517	1.4796	1.5348	1.5287	1.4747	0.2565	1.4924	1.5212	1.5883	1.5021	1.4916	1.4885	1.5588	1.5533	1.4816	1.4796	1.4995	0.2709	1.3807	0.2689	1.5246	1.5794	1.5010	1.4747	1.4633	1.5342	1.4848	1.5163	1.4951	1.4690	0.2713
16:09:16	30.2	0.2651	1.4781	1.5131	1.5510	1.4917	1.4917	1.4906	1.5861	1.5425	1.4637	0.2624	0.2656	1.6182	1.4911	1.5069	1.4565	1.4893	0.2691	1.5204	1.4688	1.4596	0.2664	0.2772	1.4928	1.5924	1.5348	1.4983	1.4926	1.5684	1.5244	1.5712	1.4796	1.3525	1.4602	0.2630	1.4215	1.4988	1.3884	1.4867	1.5529	1.4818	1.5455	1.4871	1.5449	1.4800	1.4402	1.4780	1.6063	1.3435	1.4993	1.5408	1.6034	1.4987	1.5458	1.5230	1.4658	1.4671	1.4421	1.4881	1.4744	1.5166	1.5194	1.5022	1.4800	1.5385	1.5550	1.4806	1.5311	1.5292	1.4823	0.2565	1.4982	1.5220	1.5892	1.5075	1.5015	1.4894	1.5637	1.5535	1.4853	1.4852	1.5002	0.2709	1.3727	0.2689	1.5314	1.5814	1.5034	1.4651	1.4589	1.5384	1.4894	1.5210	1.4920	1.4751	0.2713
16:19:16	30.2	0.2650	1.4764	1.5106	1.5545	1.4869	1.4917	1.4953	1.5815	1.5357	1.4722	0.2665	0.2657	1.6199	1.4964	1.5085	1.4625	1.4880	0.2691	1.5169	1.4603	1.4604	0.2661	0.2771	1.4932	1.5927	1.5366	1.5014	1.4964	1.5732	1.5285	1.5774	1.4841	1.3618	1.4707	0.2631	1.4269	1.5031	1.3881	1.4939	1.5552	1.4856	1.5454	1.4878	1.5448	1.4788	1.4482	1.4805	1.6069	1.3303	1.5040	1.5356	1.6049	1.5028	1.5511	1.5308	1.4657	1.4596	1.4410	1.4941	1.4767	1.5170	1.5227	1.4961	1.4836	1.5463	1.5575	1.4880	1.5288	1.5355	1.4838	0.2565	1.4981	1.5223	1.6039	1.5105	1.5026	1.4907	1.5670	1.5551	1.4882	1.4822	1.5048	0.2709	1.3609	0.2690	1.5332	1.5824	1.5068	1.4516	1.4533	1.5408	1.4906	1.5260	1.5008	1.4681	0.2714
16:29:16	30.2	0.2649	1.4748	1.5132	1.5565	1.4916	1.4979	1.5024	1.5903	1.5462	1.4705	0.2651	0.2656	1.6201	1.5008	1.5093	1.4646	1.4890	0.2690	1.5270	1.4660	1.4570	0.2660	0.2770	1.5005	1.5942	1.5354	1.5003	1.4994	1.5738	1.5278	1.5818	1.4886	1.3675	1.4628	0.2631	1.4207	1.5045	1.3912	1.4920	1.5586	1.4822	1.5482	1.4846	1.5482	1.4819	1.4505	1.4808	1.6083	1.3452	1.5045	1.5369	1.6056	1.5033	1.5514	1.5268	1.4663	1.4488	1.4434	1.4955	1.4725	1.5208	1.5269	1.5011	1.4823	1.5473	1.5598	1.4912	1.5226	1.5353	1.4867	0.2564	1.4963	1.5231	1.5941	1.5114	1.5049	1.4911	1.5658	1.5543	1.4895	1.4910	1.5102	0.2709	1.3462	0.2688	1.5306	1.5812	1.5068	1.4452	1.4458	1.5436	1.4880	1.5280	1.5067	1.4667	0.2713
16:39:16	30.1	0.2650	1.4747	1.5115	1.5599	1.4865	1.4975	1.5031	1.5804	1.5402	1.4703	0.2630	0.2657	1.6237	1.4961	1.5104	1.4710	1.4925	0.2692	1.5329	1.4608	1.4529	0.2663	0.2770	1.5036	1.5947	1.5375	1.5014	1.5027	1.5674	1.5321	1.5821	1.4922	1.3811	1.4587	0.2628	1.4208	1.5033	1.4081	1.4955	1.5640	1.4864	1.5470	1.4910	1.5519	1.4695	1.4486	1.4894	1.6085	1.3479	1.5020	1.5427	1.6087	1.5045	1.5597	1.5335	1.4619	1.4399	1.4445	1.4965	1.4768	1.5153	1.5267	1.5011	1.4860	1.5500	1.5587	1.4958	1.5208	1.5329	1.4823	0.2564	1.4959	1.5217	1.6006	1.5141	1.5124	1.4951	1.5638	1.5571	1.4962	1.4910	1.5136	0.2710	1.3224	0.2688	1.5416	1.5877	1.5117	1.4306	1.4397	1.5396	1.4865	1.5319	1.5078	1.4643	0.2713
16:49:16	30.2	0.2651	1.4732	1.5122	1.5629	1.4956	1.4982	1.5019	1.5825	1.5433	1.4702	0.2634	0.2657	1.6265	1.5031	1.5103	1.4750	1.4903	0.2692	1.5301	1.4591	1.4576	0.2664	0.2771	1.4937	1.5992	1.5372	1.5020	1.5030	1.5781	1.5334	1.5817	1.4866	1.3882	1.4566	0.2637	1.4132	1.5057	1.3933	1.4948	1.5660	1.4865	1.5498	1.4900	1.5523	1.4740	1.4582	1.4890	1.6086	1.3526	1.5015	1.5447	1.6073	1.5009	1.5595	1.5350	1.4645	1.4291	1.4457	1.4968	1.4739	1.5176	1.5290	1.5003	1.4954	1.5434	1.5665	1.4992	1.5159	1.5370	1.4852	0.2565	1.4995	1.5245	1.6024	1.5168	1.5145	1.4952	1.5633	1.5571	1.4938	1.4959	1.5126	0.2709	1.3156	0.2691	1.5381	1.5828	1.5075	1.4192	1.4290	1.5523	1.4845	1.5359	1.5025	1.4585	0.2714
16:59:16	30.2	0.2651	1.4722	1.5091	1.5650	1.4906	1.4973	1.5040	1.5811	1.5488	1.4669	0.2662	0.2656	1.6295	1.4978	1.5096	1.4803	1.4899	0.2690	1.5452	1.4638	1.4559	0.2662	0.2771	1.5002	1.6010	1.5377	1.5015	1.5062	1.5851	1.5375	1.5812	1.4931	1.3934	1.4612	0.2634	1.4071	1.5067	1.4093	1.4984	1.5656	1.4945	1.5499	1.4858	1.5539	1.4687	1.4595	1.4878	1.6077	1.3563	1.5015	1.5450	1.6084	1.5004	1.5588	1.5368	1.4610	1.4194	1.4484	1.4962	1.4723	1.5256	1.5300	1.5055	1.4947	1.5425	1.5688	1.4974	1.5096	1.5457	1.4894	0.2564	1.4989	1.5257	1.6046	1.5145	1.5162	1.4936	1.5627	1.5566	1.4985	1.4981	1.5159	0.2711	1.2975	0.2690	1.5364	1.5783	1.5115	1.4073	1.4170	1.5510	1.4810	1.5391	1.4963	1.4521	0.2713
17:09:16	30.2	0.2649	1.4700	1.5049	1.5663	1.4921	1.4907	1.4995	1.5798	1.5473	1.4607	0.2626	0.2657	1.6283	1.4988	1.5083	1.4843	1.4867	0.2698	1.5437	1.4611	1.4520	0.2659	0.2769	1.4985	1.5998	1.5373	1.4984	1.5063	1.5872	1.5380	1.5762	1.4936	1.3980	1.4593	0.2630	1.4047	1.5023	1.4018	1.5029	1.5690	1.4865	1.5508	1.4853	1.5530	1.4662	1.4600	1.4920	1.6078	1.3608	1.4953	1.5413	1.6106	1.4948	1.5585	1.5356	1.4593	1.3978	1.4361	1.4921	1.4659	1.5219	1.5343	1.5077	1.4951	1.5398	1.5696	1.4972	1.5027	1.5437	1.4822	0.2565	1.4925	1.5222	1.6072	1.5218	1.5208	1.4908	1.5621	1.5560	1.4961	1.4917	1.5188	0.2708	1.2819	0.2688	1.5321	1.5864	1.5116	1.3906	1.4067	1.5491	1.4800	1.5401	1.4987	1.4531	0.2714
17:19:16	30.1	0.2649	1.4670	1.4994	1.5680	1.4905	1.4831	1.4955	1.5808	1.5491	1.4541	0.2615	0.2656	1.6312	1.4930	1.5058	1.4867	1.4902	0.2690	1.5421	1.4558	1.4495	0.2659	0.2770	1.4975	1.6023	1.5349	1.4958	1.5077	1.5899	1.5315	1.5793	1.4889	1.3983	1.4552	0.2635	1.4031	1.4988	1.4053	1.5001	1.5674	1.4842	1.5529	1.4828	1.5469	1.4665	1.4633	1.4899	1.6066	1.3670	1.4911	1.5429	1.6080	1.4930	1.5596	1.5354	1.4571	1.3698	1.4336	1.4896	1.4719	1.5127	1.5355	1.5084	1.4966	1.5346	1.5720	1.4925	1.4941	1.5466	1.4789	0.2564	1.4898	1.5218	1.6092	1.5220	1.5252	1.4858	1.5620	1.5545	1.4967	1.4908	1.5149	0.2709	1.2651	0.2688	1.5297	1.5853	1.5075	1.3734	1.4007	1.5547	1.4819	1.5445	1.4996	1.4545	0.2713
17:29:16	30.2	0.2650	1.4665	1.4979	1.5696	1.4810	1.4837	1.4910	1.5863	1.5542	1.4540	0.2631	0.2655	1.6337	1.4877	1.5035	1.4894	1.4857	0.2689	1.5454	1.4541	1.4393	0.2655	0.2770	1.4956	1.6021	1.5337	1.4910	1.5028	1.5917	1.5268	1.5812	1.4831	1.4014	1.4508	0.2631	1.3992	1.4971	1.4135	1.4968	1.5674	1.4806	1.5547	1.4796	1.5492	1.4643	1.4601	1.4949	1.6052	1.3689	1.4911	1.5422	1.6122	1.4898	1.5553	1.5390	1.4545	1.3452	1.4347	1.4873	1.4711	1.5102	1.5423	1.5044	1.4941	1.5314	1.5740	1.4889	1.4831	1.5473	1.4769	0.2566	1.4887	1.5225	1.6086	1.5195	1.5236	1.4855	1.5629	1.5533	1.4935	1.4894	1.5185	0.2709	1.2450	0.2688	1.5300	1.5859	1.5032	1.3527	1.4007	1.5571	1.4830	1.5463	1.4981	1.4575	0.2713
17:39:16	30.1	0.2653	1.4643	1.5000	1.5707	1.4763	1.4838	1.4868	1.5911	1.5490	1.4571	0.2619	0.2658	1.6342	1.4869	1.4994	1.4923	1.4804	0.2692	1.5585	1.4500	1.4394	0.2656	0.2771	1.4868	1.6050	1.5304	1.4884	1.5003	1.5966	1.5291	1.5757	1.4809	1.4009	1.4473	0.2632	1.3960	1.4961	1.3985	1.4878	1.5683	1.4780	1.5589	1.4787	1.5498	1.4622	1.4596	1.4942	1.6064	1.3737	1.4954	1.5457	1.6070	1.4886	1.5525	1.5355	1.4543	1.3174	1.4311	1.4879	1.4678	1.5085	1.5383	1.5009	1.4937	1.5322	1.5719	1.4887	1.4722	1.5493	1.4782	0.2566	1.4984	1.5227	1.6094	1.5099	1.5216	1.4839	1.5625	1.5494	1.4940	1.4897	1.5194	0.2711	1.2415	0.2689	1.5304	1.5892	1.5057	1.3304	1.4010	1.5601	1.4840	1.5530	1.4996	1.4587	0.2714
17:49:16	30.2	0.2651	1.4617	1.4975	1.5726	1.4748	1.4842	1.4866	1.5847	1.5577	1.4545	0.2619	0.2657	1.6367	1.4867	1.4958	1.4945	1.4798	0.2694	1.5559	1.4484	1.4363	0.2655	0.2772	1.4871	1.6069	1.5276	1.4885	1.4988	1.5931	1.5238	1.5809	1.4820	1.4031	1.4461	0.2633	1.3984	1.4948	1.4157	1.4874	1.5725	1.4791	1.5551	1.4779	1.5572	1.4621	1.4550	1.4945	1.6034	1.3855	1.4924	1.5483	1.6111	1.4860	1.5506	1.5350	1.4556	1.3013	1.4335	1.4878	1.4682	1.5078	1.5449	1.4988	1.4959	1.5340	1.5711	1.4893	1.4583	1.5508	1.4785	0.2565	1.4946	1.5226	1.6115	1.5107	1.5251	1.4902	1.5642	1.5475	1.4939	1.4926	1.5191	0.2709	1.2321	0.2689	1.5296	1.5890	1.5077	1.3120	1.3963	1.5568	1.4835	1.5509	1.4988	1.4566	0.2714
17:59:16	30.2	0.2652	1.4597	1.4988	1.5733	1.4727	1.4834	1.4846	1.5870	1.5519	1.4544	0.2670	0.2657	1.6367	1.4884	1.4906	1.4960	1.4788	0.2692	1.5550	1.4452	1.4368	0.2659	0.2772	1.4897	1.6075	1.5228	1.4850	1.4935	1.5941	1.5220	1.5803	1.4825	1.4061	1.4475	0.2631	1.3943	1.4922	1.4144	1.4847	1.5703	1.4760	1.5572	1.4782	1.5542	1.4600	1.4567	1.4955	1.6037	1.3897	1.4935	1.5466	1.6109	1.4830	1.5509	1.5253	1.4529	1.2816	1.4336	1.4855	1.4716	1.5084	1.5427	1.4996	1.4931	1.5327	1.5766	1.4909	1.4467	1.5524	1.4808	0.2565	1.4969	1.5228	1.6111	1.5095	1.5270	1.4861	1.5644	1.5435	1.4927	1.4928	1.5187	0.2709	1.2173	0.2690	1.5327	1.5878	1.5081	1.2922	1.3860	1.5594	1.4840	1.5528	1.4981	1.4561	0.2715
18:09:16	30.2	0.2651	1.4583	1.4972	1.5742	1.4729	1.4822	1.4864	1.5910	1.5632	1.4532	0.2682	0.2656	1.6369	1.4882	1.4866	1.5001	1.4800	0.2698	1.5561	1.4421	1.4378	0.2637	0.2771	1.4897	1.6091	1.5191	1.4851	1.4969	1.5945	1.5222	1.5819	1.4823	1.4062	1.4499	0.2631	1.3963	1.4917	1.4066	1.4855	1.5718	1.4754	1.5603	1.4803	1.5617	1.4659	1.4543	1.4957	1.6017	1.3930	1.4940	1.5489	1.6140	1.4798	1.5496	1.5224	1.4555	1.2632	1.4358	1.4857	1.4725	1.5074	1.5439	1.4977	1.4950	1.5308	1.5781	1.4928	1.4347	1.5541	1.4793	0.2565	1.5025	1.5233	1.6134	1.5100	1.5283	1.4903	1.5657	1.5383	1.4959	1.4946	1.5172	0.2710	1.1985	0.2689	1.5343	1.5904	1.5097	1.2760	1.3858	1.5612	1.4869	1.5574	1.4986	1.4583	0.2713
18:19:16	30.2	0.2651	1.4570	1.4966	1.5763	1.4715	1.4824	1.4855	1.5923	1.5621	1.4526	0.2630	0.2658	1.6388	1.4896	1.4802	1.5035	1.4794	0.2698	1.5559	1.4422	1.4366	0.2651	0.2772	1.4875	1.6115	1.5143	1.4829	1.4968	1.5971	1.5225	1.5740	1.4806	1.4014	1.4504	0.2631	1.3975	1.4891	1.4220	1.4807	1.5731	1.4736	1.5572	1.4837	1.5581	1.4646	1.4490	1.4988	1.6010	1.3942	1.4947	1.5483	1.6150	1.4807	1.5484	1.5180	1.4516	1.2472	1.4340	1.4848	1.4693	1.5070	1.5489	1.4950	1.4953	1.5323	1.5725	1.4943	1.4199	1.5540	1.4787	0.2565	1.4978	1.5242	1.6135	1.5108	1.5264	1.4918	1.5674	1.5323	1.4923	1.4956	1.5191	0.2710	1.1808	0.2690	1.5340	1.5912	1.5095	1.2582	1.3804	1.5640	1.4868	1.5573	1.4979	1.4593	0.2713
18:29:16	30.2	0.2650	1.4557	1.4965	1.5758	1.4709	1.4818	1.4858	1.5858	1.5558	1.4552	0.2683	0.2657	1.6399	1.4900	1.4749	1.5055	1.4776	0.2696	1.5606	1.4416	1.4393	0.2641	0.2771	1.4927	1.6120	1.5084	1.4819	1.4997	1.5985	1.5215	1.5780	1.4832	1.4084	1.4516	0.2632	1.4016	1.4868	1.4246	1.4806	1.5739	1.4729	1.5637	1.4812	1.5601	1.4655	1.4454	1.4959	1.6007	1.3964	1.4940	1.5467	1.6155	1.4801	1.5476	1.5205	1.4541	1.2292	1.4321	1.4842	1.4727	1.5086	1.5474	1.4973	1.4948	1.5333	1.5748	1.4923	1.4050	1.5546	1.4751	0.2565	1.4988	1.5223	1.6139	1.5097	1.5273	1.4956	1.5676	1.5267	1.4926	1.4951	1.5260	0.2709	1.1517	0.2688	1.5282	1.5907	1.5107	1.2423	1.3883	1.5637	1.4821	1.5533	1.4984	1.4585	0.2713
18:39:16	30.1	0.2652	1.4521	1.4961	1.5776	1.4709	1.4795	1.4878	1.5884	1.5568	1.4553	0.2677	0.2658	1.6389	1.4895	1.4687	1.5072	1.4769	0.2698	1.5641	1.4411	1.4379	0.2614	0.2771	1.4925	1.6175	1.5002	1.4807	1.4979	1.6020	1.5220	1.5779	1.4834	1.4037	1.4533	0.2636	1.4007	1.4876	1.4259	1.4815	1.5703	1.4748	1.5622	1.4785	1.5586	1.4606	1.4427	1.4937	1.6010	1.3978	1.4930	1.5482	1.6113	1.4803	1.5485	1.5116	1.4574	1.2125	1.4333	1.4837	1.4709	1.5080	1.5495	1.4983	1.4961	1.5327	1.5793	1.4919	1.3923	1.5568	1.4776	0.2565	1.4972	1.5202	1.6136	1.5127	1.5322	1.4925	1.5691	1.5182	1.4911	1.4969	1.5224	0.2710	1.1473	0.2690	1.5306	1.5921	1.5103	1.2293	1.3782	1.5689	1.4834	1.5558	1.4990	1.4598	0.2714
18:49:16	30.1	0.2649	1.4506	1.4958	1.5771	1.4706	1.4774	1.4863	1.5946	1.5624	1.4572	0.2649	0.2657	1.6395	1.4884	1.4626	1.5109	1.4763	0.2692	1.5662	1.4402	1.4378	0.2612	0.2771	1.4935	1.6215	1.4930	1.4774	1.4973	1.6013	1.5235	1.5739	1.4845	1.4109	1.4502	0.2630	1.3958	1.4881	1.4160	1.4810	1.5740	1.4746	1.5596	1.4781	1.5573	1.4598	1.4354	1.4985	1.5990	1.4016	1.4917	1.5497	1.6140	1.4815	1.5484	1.5142	1.4590	1.1992	1.4354	1.4850	1.4773	1.5092	1.5486	1.4984	1.4943	1.5320	1.5786	1.4950	1.3754	1.5554	1.4786	0.2565	1.5021	1.5207	1.6212	1.5145	1.5301	1.4912	1.5681	1.5086	1.4926	1.4989	1.5248	0.2709	1.1452	0.2689	1.5344	1.5924	1.5073	1.2158	1.3796	1.5699	1.4860	1.5587	1.5030	1.4626	0.2713
18:59:16	30.2	0.2651	1.4486	1.4956	1.5775	1.4715	1.4775	1.4888	1.5895	1.5561	1.4568	0.2627	0.2658	1.6408	1.4884	1.4563	1.5125	1.4760	0.2694	1.5611	1.4393	1.4417	0.2640	0.2772	1.4944	1.6214	1.4842	1.4810	1.4967	1.6023	1.5226	1.5784	1.4881	1.4191	1.4467	0.2631	1.3977	1.4864	1.4290	1.4789	1.5718	1.4751	1.5605	1.4800	1.5566	1.4631	1.4347	1.5020	1.6017	1.4013	1.4918	1.5474	1.6142	1.4842	1.5474	1.5084	1.4564	1.1836	1.4357	1.4829	1.4750	1.5071	1.5471	1.4984	1.4935	1.5321	1.5796	1.4947	1.3581	1.5591	1.4772	0.2565	1.4982	1.5212	1.6156	1.5121	1.5329	1.4933	1.5698	1.5004	1.4957	1.4979	1.5235	0.2708	1.1247	0.2689	1.5330	1.5930	1.5091	1.2056	1.3667	1.5718	1.4841	1.5558	1.5043	1.4600	0.2717
19:09:16	30.2	0.2653	1.4469	1.4944	1.5770	1.4714	1.4751	1.4897	1.5921	1.5587	1.4574	0.2617	0.2657	1.6422	1.4897	1.4509	1.5153	1.4768	0.2698	1.5640	1.4404	1.4387	0.2654	0.2770	1.4938	1.6244	1.4735	1.4830	1.4964	1.6017	1.5220	1.5762	1.4863	1.4230	1.4479	0.2631	1.3973	1.4835	1.4265	1.4805	1.5739	1.4749	1.5622	1.4815	1.5515	1.4642	1.4272	1.5032	1.6001	1.4010	1.4926	1.5505	1.6154	1.4854	1.5474	1.5078	1.4590	1.1782	1.4393	1.4813	1.4738	1.5080	1.5469	1.4995	1.4928	1.5311	1.5839	1.4966	1.3426	1.5571	1.4789	0.2565	1.4995	1.5201	1.6151	1.5115	1.5336	1.4913	1.5722	1.4885	1.4928	1.4993	1.5237	0.2709	1.1209	0.2689	1.5328	1.5935	1.5086	1.1947	1.3758	1.5736	1.4862	1.5579	1.4999	1.4611	0.2713
19:19:16	30.2	0.2652	1.4443	1.4924	1.5764	1.4687	1.4739	1.4857	1.5864	1.5568	1.4597	0.2653	0.2657	1.6346	1.4881	1.4440	1.5199	1.4752	0.2698	1.5642	1.4397	1.4378	0.2612	0.2772	1.4948	1.6216	1.4650	1.4850	1.4991	1.6061	1.5209	1.5717	1.4862	1.4316	1.4463	0.2632	1.4007	1.4813	1.4299	1.4818	1.5761	1.4751	1.5648	1.4791	1.5477	1.4572	1.4194	1.5035	1.6011	1.4091	1.4927	1.5489	1.6148	1.4799	1.5460	1.4852	1.4551	1.1855	1.4372	1.4800	1.4732	1.5057	1.5470	1.4979	1.4938	1.5322	1.5769	1.4929	1.3250	1.5607	1.4774	0.2566	1.5019	1.5188	1.6168	1.5105	1.5415	1.4932	1.5714	1.4819	1.4935	1.4975	1.5248	0.2709	1.1099	0.2691	1.5305	1.5962	1.5074	1.1829	1.3662	1.5736	1.4850	1.5641	1.4979	1.4601	0.2714
19:29:16	30.2	0.2650	1.4425	1.4903	1.5749	1.4691	1.4781	1.4866	1.5852	1.5573	1.4569	0.2616	0.2657	1.6427	1.4866	1.4380	1.5229	1.4770	0.2693	1.5647	1.4450	1.4391	0.2612	0.2771	1.4942	1.6294	1.4535	1.4852	1.4985	1.6020	1.5215	1.5599	1.4857	1.4309	1.4451	0.2631	1.3967	1.4791	1.4482	1.4833	1.5785	1.4742	1.5607	1.4770	1.5453	1.4569	1.4128	1.5018	1.6004	1.4087	1.4920	1.5517	1.6149	1.4803	1.5454	1.4871	1.4549	1.1744	1.4394	1.4790	1.4731	1.5036	1.5465	1.4959	1.4917	1.5300	1.5778	1.4950	1.3088	1.5599	1.4757	0.2565	1.5038	1.5198	1.6158	1.5128	1.5332	1.4907	1.5729	1.4692	1.4932	1.4987	1.5242	0.2709	1.1202	0.2690	1.5267	1.5939	1.5016	1.1782	1.3696	1.5734	1.4841	1.5567	1.5000	1.4629	0.2715
19:39:16	30.2	0.2651	1.4407	1.4913	1.5719	1.4693	1.4786	1.4864	1.5916	1.5554	1.4600	0.2685	0.2657	1.6417	1.4850	1.4317	1.5254	1.4752	0.2692	1.5658	1.4444	1.4390	0.2629	0.2771	1.4962	1.6296	1.4416	1.4851	1.4993	1.6037	1.5205	1.5481	1.4886	1.4323	1.4449	0.2633	1.3964	1.4807	1.4328	1.4837	1.5784	1.4739	1.5626	1.4826	1.5541	1.4599	1.4061	1.5037	1.6024	1.4066	1.4907	1.5494	1.6137	1.4802	1.5453	1.4882	1.4558	1.1520	1.4448	1.4792	1.4733	1.5011	1.5470	1.4953	1.4931	1.5313	1.5805	1.4958	1.2924	1.5642	1.4800	0.2566	1.5053	1.5202	1.6154	1.5122	1.5346	1.4899	1.5718	1.4571	1.4967	1.4991	1.5249	0.2710	1.1125	0.2691	1.5344	1.5946	1.5054	1.1714	1.3854	1.5734	1.4857	1.5613	1.4981	1.4663	0.2714
19:49:16	30.2	0.2651	1.4383	1.4905	1.5678	1.4672	1.4804	1.4864	1.5869	1.5598	1.4629	0.2618	0.2658	1.6407	1.4841	1.4242	1.5278	1.4744	0.2692	1.5555	1.4425	1.4390	0.2656	0.2772	1.4973	1.6309	1.4266	1.4852	1.5013	1.6076	1.5211	1.5410	1.4909	1.4345	1.4448	0.2632	1.3968	1.4803	1.4652	1.4833	1.5708	1.4746	1.5648	1.4824	1.5529	1.4601	1.4012	1.4992	1.6017	1.4026	1.4910	1.5487	1.6079	1.4838	1.5465	1.4967	1.4559	1.1237	1.4428	1.4800	1.4724	1.5029	1.5473	1.4955	1.4932	1.5318	1.5809	1.4940	1.2758	1.5678	1.4793	0.2566	1.5071	1.5193	1.6181	1.5152	1.5327	1.4936	1.5723	1.4410	1.4958	1.5012	1.5222	0.2710	1.1020	0.2692	1.5320	1.5956	1.5046	1.1626	1.3918	1.5788	1.4842	1.5738	1.4979	1.4691	0.2714
19:59:16	30.2	0.2651	1.4355	1.4916	1.5651	1.4654	1.4806	1.4879	1.5852	1.5552	1.4600	0.2632	0.2658	1.6411	1.4841	1.4163	1.5303	1.4751	0.2691	1.5671	1.4441	1.4425	0.2655	0.2772	1.5011	1.6300	1.4153	1.4869	1.5018	1.6012	1.5213	1.5446	1.4924	1.4342	1.4437	0.2631	1.3942	1.4794	1.4473	1.4813	1.5783	1.4756	1.5668	1.4821	1.5633	1.4611	1.3924	1.5010	1.6008	1.4079	1.4902	1.5493	1.6096	1.4852	1.5455	1.4884	1.4557	1.1419	1.4409	1.4797	1.4743	1.5013	1.5480	1.4963	1.4956	1.5296	1.5763	1.4917	1.2550	1.5650	1.4805	0.2566	1.5067	1.5199	1.6165	1.5149	1.5363	1.4965	1.5749	1.4326	1.4962	1.4983	1.5242	0.2709	1.0974	0.2696	1.5332	1.5998	1.5095	1.1546	1.3996	1.5752	1.4854	1.5622	1.5035	1.4667	0.2713
20:09:16	30.2	0.2651	1.4337	1.4893	1.5602	1.4658	1.4803	1.4890	1.5840	1.5561	1.4620	0.2720	0.2658	1.6380	1.4869	1.4101	1.5310	1.4747	0.2692	1.5573	1.4414	1.4395	0.2656	0.2772	1.4994	1.6281	1.4000	1.4893	1.5035	1.6044	1.5196	1.5368	1.4977	1.4380	1.4431	0.2633	1.3972	1.4774	1.4522	1.4834	1.5725	1.4742	1.5663	1.4821	1.5685	1.4611	1.3837	1.4990	1.5981	1.4060	1.4896	1.5504	1.6029	1.4814	1.5442	1.4903	1.4576	1.1084	1.4363	1.4781	1.4723	1.5004	1.5487	1.4951	1.4968	1.5285	1.5819	1.4931	1.2424	1.5654	1.4764	0.2566	1.5086	1.5179	1.6201	1.5197	1.5384	1.4935	1.5757	1.4154	1.4953	1.5016	1.5206	0.2712	1.0905	0.2692	1.5332	1.6001	1.5092	1.1487	1.4161	1.5781	1.4922	1.5713	1.5023	1.4665	0.2714
20:19:16	30.2	0.2651	1.4315	1.4905	1.5538	1.4662	1.4800	1.4885	1.5872	1.5590	1.4651	0.2623	0.2658	1.6400	1.4880	1.4021	1.5348	1.4778	0.2691	1.5542	1.4411	1.4405	0.2656	0.2771	1.5064	1.6342	1.3841	1.4887	1.5057	1.6036	1.5208	1.5348	1.4952	1.4420	1.4476	0.2632	1.4036	1.4768	1.4604	1.4841	1.5731	1.4725	1.5618	1.4836	1.5605	1.4635	1.3761	1.5001	1.5994	1.4101	1.4880	1.5508	1.6001	1.4842	1.5455	1.4889	1.4587	1.0741	1.4444	1.4779	1.4766	1.5009	1.5524	1.4984	1.5011	1.5306	1.5844	1.4923	1.2286	1.5668	1.4804	0.2566	1.5064	1.5203	1.6171	1.5192	1.5384	1.4956	1.5757	1.4023	1.4973	1.5021	1.5219	0.2711	1.0803	0.2716	1.5302	1.5991	1.5107	1.1439	1.4277	1.5774	1.4933	1.5754	1.5064	1.4671	0.2713
20:29:16	30.2	0.2651	1.4308	1.4884	1.5472	1.4637	1.4793	1.4887	1.5905	1.5585	1.4681	0.2615	0.2657	1.6400	1.4877	1.3938	1.5348	1.4814	0.2691	1.5615	1.4415	1.4402	0.2657	0.2772	1.5028	1.6319	1.3689	1.4913	1.5059	1.6032	1.5191	1.5239	1.4958	1.4415	1.4472	0.2634	1.3990	1.4744	1.4531	1.4841	1.5733	1.4712	1.5671	1.4828	1.5675	1.4621	1.3656	1.5000	1.5980	1.4065	1.4843	1.5478	1.5957	1.4873	1.5459	1.4888	1.4571	1.0920	1.4384	1.4761	1.4794	1.4998	1.5549	1.4985	1.4998	1.5302	1.5829	1.4936	1.2104	1.5670	1.4790	0.2566	1.5116	1.5184	1.6237	1.5202	1.5408	1.4964	1.5767	1.3855	1.4994	1.5039	1.5211	0.2710	1.0790	0.2696	1.5340	1.5994	1.5067	1.1394	1.4419	1.5777	1.4874	1.5720	1.4997	1.4700	0.2715
20:39:16	30.2	0.2652	1.4291	1.4860	1.5402	1.4597	1.4777	1.4887	1.5811	1.5596	1.4677	0.2632	0.2659	1.6422	1.4866	1.3825	1.5386	1.4793	0.2691	1.5660	1.4451	1.4412	0.2657	0.2774	1.5077	1.6308	1.3552	1.4928	1.5080	1.6115	1.5180	1.5245	1.4934	1.4478	1.4484	0.2631	1.3994	1.4705	1.4670	1.4839	1.5731	1.4706	1.5687	1.4851	1.5594	1.4615	1.3568	1.4974	1.5982	1.4051	1.4848	1.5503	1.5979	1.4881	1.5473	1.4878	1.4607	1.0924	1.4373	1.4765	1.4814	1.4970	1.5527	1.4948	1.5009	1.5295	1.5793	1.4947	1.1990	1.5707	1.4778	0.2566	1.5090	1.5187	1.6160	1.5190	1.5415	1.4954	1.5778	1.3761	1.5025	1.5025	1.5201	0.2709	1.0764	0.2692	1.5328	1.6011	1.5062	1.1366	1.4491	1.5826	1.4929	1.5747	1.4979	1.4654	0.2714
20:49:16	30.2	0.2651	1.4284	1.4870	1.5327	1.4618	1.4761	1.4871	1.5794	1.5589	1.4683	0.2680	0.2658	1.6395	1.4849	1.3762	1.5399	1.4769	0.2691	1.5627	1.4452	1.4375	0.2655	0.2772	1.5102	1.6409	1.3397	1.4927	1.5061	1.6101	1.5183	1.5203	1.4963	1.4493	1.4460	0.2629	1.3966	1.4686	1.4604	1.4806	1.5777	1.4709	1.5695	1.4848	1.5613	1.4599	1.3496	1.4961	1.5946	1.4042	1.4858	1.5497	1.5980	1.4839	1.5459	1.4923	1.4606	1.0942	1.4428	1.4774	1.4812	1.4975	1.5546	1.4965	1.4991	1.5305	1.5823	1.4957	1.1823	1.5718	1.4791	0.2565	1.5073	1.5184	1.6136	1.5198	1.5496	1.4943	1.5776	1.3629	1.5017	1.5033	1.5174	0.2708	1.0667	0.2690	1.5325	1.5999	1.5097	1.1318	1.4523	1.5811	1.4939	1.5752	1.5036	1.4642	0.2713
20:59:16	30.2	0.2651	1.4269	1.4865	1.5255	1.4609	1.4740	1.4876	1.5728	1.5576	1.4719	0.2713	0.2658	1.6403	1.4857	1.3682	1.5431	1.4782	0.2693	1.5571	1.4469	1.4389	0.2656	0.2773	1.5092	1.6406	1.3220	1.4929	1.5095	1.6111	1.5182	1.5213	1.4975	1.4554	1.4501	0.2638	1.3972	1.4701	1.4512	1.4816	1.5751	1.4704	1.5669	1.4869	1.5601	1.4599	1.3399	1.5003	1.5956	1.4009	1.4856	1.5501	1.5979	1.4843	1.5468	1.4876	1.4591	1.0712	1.4471	1.4751	1.4835	1.4928	1.5545	1.4967	1.5000	1.5307	1.5797	1.4948	1.1690	1.5737	1.4742	0.2565	1.5080	1.5183	1.6134	1.5222	1.5492	1.4953	1.5773	1.3496	1.5052	1.5040	1.5156	0.2710	1.0641	0.2726	1.5342	1.6015	1.5073	1.1255	1.4610	1.5807	1.4861	1.5667	1.4973	1.4693	0.2714
21:09:16	30.2	0.2651	1.4253	1.4823	1.5171	1.4614	1.4709	1.4878	1.5745	1.5549	1.4729	0.2637	0.2658	1.6372	1.4836	1.3597	1.5437	1.4796	0.2690	1.5548	1.4444	1.4377	0.2655	0.2771	1.5127	1.6344	1.3122	1.4922	1.5076	1.6041	1.5141	1.5178	1.4983	1.4529	1.4530	0.2631	1.3994	1.4679	1.4573	1.4784	1.5757	1.4667	1.5688	1.4820	1.5614	1.4563	1.3290	1.4989	1.5975	1.3985	1.4843	1.5519	1.5942	1.4831	1.5462	1.4858	1.4619	1.0225	1.4475	1.4738	1.4827	1.4903	1.5549	1.4937	1.5040	1.5295	1.5785	1.4966	1.1594	1.5720	1.4716	0.2565	1.5043	1.5153	1.6139	1.5231	1.5482	1.4961	1.5774	1.3365	1.5043	1.5044	1.5125	0.2709	1.0646	0.2693	1.5365	1.6020	1.5131	1.1191	1.4680	1.5836	1.4931	1.5680	1.5044	1.4761	0.2713
21:19:16	30.2	0.2653	1.4245	1.4829	1.5100	1.4613	1.4724	1.4925	1.5722	1.5551	1.4757	0.2658	0.2658	1.6305	1.4830	1.3513	1.5455	1.4812	0.2692	1.5744	1.4511	1.4388	0.2657	0.2773	1.5156	1.6398	1.2970	1.4925	1.5104	1.6099	1.5161	1.5098	1.4973	1.4545	1.4563	0.2633	1.4104	1.4639	1.4630	1.4791	1.5737	1.4690	1.5669	1.4842	1.5608	1.4602	1.3189	1.4968	1.5951	1.3939	1.4834	1.5504	1.5919	1.4796	1.5465	1.4851	1.4589	1.0392	1.4484	1.4751	1.4846	1.4879	1.5542	1.4956	1.5039	1.5315	1.5797	1.4933	1.1509	1.5755	1.4721	0.2565	1.5106	1.5163	1.6132	1.5252	1.5463	1.4957	1.5778	1.3230	1.5059	1.5047	1.5110	0.2709	1.0685	0.2693	1.5385	1.6032	1.5080	1.1153	1.4784	1.5868	1.4909	1.5712	1.5074	1.4716	0.2714
21:29:16	30.2	0.2651	1.4249	1.4836	1.5003	1.4613	1.4731	1.4916	1.5699	1.5550	1.4777	0.2628	0.2658	1.6244	1.4832	1.3392	1.5470	1.4782	0.2695	1.5600	1.4455	1.4402	0.2655	0.2773	1.5150	1.6334	1.2848	1.4966	1.5095	1.6063	1.5150	1.5128	1.5005	1.4527	1.4594	0.2633	1.4144	1.4618	1.4511	1.4800	1.5704	1.4689	1.5654	1.4848	1.5599	1.4584	1.3151	1.4974	1.5920	1.3896	1.4830	1.5498	1.5910	1.4835	1.5471	1.4828	1.4628	1.0338	1.4497	1.4742	1.4864	1.4848	1.5551	1.4966	1.5025	1.5282	1.5803	1.4938	1.1418	1.5781	1.4712	0.2568	1.5149	1.5128	1.6140	1.5264	1.5477	1.4962	1.5768	1.3105	1.5076	1.5032	1.5079	0.2711	1.0523	0.2695	1.5352	1.6041	1.5105	1.1092	1.4895	1.5865	1.4942	1.5655	1.5071	1.4734	0.2714
21:39:16	30.2	0.2652	1.4226	1.4797	1.4900	1.4597	1.4723	1.4912	1.5695	1.5529	1.4776	0.2620	0.2658	1.6241	1.4815	1.3322	1.5499	1.4828	0.2692	1.5732	1.4502	1.4395	0.2656	0.2772	1.5191	1.6436	1.2660	1.4983	1.5102	1.6029	1.5149	1.5144	1.5015	1.4563	1.4585	0.2633	1.4176	1.4604	1.4543	1.4783	1.5725	1.4696	1.5681	1.4863	1.5607	1.4601	1.3037	1.4991	1.5943	1.3808	1.4826	1.5530	1.5895	1.4825	1.5478	1.4829	1.4650	1.0246	1.4504	1.4741	1.4872	1.4854	1.5573	1.4968	1.5040	1.5320	1.5782	1.4968	1.1351	1.5772	1.4727	0.2567	1.5123	1.5134	1.6138	1.5260	1.5484	1.4962	1.5804	1.3014	1.5057	1.5029	1.5060	0.2711	1.0561	0.2693	1.5364	1.6043	1.5116	1.1045	1.4897	1.5893	1.4922	1.5633	1.5083	1.4730	0.2714
21:49:16	30.2	0.2653	1.4198	1.4819	1.4794	1.4607	1.4717	1.4905	1.5711	1.5517	1.4796	0.2631	0.2659	1.6231	1.4804	1.3228	1.5511	1.4813	0.2692	1.5684	1.4513	1.4375	0.2654	0.2772	1.5162	1.6490	1.2550	1.4973	1.5112	1.6046	1.5136	1.5118	1.5021	1.4593	1.4582	0.2633	1.4151	1.4552	1.4633	1.4788	1.5705	1.4708	1.5722	1.4858	1.5596	1.4601	1.2966	1.4981	1.5854	1.3838	1.4828	1.5509	1.5888	1.4829	1.5501	1.4790	1.4660	1.0347	1.4494	1.4716	1.4899	1.4858	1.5582	1.4985	1.5051	1.5308	1.5765	1.4966	1.1277	1.5740	1.4695	0.2566	1.5160	1.5139	1.6153	1.5261	1.5530	1.4977	1.5771	1.2847	1.5065	1.5065	1.5056	0.2712	1.0383	0.2693	1.5343	1.6044	1.5111	1.0975	1.4921	1.5904	1.4936	1.5604	1.5097	1.4715	0.2715
21:59:16	30.2	0.2652	1.4200	1.4759	1.4661	1.4570	1.4692	1.4902	1.5671	1.5511	1.4762	0.2617	0.2658	1.6196	1.4774	1.3140	1.5532	1.4820	0.2692	1.5800	1.4469	1.4403	0.2654	0.2772	1.5138	1.6414	1.2399	1.4956	1.5128	1.6107	1.5130	1.5076	1.5033	1.4582	1.4558	0.2634	1.4144	1.4484	1.4567	1.4772	1.5652	1.4694	1.5676	1.4844	1.5587	1.4580	1.2881	1.4965	1.5827	1.3720	1.4828	1.5509	1.5855	1.4821	1.5489	1.4793	1.4639	1.0122	1.4507	1.4710	1.4891	1.4827	1.5575	1.4966	1.5043	1.5309	1.5769	1.4960	1.1222	1.5800	1.4725	0.2566	1.5121	1.5075	1.6165	1.5249	1.5557	1.4978	1.5782	1.2739	1.5069	1.5040	1.5039	0.2710	1.0497	0.2694	1.5349	1.6046	1.5120	1.0916	1.4987	1.5935	1.4882	1.5631	1.5064	1.4774	0.2714
22:09:16	30.2	0.2651	1.4189	1.4733	1.4565	1.4603	1.4691	1.4908	1.5696	1.5504	1.4762	0.2619	0.2657	1.6191	1.4771	1.3050	1.5556	1.4801	0.2693	1.5668	1.4512	1.4373	0.2653	0.2772	1.5129	1.6393	1.2267	1.4997	1.5107	1.6062	1.5106	1.5093	1.5016	1.4578	1.4517	0.2632	1.4132	1.4468	1.4581	1.4776	1.5653	1.4726	1.5731	1.4857	1.5608	1.4602	1.2811	1.4920	1.5787	1.3788	1.4818	1.5512	1.5864	1.4834	1.5506	1.4789	1.4628	1.0165	1.4516	1.4708	1.4920	1.4819	1.5568	1.5018	1.5059	1.5304	1.5756	1.4985	1.1109	1.5796	1.4699	0.2565	1.5116	1.5075	1.6181	1.5266	1.5588	1.4982	1.5788	1.2661	1.5061	1.5073	1.5022	0.2710	1.0401	0.2693	1.5377	1.6056	1.5123	1.0926	1.5034	1.5946	1.4946	1.5603	1.5045	1.4783	0.2713
22:19:16	30.2	0.2651	1.4175	1.4667	1.4428	1.4529	1.4616	1.4890	1.5680	1.5489	1.4696	0.2616	0.2659	1.6170	1.4750	1.2969	1.5563	1.4812	0.2691	1.5634	1.4420	1.4393	0.2649	0.2772	1.5170	1.6430	1.2153	1.4969	1.5093	1.6055	1.5102	1.5136	1.5055	1.4595	1.4544	0.2633	1.4060	1.4390	1.5710	1.4732	1.5619	1.4759	1.5715	1.4849	1.5586	1.4520	1.2720	1.4933	1.5778	1.3689	1.4797	1.5527	1.5847	1.4830	1.5528	1.4792	1.4628	1.0133	1.4519	1.4710	1.4903	1.4769	1.5566	1.4950	1.5048	1.5303	1.5744	1.4974	1.1070	1.5809	1.4733	0.2565	1.5075	1.5024	1.6144	1.5261	1.5590	1.4978	1.5816	1.2559	1.5091	1.5098	1.5003	0.2709	1.0271	0.2692	1.5371	1.6056	1.5127	1.0837	1.5064	1.5925	1.4873	1.5587	1.4966	1.4758	0.2714
22:29:16	30.2	0.2651	1.4170	1.4648	1.4323	1.4537	1.4600	1.4911	1.5656	1.5479	1.4728	0.2616	0.2657	1.6156	1.4702	1.2873	1.5586	1.4834	0.2691	1.5679	1.4439	1.4413	0.2646	0.2772	1.5171	1.6426	1.2026	1.4964	1.5129	1.6113	1.5087	1.5073	1.5055	1.4637	1.4545	0.2633	1.4061	1.4332	1.4689	1.4711	1.5596	1.4755	1.5684	1.4822	1.5580	1.4584	1.2668	1.4933	1.5775	1.3684	1.4799	1.5510	1.5815	1.4832	1.5526	1.4783	1.4649	1.0250	1.4503	1.4700	1.4914	1.4733	1.5565	1.4950	1.5062	1.5290	1.5729	1.4977	1.1095	1.5851	1.4733	0.2566	1.5117	1.5008	1.6122	1.5292	1.5592	1.4997	1.5811	1.2386	1.5100	1.5073	1.4984	0.2710	1.0388	0.2693	1.5365	1.6082	1.5123	1.0765	1.5083	1.5931	1.4916	1.5551	1.4986	1.4788	0.2713
22:39:16	30.2	0.2652	1.4153	1.4609	1.4194	1.4554	1.4572	1.4917	1.5666	1.5481	1.4692	0.2638	0.2657	1.6145	1.4669	1.2795	1.5588	1.4841	0.2692	1.5739	1.4451	1.4417	0.2644	0.2772	1.5148	1.6389	1.1911	1.4956	1.5131	1.6041	1.5072	1.5044	1.5052	1.4653	1.4554	0.2632	1.4090	1.4303	1.4690	1.4691	1.5587	1.4766	1.5700	1.4822	1.5575	1.4513	1.2628	1.4903	1.5770	1.3654	1.4820	1.5499	1.5816	1.4833	1.5533	1.4782	1.4670	1.0106	1.4502	1.4691	1.4948	1.4716	1.5565	1.4936	1.5064	1.5302	1.5723	1.4980	1.0980	1.5851	1.4753	0.2565	1.5131	1.4984	1.6117	1.5298	1.5595	1.5013	1.5820	1.2358	1.5113	1.5108	1.4981	0.2710	1.0387	0.2692	1.5377	1.6085	1.5118	1.0736	1.5139	1.5929	1.4939	1.5551	1.4957	1.4789	0.2711
