

Software Version	3.14.03



Experiment File Path:	C:\Users\Public\Documents\Experiments\Hermina\serial_passage\19Aug24\day3--19Aug24.xpt
Protocol File Path:	C:\Users\Public\Documents\Protocols\rough_growth_curve.prt



Plate Number	Plate 1
Date	21/08/2024
Time	12:22:26
Reader Type:	Epoch 2
Reader Serial Number:	23053024
Reading Type	Reader

Procedure Details

Plate Type	96 WELL PLATE (Use plate lid)
Well Selection	Runtime
Eject plate on completion	
Set Temperature	Setpoint 30°C, Gradient 1 °C
	Preheat before moving to next step
Read	OD 600
	Absorbance Endpoint
	Full Plate
	Wavelengths:  600
	Read Speed: Normal,  Delay: 100 msec,  Measurements/Data Point: 8
Start Kinetic	Runtime 24:00:00 (HH:MM:SS), Interval 0:10:00, 145 Reads
    Shake	Double Orbital: Continuous
	Frequency: 205 cpm (5 mm)
    Read	Absorbance Endpoint
	Full Plate
	Wavelengths:  600
	Read Speed: Normal,  Delay: 100 msec,  Measurements/Data Point: 8
End Kinetic	

OD 600:600

0:09:16	30.1	0.2593	0.2724	0.2711	0.2676	0.2595	0.2708	0.2728	0.2603	0.2600	0.2647	0.2538	0.2597	0.2693	0.2567	0.2890	0.2641	0.3146	0.3016	0.2907	0.3054	0.2717	0.2580	0.2679	0.2570	0.2662	0.2510	0.2676	0.2651	0.2579	0.2762	0.2541	0.2606	0.2730	0.2624	0.2652	0.2765	0.2722	0.2644	0.2655	0.2756	0.2687	0.2641	0.2612	0.2589	0.2571	0.2593	0.2605	0.2527	0.2724	0.2665	0.2602	0.2529	0.2601	0.2569	0.2478	0.2663	0.2641	0.2525	0.2511	0.2495	0.2532	0.2522	0.2678	0.2562	0.2450	0.2635	0.2491	0.2487	0.2637	0.2452	0.2515	0.2633	0.2857	0.2657	0.2519	0.2650	0.2665	0.2636	0.2473	0.2538	0.2575	0.2507	0.2635	0.2710	0.2915	0.2818	0.2777	0.2878	0.2820	0.3108	0.2838	0.2789	0.2919	0.2924	0.2725	0.2668
0:19:16	30.1	0.2597	0.2722	0.2713	0.2668	0.2593	0.2709	0.2727	0.2604	0.2597	0.2648	0.2537	0.2593	0.2694	0.2566	0.2890	0.2716	0.3157	0.3241	0.2962	0.3051	0.2716	0.2579	0.2682	0.2567	0.2656	0.2512	0.2674	0.2650	0.2579	0.2954	0.2544	0.2613	0.2750	0.2624	0.2646	0.2764	0.2724	0.2643	0.2659	0.2771	0.2681	0.2628	0.2608	0.2589	0.2567	0.2597	0.2613	0.2528	0.2726	0.2665	0.2603	0.2529	0.2595	0.2558	0.2480	0.2669	0.2639	0.2524	0.2510	0.2492	0.2532	0.2525	0.2679	0.2563	0.2454	0.2635	0.2491	0.2487	0.2635	0.2454	0.2516	0.2633	0.2858	0.2658	0.2520	0.2653	0.2667	0.2634	0.2474	0.2538	0.2577	0.2505	0.2636	0.2714	0.2933	0.2816	0.2778	0.2878	0.2819	0.3109	0.2844	0.2790	0.2915	0.2919	0.2727	0.2671
0:29:16	30.1	0.2597	0.2726	0.2712	0.2668	0.2593	0.2708	0.2725	0.2602	0.2601	0.2648	0.2535	0.2588	0.2691	0.2566	0.2893	0.2731	0.3162	0.3285	0.2949	0.3061	0.2714	0.2579	0.2676	0.2568	0.2653	0.2514	0.2674	0.2651	0.2579	0.2977	0.2543	0.2607	0.2740	0.2625	0.2644	0.2763	0.2723	0.2644	0.2658	0.2759	0.2674	0.2630	0.2606	0.2586	0.2565	0.2596	0.2613	0.2527	0.2724	0.2662	0.2603	0.2529	0.2595	0.2561	0.2479	0.2670	0.2639	0.2522	0.2508	0.2493	0.2530	0.2525	0.2678	0.2562	0.2452	0.2636	0.2490	0.2486	0.2636	0.2455	0.2514	0.2635	0.2856	0.2655	0.2521	0.2651	0.2667	0.2634	0.2474	0.2537	0.2575	0.2505	0.2634	0.2706	0.2942	0.2816	0.2779	0.2877	0.2819	0.3106	0.2841	0.2789	0.2912	0.2917	0.2725	0.2670
0:39:16	30.2	0.2598	0.2722	0.2712	0.2669	0.2596	0.2710	0.2727	0.2604	0.2605	0.2649	0.2537	0.2597	0.2693	0.2567	0.2894	0.2739	0.3147	0.3284	0.2944	0.3062	0.2717	0.2578	0.2675	0.2567	0.2655	0.2514	0.2674	0.2651	0.2580	0.3001	0.2545	0.2611	0.2759	0.2625	0.2645	0.2764	0.2724	0.2643	0.2660	0.2772	0.2676	0.2628	0.2606	0.2589	0.2567	0.2597	0.2614	0.2530	0.2726	0.2662	0.2604	0.2527	0.2593	0.2548	0.2480	0.2672	0.2636	0.2522	0.2508	0.2495	0.2531	0.2527	0.2680	0.2562	0.2455	0.2636	0.2489	0.2487	0.2637	0.2455	0.2514	0.2635	0.2857	0.2656	0.2522	0.2652	0.2668	0.2634	0.2475	0.2538	0.2576	0.2504	0.2633	0.2709	0.2881	0.2816	0.2780	0.2878	0.2818	0.3104	0.2833	0.2790	0.2912	0.2919	0.2726	0.2672
0:49:16	30.1	0.2596	0.2724	0.2715	0.2667	0.2595	0.2710	0.2726	0.2602	0.2609	0.2648	0.2533	0.2588	0.2690	0.2566	0.2893	0.2738	0.3156	0.3282	0.2946	0.3041	0.2712	0.2574	0.2681	0.2565	0.2655	0.2510	0.2671	0.2647	0.2577	0.3021	0.2543	0.2610	0.2756	0.2623	0.2643	0.2763	0.2721	0.2641	0.2659	0.2770	0.2669	0.2620	0.2600	0.2583	0.2564	0.2595	0.2612	0.2530	0.2723	0.2660	0.2600	0.2525	0.2590	0.2561	0.2477	0.2669	0.2631	0.2520	0.2505	0.2491	0.2530	0.2523	0.2676	0.2562	0.2449	0.2633	0.2486	0.2485	0.2636	0.2453	0.2512	0.2633	0.2854	0.2653	0.2519	0.2648	0.2666	0.2632	0.2470	0.2534	0.2574	0.2501	0.2631	0.2703	0.2940	0.2813	0.2777	0.2875	0.2814	0.3098	0.2820	0.2788	0.2910	0.2915	0.2725	0.2670
0:59:16	30.1	0.2598	0.2729	0.2714	0.2670	0.2595	0.2714	0.2728	0.2602	0.2611	0.2650	0.2534	0.2594	0.2691	0.2567	0.2897	0.2745	0.3162	0.3269	0.2950	0.3039	0.2717	0.2578	0.2680	0.2565	0.2655	0.2513	0.2672	0.2651	0.2578	0.3057	0.2544	0.2608	0.2755	0.2625	0.2643	0.2765	0.2721	0.2642	0.2659	0.2777	0.2673	0.2621	0.2601	0.2586	0.2566	0.2595	0.2614	0.2537	0.2723	0.2662	0.2603	0.2524	0.2591	0.2562	0.2479	0.2671	0.2635	0.2521	0.2505	0.2494	0.2530	0.2525	0.2678	0.2562	0.2450	0.2636	0.2489	0.2486	0.2637	0.2455	0.2513	0.2637	0.2858	0.2655	0.2522	0.2651	0.2669	0.2632	0.2472	0.2536	0.2577	0.2502	0.2632	0.2705	0.2927	0.2816	0.2780	0.2876	0.2817	0.3101	0.2859	0.2789	0.2910	0.2917	0.2725	0.2672
1:09:16	30.1	0.2596	0.2729	0.2715	0.2669	0.2596	0.2711	0.2726	0.2602	0.2610	0.2649	0.2532	0.2584	0.2690	0.2567	0.2896	0.2749	0.3156	0.3337	0.2950	0.3039	0.2716	0.2578	0.2683	0.2566	0.2656	0.2517	0.2671	0.2649	0.2578	0.3085	0.2544	0.2610	0.2769	0.2625	0.2643	0.2766	0.2722	0.2642	0.2656	0.2773	0.2671	0.2633	0.2604	0.2588	0.2564	0.2596	0.2609	0.2543	0.2723	0.2660	0.2601	0.2524	0.2590	0.2555	0.2478	0.2672	0.2628	0.2520	0.2505	0.2496	0.2530	0.2523	0.2679	0.2561	0.2453	0.2636	0.2489	0.2487	0.2634	0.2455	0.2512	0.2637	0.2854	0.2654	0.2522	0.2649	0.2666	0.2631	0.2472	0.2536	0.2578	0.2501	0.2630	0.2798	0.2904	0.2815	0.2778	0.2876	0.2812	0.3100	0.2864	0.2787	0.2908	0.2914	0.2727	0.2670
1:19:16	30.1	0.2596	0.2730	0.2713	0.2672	0.2594	0.2711	0.2728	0.2603	0.2612	0.2652	0.2534	0.2598	0.2692	0.2567	0.2899	0.2747	0.3163	0.3317	0.2962	0.3039	0.2718	0.2576	0.2679	0.2568	0.2652	0.2514	0.2672	0.2649	0.2578	0.3127	0.2546	0.2613	0.2755	0.2626	0.2640	0.2769	0.2724	0.2642	0.2659	0.2773	0.2674	0.2613	0.2605	0.2584	0.2567	0.2594	0.2615	0.2550	0.2723	0.2662	0.2601	0.2525	0.2590	0.2558	0.2479	0.2673	0.2632	0.2520	0.2505	0.2496	0.2529	0.2523	0.2678	0.2562	0.2451	0.2635	0.2490	0.2487	0.2634	0.2454	0.2512	0.2640	0.2858	0.2654	0.2524	0.2649	0.2671	0.2631	0.2472	0.2536	0.2577	0.2501	0.2632	0.2706	0.2935	0.2817	0.2780	0.2878	0.2817	0.3100	0.2859	0.2788	0.2910	0.2917	0.2728	0.2671
1:29:16	30.2	0.2595	0.2719	0.2719	0.2670	0.2614	0.2724	0.2728	0.2599	0.2614	0.2653	0.2534	0.2590	0.2690	0.2568	0.2900	0.2750	0.3166	0.3295	0.2953	0.3034	0.2715	0.2575	0.2679	0.2568	0.2653	0.2512	0.2670	0.2649	0.2577	0.3111	0.2543	0.2605	0.2747	0.2626	0.2639	0.2774	0.2724	0.2639	0.2659	0.2768	0.2675	0.2627	0.2603	0.2580	0.2563	0.2592	0.2615	0.2558	0.2722	0.2661	0.2601	0.2520	0.2589	0.2555	0.2476	0.2673	0.2629	0.2520	0.2503	0.2495	0.2528	0.2521	0.2678	0.2562	0.2450	0.2633	0.2490	0.2486	0.2633	0.2453	0.2511	0.2639	0.2858	0.2653	0.2522	0.2646	0.2670	0.2630	0.2472	0.2533	0.2576	0.2499	0.2630	0.2704	0.2920	0.2817	0.2776	0.2876	0.2815	0.3095	0.2858	0.2786	0.2908	0.2917	0.2726	0.2670
1:39:16	30.2	0.2597	0.2739	0.2719	0.2667	0.2596	0.2731	0.2732	0.2608	0.2620	0.2654	0.2535	0.2597	0.2691	0.2567	0.2903	0.2761	0.3162	0.3332	0.2961	0.3041	0.2719	0.2576	0.2682	0.2570	0.2656	0.2513	0.2672	0.2650	0.2577	0.3121	0.2544	0.2611	0.2750	0.2628	0.2641	0.2775	0.2724	0.2641	0.2660	0.2768	0.2676	0.2622	0.2604	0.2582	0.2568	0.2595	0.2614	0.2569	0.2724	0.2673	0.2603	0.2524	0.2591	0.2554	0.2478	0.2674	0.2629	0.2522	0.2503	0.2498	0.2530	0.2523	0.2679	0.2563	0.2452	0.2635	0.2490	0.2488	0.2635	0.2454	0.2512	0.2641	0.2860	0.2654	0.2524	0.2650	0.2672	0.2630	0.2471	0.2533	0.2578	0.2500	0.2632	0.2706	0.2904	0.2820	0.2778	0.2878	0.2815	0.3098	0.2835	0.2787	0.2910	0.2924	0.2732	0.2672
1:49:16	30.2	0.2597	0.2741	0.2721	0.2665	0.2598	0.2726	0.2745	0.2609	0.2631	0.2654	0.2533	0.2599	0.2692	0.2570	0.2909	0.2759	0.3157	0.3333	0.2960	0.3040	0.2721	0.2578	0.2681	0.2572	0.2656	0.2519	0.2673	0.2650	0.2579	0.3132	0.2545	0.2611	0.2767	0.2656	0.2639	0.2779	0.2753	0.2641	0.2662	0.2770	0.2676	0.2627	0.2607	0.2586	0.2570	0.2595	0.2616	0.2582	0.2722	0.2661	0.2602	0.2524	0.2592	0.2555	0.2479	0.2674	0.2631	0.2522	0.2503	0.2500	0.2529	0.2523	0.2681	0.2564	0.2451	0.2635	0.2494	0.2487	0.2635	0.2456	0.2513	0.2644	0.2861	0.2654	0.2525	0.2648	0.2673	0.2630	0.2473	0.2534	0.2578	0.2500	0.2631	0.2708	0.2937	0.2820	0.2779	0.2880	0.2815	0.3097	0.2838	0.2786	0.2911	0.2918	0.2732	0.2671
1:59:16	30.2	0.2596	0.2748	0.2731	0.2670	0.2615	0.2749	0.2758	0.2605	0.2639	0.2656	0.2534	0.2597	0.2691	0.2570	0.2905	0.2758	0.3157	0.3326	0.2965	0.3040	0.2723	0.2576	0.2680	0.2573	0.2658	0.2515	0.2672	0.2651	0.2580	0.3127	0.2545	0.2611	0.2767	0.2634	0.2641	0.2782	0.2726	0.2640	0.2662	0.2765	0.2675	0.2618	0.2605	0.2585	0.2569	0.2593	0.2617	0.2600	0.2719	0.2661	0.2601	0.2524	0.2592	0.2559	0.2478	0.2674	0.2629	0.2522	0.2505	0.2502	0.2530	0.2522	0.2682	0.2566	0.2450	0.2635	0.2492	0.2487	0.2635	0.2456	0.2512	0.2643	0.2863	0.2654	0.2526	0.2651	0.2674	0.2630	0.2471	0.2534	0.2579	0.2500	0.2630	0.2707	0.2896	0.2823	0.2776	0.2881	0.2815	0.3098	0.2859	0.2787	0.2911	0.2922	0.2741	0.2671
2:09:16	30.2	0.2596	0.2739	0.2737	0.2670	0.2614	0.2750	0.2752	0.2617	0.2650	0.2662	0.2532	0.2596	0.2690	0.2570	0.2915	0.2759	0.3162	0.3343	0.2963	0.3042	0.2723	0.2577	0.2682	0.2575	0.2659	0.2514	0.2673	0.2650	0.2579	0.3124	0.2545	0.2610	0.2770	0.2634	0.2639	0.2790	0.2730	0.2642	0.2661	0.2768	0.2674	0.2625	0.2609	0.2585	0.2563	0.2593	0.2616	0.2621	0.2719	0.2669	0.2601	0.2524	0.2591	0.2544	0.2477	0.2672	0.2628	0.2524	0.2503	0.2506	0.2528	0.2522	0.2683	0.2565	0.2451	0.2634	0.2495	0.2487	0.2632	0.2456	0.2511	0.2647	0.2864	0.2653	0.2527	0.2648	0.2676	0.2630	0.2472	0.2533	0.2579	0.2500	0.2631	0.2706	0.2898	0.2823	0.2776	0.2882	0.2814	0.3098	0.2838	0.2785	0.2909	0.2924	0.2738	0.2671
2:19:16	30.2	0.2597	0.2745	0.2739	0.2671	0.2610	0.2753	0.2754	0.2610	0.2663	0.2660	0.2533	0.2597	0.2692	0.2572	0.2915	0.2759	0.3160	0.3327	0.2970	0.3043	0.2728	0.2575	0.2681	0.2581	0.2662	0.2516	0.2673	0.2650	0.2578	0.3113	0.2545	0.2610	0.2757	0.2695	0.2639	0.2789	0.2728	0.2640	0.2662	0.2769	0.2678	0.2621	0.2606	0.2587	0.2573	0.2594	0.2618	0.2650	0.2719	0.2676	0.2601	0.2521	0.2591	0.2557	0.2479	0.2676	0.2628	0.2525	0.2503	0.2507	0.2530	0.2523	0.2692	0.2568	0.2451	0.2634	0.2498	0.2487	0.2633	0.2457	0.2512	0.2649	0.2868	0.2654	0.2527	0.2649	0.2677	0.2630	0.2472	0.2535	0.2580	0.2500	0.2629	0.2707	0.2897	0.2827	0.2776	0.2885	0.2814	0.3094	0.2859	0.2786	0.2910	0.2926	0.2742	0.2672
2:29:16	30.2	0.2595	0.2750	0.2767	0.2667	0.2641	0.2790	0.2736	0.2607	0.2678	0.2663	0.2531	0.2596	0.2690	0.2572	0.2919	0.2760	0.3161	0.3323	0.2965	0.3040	0.2729	0.2575	0.2680	0.2580	0.2661	0.2514	0.2672	0.2651	0.2578	0.3126	0.2544	0.2613	0.2749	0.2656	0.2638	0.2790	0.2727	0.2639	0.2660	0.2774	0.2677	0.2622	0.2610	0.2584	0.2569	0.2593	0.2615	0.2676	0.2719	0.2672	0.2601	0.2519	0.2591	0.2559	0.2478	0.2672	0.2627	0.2524	0.2502	0.2510	0.2528	0.2521	0.2680	0.2566	0.2450	0.2632	0.2495	0.2487	0.2634	0.2456	0.2511	0.2651	0.2868	0.2653	0.2527	0.2646	0.2678	0.2628	0.2472	0.2532	0.2581	0.2499	0.2626	0.2707	0.2885	0.2832	0.2775	0.2885	0.2812	0.3094	0.2859	0.2785	0.2910	0.2927	0.2752	0.2670
2:39:16	30.2	0.2597	0.2758	0.2773	0.2671	0.2619	0.2772	0.2755	0.2620	0.2695	0.2668	0.2534	0.2596	0.2691	0.2575	0.2920	0.2755	0.3157	0.3328	0.2966	0.3057	0.2742	0.2576	0.2679	0.2584	0.2664	0.2515	0.2675	0.2653	0.2579	0.3117	0.2545	0.2613	0.2750	0.2671	0.2639	0.2801	0.2765	0.2639	0.2662	0.2774	0.2676	0.2625	0.2613	0.2588	0.2573	0.2593	0.2615	0.2719	0.2719	0.2691	0.2600	0.2522	0.2592	0.2556	0.2478	0.2674	0.2628	0.2527	0.2502	0.2514	0.2529	0.2523	0.2684	0.2583	0.2451	0.2634	0.2498	0.2488	0.2634	0.2459	0.2512	0.2661	0.2870	0.2654	0.2530	0.2648	0.2680	0.2629	0.2470	0.2534	0.2581	0.2500	0.2628	0.2708	0.2921	0.2832	0.2775	0.2890	0.2815	0.3096	0.2837	0.2785	0.2910	0.2931	0.2749	0.2670
2:49:16	30.2	0.2598	0.2776	0.2781	0.2668	0.2628	0.2765	0.2761	0.2618	0.2715	0.2671	0.2532	0.2597	0.2693	0.2577	0.2932	0.2705	0.3163	0.3324	0.2964	0.3047	0.2760	0.2577	0.2678	0.2589	0.2669	0.2518	0.2677	0.2653	0.2580	0.3131	0.2545	0.2614	0.2752	0.2654	0.2640	0.2808	0.2786	0.2641	0.2663	0.2771	0.2676	0.2629	0.2646	0.2592	0.2579	0.2595	0.2618	0.2750	0.2721	0.2691	0.2600	0.2522	0.2593	0.2553	0.2477	0.2674	0.2626	0.2529	0.2502	0.2520	0.2529	0.2523	0.2685	0.2571	0.2450	0.2634	0.2504	0.2489	0.2633	0.2459	0.2511	0.2671	0.2878	0.2654	0.2532	0.2649	0.2683	0.2631	0.2471	0.2534	0.2584	0.2500	0.2629	0.2710	0.2935	0.2838	0.2776	0.2892	0.2815	0.3096	0.2838	0.2786	0.2909	0.2933	0.2755	0.2672
2:59:16	30.2	0.2598	0.2783	0.2822	0.2669	0.2637	0.2797	0.2779	0.2616	0.2739	0.2680	0.2533	0.2596	0.2692	0.2578	0.2932	0.2719	0.3171	0.3324	0.2974	0.3049	0.2744	0.2576	0.2679	0.2594	0.2671	0.2516	0.2677	0.2653	0.2580	0.3139	0.2547	0.2618	0.2752	0.2665	0.2641	0.2814	0.2761	0.2640	0.2663	0.2772	0.2686	0.2629	0.2668	0.2590	0.2578	0.2595	0.2616	0.2804	0.2723	0.2719	0.2600	0.2522	0.2602	0.2555	0.2478	0.2675	0.2624	0.2529	0.2503	0.2527	0.2529	0.2523	0.2687	0.2573	0.2453	0.2635	0.2503	0.2488	0.2632	0.2461	0.2512	0.2726	0.2880	0.2654	0.2533	0.2649	0.2687	0.2630	0.2470	0.2533	0.2585	0.2499	0.2630	0.2710	0.2926	0.2852	0.2774	0.2897	0.2815	0.3095	0.2858	0.2784	0.2911	0.2940	0.2761	0.2671
3:09:16	30.2	0.2597	0.2791	0.2829	0.2671	0.2658	0.2808	0.2750	0.2620	0.2777	0.2685	0.2532	0.2597	0.2691	0.2581	0.2951	0.2734	0.3190	0.3336	0.2971	0.3052	0.2776	0.2577	0.2669	0.2601	0.2677	0.2518	0.2678	0.2657	0.2578	0.3178	0.2545	0.2618	0.2752	0.2675	0.2640	0.2828	0.2790	0.2642	0.2663	0.2771	0.2690	0.2619	0.2680	0.2594	0.2580	0.2595	0.2618	0.2882	0.2722	0.2685	0.2601	0.2522	0.2594	0.2559	0.2478	0.2677	0.2626	0.2533	0.2504	0.2544	0.2531	0.2522	0.2688	0.2576	0.2451	0.2634	0.2507	0.2488	0.2631	0.2464	0.2513	0.2700	0.2884	0.2656	0.2536	0.2647	0.2690	0.2629	0.2470	0.2533	0.2589	0.2501	0.2630	0.2709	0.2934	0.2849	0.2775	0.2901	0.2813	0.3095	0.2856	0.2786	0.2910	0.2945	0.2769	0.2672
3:19:16	30.2	0.2596	0.2805	0.2827	0.2672	0.2647	0.2779	0.2752	0.2621	0.2812	0.2689	0.2532	0.2597	0.2690	0.2590	0.2942	0.2697	0.3166	0.3348	0.2968	0.3059	0.2759	0.2576	0.2681	0.2626	0.2682	0.2519	0.2678	0.2702	0.2578	0.3164	0.2545	0.2618	0.2752	0.2727	0.2639	0.2845	0.2810	0.2639	0.2665	0.2771	0.2695	0.2626	0.2659	0.2597	0.2587	0.2594	0.2616	0.2952	0.2719	0.2722	0.2600	0.2520	0.2597	0.2561	0.2476	0.2678	0.2624	0.2535	0.2504	0.2542	0.2529	0.2523	0.2690	0.2575	0.2451	0.2634	0.2511	0.2489	0.2631	0.2463	0.2511	0.2674	0.2890	0.2654	0.2539	0.2647	0.2695	0.2628	0.2469	0.2533	0.2589	0.2499	0.2628	0.2710	0.2923	0.2856	0.2775	0.2906	0.2813	0.3095	0.2857	0.2784	0.2911	0.2949	0.2779	0.2670
3:29:16	30.2	0.2597	0.2821	0.2832	0.2667	0.2638	0.2760	0.2763	0.2634	0.2864	0.2714	0.2532	0.2596	0.2691	0.2589	0.2947	0.2696	0.3221	0.3340	0.2966	0.3067	0.2766	0.2576	0.2682	0.2618	0.2687	0.2520	0.2681	0.2692	0.2579	0.3218	0.2544	0.2678	0.2749	0.2713	0.2638	0.2880	0.2801	0.2640	0.2667	0.2774	0.2693	0.2619	0.2629	0.2595	0.2588	0.2594	0.2617	0.3061	0.2720	0.2726	0.2601	0.2521	0.2607	0.2555	0.2477	0.2675	0.2624	0.2544	0.2502	0.2554	0.2529	0.2522	0.2693	0.2580	0.2450	0.2635	0.2515	0.2488	0.2630	0.2468	0.2512	0.2682	0.2895	0.2654	0.2542	0.2647	0.2701	0.2629	0.2469	0.2534	0.2592	0.2499	0.2627	0.2711	0.2891	0.2922	0.2776	0.2912	0.2814	0.3094	0.2857	0.2786	0.2911	0.2962	0.2787	0.2672
3:39:16	30.1	0.2597	0.2844	0.2852	0.2668	0.2690	0.2846	0.2767	0.2636	0.2934	0.2727	0.2533	0.2596	0.2695	0.2649	0.2955	0.2698	0.3229	0.3342	0.2980	0.3133	0.2820	0.2578	0.2671	0.2627	0.2699	0.2517	0.2684	0.2660	0.2580	0.3219	0.2547	0.2649	0.2744	0.2716	0.2641	0.2978	0.2810	0.2640	0.2670	0.2775	0.2732	0.2622	0.2697	0.2607	0.2599	0.2596	0.2616	0.3179	0.2722	0.2719	0.2601	0.2521	0.2601	0.2546	0.2478	0.2677	0.2625	0.2564	0.2503	0.2572	0.2530	0.2524	0.2697	0.2586	0.2451	0.2634	0.2524	0.2488	0.2630	0.2472	0.2513	0.2716	0.2903	0.2655	0.2545	0.2649	0.2709	0.2630	0.2470	0.2533	0.2598	0.2500	0.2628	0.2710	0.2945	0.2880	0.2775	0.2924	0.2816	0.3092	0.2858	0.2786	0.2910	0.2972	0.2803	0.2672
3:49:16	30.2	0.2596	0.2884	0.2857	0.2669	0.2688	0.2855	0.2793	0.2652	0.3028	0.2723	0.2532	0.2595	0.2692	0.2606	0.2958	0.2697	0.3189	0.3345	0.2977	0.3072	0.2793	0.2576	0.2676	0.2633	0.2705	0.2518	0.2683	0.2691	0.2580	0.3129	0.2546	0.2638	0.2756	0.2768	0.2639	0.2933	0.2795	0.2640	0.2671	0.2771	0.2747	0.2621	0.2714	0.2694	0.2600	0.2595	0.2617	0.3313	0.2721	0.2752	0.2600	0.2522	0.2603	0.2550	0.2476	0.2672	0.2622	0.2545	0.2501	0.2576	0.2529	0.2522	0.2699	0.2589	0.2451	0.2633	0.2528	0.2486	0.2630	0.2478	0.2512	0.2701	0.2913	0.2654	0.2546	0.2646	0.2716	0.2628	0.2469	0.2532	0.2599	0.2498	0.2627	0.2709	0.2892	0.2894	0.2774	0.2930	0.2812	0.3095	0.2858	0.2785	0.2909	0.2986	0.2822	0.2672
3:59:16	30.2	0.2598	0.2911	0.2878	0.2668	0.2665	0.2846	0.2824	0.2656	0.3117	0.2794	0.2533	0.2596	0.2694	0.2647	0.2966	0.2719	0.3217	0.3350	0.2984	0.3124	0.2812	0.2576	0.2678	0.2654	0.2722	0.2517	0.2689	0.2668	0.2583	0.3048	0.2546	0.2644	0.2770	0.2781	0.2640	0.3061	0.2831	0.2639	0.2736	0.2776	0.2706	0.2626	0.2718	0.2614	0.2614	0.2596	0.2616	0.3478	0.2724	0.2750	0.2601	0.2522	0.2621	0.2565	0.2478	0.2676	0.2622	0.2552	0.2504	0.2593	0.2530	0.2525	0.2703	0.2604	0.2454	0.2636	0.2537	0.2490	0.2631	0.2502	0.2512	0.2717	0.2946	0.2656	0.2587	0.2648	0.2731	0.2629	0.2468	0.2533	0.2604	0.2499	0.2629	0.2713	0.2940	0.2917	0.2774	0.2948	0.2814	0.3098	0.2857	0.2787	0.2910	0.3003	0.2848	0.2672
4:09:16	30.2	0.2598	0.2943	0.2888	0.2670	0.2717	0.2881	0.2859	0.2720	0.3212	0.2736	0.2533	0.2597	0.2693	0.2641	0.2979	0.2672	0.3226	0.3348	0.2995	0.3089	0.2829	0.2578	0.2677	0.2667	0.2736	0.2518	0.2692	0.2675	0.2580	0.3011	0.2546	0.2654	0.2775	0.2821	0.2640	0.2958	0.2831	0.2641	0.2728	0.2775	0.2708	0.2627	0.2711	0.2614	0.2622	0.2596	0.2615	0.3600	0.2721	0.2764	0.2601	0.2521	0.2611	0.2549	0.2478	0.2677	0.2624	0.2559	0.2503	0.2615	0.2530	0.2524	0.2707	0.2668	0.2454	0.2636	0.2548	0.2490	0.2636	0.2490	0.2513	0.2794	0.2936	0.2656	0.2558	0.2650	0.2759	0.2630	0.2469	0.2534	0.2613	0.2501	0.2630	0.2714	0.2948	0.2958	0.2774	0.2964	0.2813	0.3096	0.2860	0.2787	0.2909	0.3023	0.2861	0.2673
4:19:16	30.2	0.2597	0.2995	0.2907	0.2666	0.2669	0.2855	0.2835	0.2685	0.3343	0.2750	0.2534	0.2596	0.2691	0.2678	0.2989	0.2668	0.3258	0.3358	0.2985	0.3095	0.2926	0.2578	0.2682	0.2693	0.2751	0.2517	0.2696	0.2671	0.2581	0.3013	0.2547	0.2639	0.2771	0.2818	0.2639	0.3180	0.2852	0.2640	0.2707	0.2776	0.2715	0.2627	0.2683	0.2622	0.2635	0.2595	0.2614	0.3678	0.2721	0.2769	0.2601	0.2522	0.2615	0.2544	0.2476	0.2675	0.2622	0.2566	0.2503	0.2631	0.2527	0.2524	0.2712	0.2662	0.2455	0.2635	0.2563	0.2489	0.2636	0.2490	0.2511	0.2746	0.2948	0.2656	0.2563	0.2647	0.2759	0.2629	0.2468	0.2533	0.2621	0.2499	0.2629	0.2715	0.2901	0.2973	0.2775	0.2992	0.2813	0.3100	0.2856	0.2785	0.2910	0.3039	0.2913	0.2672
4:29:16	30.2	0.2598	0.3053	0.2931	0.2669	0.2759	0.2944	0.2888	0.2747	0.3541	0.2768	0.2534	0.2596	0.2693	0.2621	0.2996	0.2702	0.3250	0.3355	0.2972	0.3154	0.2970	0.2578	0.2681	0.2759	0.2772	0.2517	0.2700	0.2730	0.2582	0.3020	0.2549	0.2692	0.2772	0.2908	0.2640	0.3057	0.2855	0.2641	0.2741	0.2773	0.2746	0.2629	0.2743	0.2652	0.2654	0.2596	0.2613	0.3856	0.2721	0.2777	0.2602	0.2522	0.2622	0.2566	0.2478	0.2676	0.2623	0.2575	0.2503	0.2654	0.2530	0.2524	0.2719	0.2677	0.2452	0.2634	0.2592	0.2490	0.2637	0.2499	0.2512	0.2816	0.2967	0.2657	0.2572	0.2649	0.2777	0.2629	0.2470	0.2533	0.2654	0.2500	0.2629	0.2725	0.2939	0.2993	0.2774	0.2996	0.2813	0.3098	0.2860	0.2786	0.2910	0.3061	0.2922	0.2673
4:39:16	30.2	0.2599	0.3132	0.2944	0.2673	0.2760	0.2937	0.2913	0.2733	0.3722	0.2789	0.2534	0.2597	0.2693	0.2699	0.3015	0.2733	0.3226	0.3358	0.2971	0.3122	0.2963	0.2577	0.2650	0.2835	0.2799	0.2521	0.2707	0.2720	0.2582	0.2998	0.2547	0.2663	0.2771	0.2941	0.2641	0.3202	0.2859	0.2641	0.2750	0.2779	0.2766	0.2623	0.2741	0.2641	0.2668	0.2597	0.2614	0.4097	0.2720	0.2755	0.2602	0.2522	0.2628	0.2540	0.2479	0.2674	0.2623	0.2590	0.2505	0.2679	0.2529	0.2524	0.2725	0.2668	0.2453	0.2637	0.2598	0.2490	0.2637	0.2551	0.2514	0.2815	0.2980	0.2657	0.2582	0.2648	0.2799	0.2630	0.2467	0.2536	0.2637	0.2500	0.2630	0.2717	0.2927	0.3066	0.2776	0.3048	0.2813	0.3097	0.2860	0.2787	0.2911	0.3082	0.2960	0.2673
4:49:16	30.2	0.2599	0.3215	0.2962	0.2671	0.2806	0.2994	0.2945	0.2776	0.3875	0.2828	0.2535	0.2597	0.2693	0.2646	0.3013	0.2643	0.3237	0.3350	0.2970	0.3167	0.2944	0.2578	0.2650	0.2776	0.2831	0.2521	0.2710	0.2757	0.2581	0.2991	0.2547	0.2695	0.2771	0.2956	0.2639	0.3065	0.2880	0.2641	0.2748	0.2774	0.2743	0.2623	0.2794	0.2650	0.2687	0.2595	0.2615	0.4435	0.2723	0.2798	0.2601	0.2521	0.2635	0.2555	0.2477	0.2677	0.2622	0.2603	0.2504	0.2725	0.2530	0.2526	0.2733	0.2643	0.2453	0.2634	0.2615	0.2491	0.2636	0.2570	0.2513	0.2799	0.2974	0.2659	0.2595	0.2650	0.2834	0.2629	0.2467	0.2534	0.2660	0.2500	0.2628	0.2718	0.2939	0.3063	0.2774	0.3074	0.2813	0.3096	0.2861	0.2787	0.2910	0.3122	0.2964	0.2671
4:59:16	30.2	0.2599	0.3323	0.3004	0.2667	0.2831	0.3005	0.2918	0.2789	0.4182	0.2822	0.2533	0.2595	0.2694	0.2696	0.3037	0.2614	0.3288	0.3354	0.2977	0.3155	0.2928	0.2577	0.2649	0.2797	0.2868	0.2518	0.2720	0.2754	0.2582	0.2989	0.2551	0.2730	0.2771	0.2977	0.2641	0.3348	0.2891	0.2642	0.2711	0.2776	0.2764	0.2621	0.2824	0.2729	0.2706	0.2595	0.2614	0.4737	0.2723	0.2818	0.2601	0.2524	0.2706	0.2564	0.2478	0.2673	0.2622	0.2614	0.2502	0.2753	0.2529	0.2525	0.2746	0.2655	0.2454	0.2634	0.2632	0.2490	0.2635	0.2534	0.2513	0.2810	0.2989	0.2658	0.2622	0.2648	0.2891	0.2628	0.2468	0.2533	0.2662	0.2500	0.2629	0.2718	0.2931	0.3113	0.2773	0.3118	0.2814	0.3098	0.2859	0.2785	0.2909	0.3110	0.3007	0.2672
5:09:16	30.2	0.2599	0.3469	0.2996	0.2668	0.2851	0.3042	0.2999	0.2846	0.4426	0.2835	0.2534	0.2596	0.2694	0.2692	0.3040	0.2612	0.3294	0.3339	0.2969	0.3229	0.3014	0.2577	0.2650	0.2884	0.2908	0.2518	0.2730	0.2701	0.2583	0.2988	0.2548	0.2759	0.2773	0.3041	0.2640	0.3450	0.2913	0.2641	0.2721	0.2777	0.2794	0.2621	0.2817	0.2733	0.2723	0.2597	0.2614	0.4921	0.2724	0.2840	0.2603	0.2522	0.2681	0.2543	0.2481	0.2676	0.2622	0.2632	0.2502	0.2753	0.2530	0.2525	0.2756	0.2702	0.2451	0.2636	0.2714	0.2491	0.2635	0.2550	0.2513	0.2917	0.3032	0.2658	0.2619	0.2650	0.2876	0.2630	0.2467	0.2534	0.2679	0.2500	0.2630	0.2717	0.2947	0.3064	0.2775	0.3099	0.2812	0.3101	0.2860	0.2786	0.2911	0.3225	0.3073	0.2672
5:19:16	30.2	0.2599	0.3671	0.3063	0.2668	0.2811	0.3038	0.2975	0.2819	0.4586	0.2862	0.2534	0.2596	0.2695	0.2765	0.3056	0.2624	0.3332	0.3351	0.2978	0.3221	0.3073	0.2577	0.2650	0.2936	0.2948	0.2522	0.2742	0.2785	0.2582	0.2984	0.2548	0.2738	0.2770	0.3142	0.2640	0.3623	0.2940	0.2642	0.2794	0.2777	0.2784	0.2620	0.2839	0.2817	0.2754	0.2596	0.2614	0.4820	0.2726	0.2854	0.2602	0.2522	0.2673	0.2563	0.2479	0.2674	0.2623	0.2655	0.2505	0.2794	0.2530	0.2526	0.2786	0.2695	0.2454	0.2634	0.2686	0.2489	0.2637	0.2562	0.2513	0.2897	0.3103	0.2660	0.2643	0.2649	0.2910	0.2629	0.2469	0.2533	0.2706	0.2500	0.2628	0.2717	0.2899	0.3194	0.2774	0.3215	0.2812	0.3101	0.2860	0.2786	0.2911	0.3217	0.3161	0.2672
5:29:16	30.2	0.2598	0.3863	0.2989	0.2668	0.2883	0.2946	0.3016	0.2932	0.4662	0.2986	0.2535	0.2596	0.2696	0.2750	0.3074	0.2621	0.3347	0.3355	0.2977	0.3231	0.3129	0.2578	0.2651	0.3008	0.2985	0.2519	0.2752	0.2724	0.2585	0.2991	0.2549	0.2764	0.2771	0.3236	0.2640	0.3935	0.2954	0.2642	0.2794	0.2779	0.2845	0.2622	0.2840	0.2765	0.2773	0.2598	0.2613	0.5029	0.2725	0.2876	0.2602	0.2523	0.2688	0.2566	0.2481	0.2674	0.2622	0.2732	0.2505	0.2974	0.2531	0.2527	0.2784	0.2707	0.2452	0.2636	0.2730	0.2489	0.2638	0.2584	0.2514	0.3069	0.3231	0.2660	0.2652	0.2650	0.3036	0.2629	0.2468	0.2535	0.2712	0.2501	0.2627	0.2719	0.2953	0.3258	0.2774	0.3286	0.2814	0.3105	0.2860	0.2787	0.2913	0.3288	0.3276	0.2672
5:39:16	30.2	0.2598	0.4166	0.3185	0.2671	0.2900	0.3037	0.3095	0.2859	0.4715	0.3095	0.2533	0.2595	0.2696	0.2803	0.3078	0.2621	0.3367	0.3347	0.2972	0.3267	0.3292	0.2577	0.2650	0.3125	0.3038	0.2521	0.2769	0.2751	0.2585	0.2992	0.2548	0.2816	0.2768	0.3370	0.2638	0.4253	0.2963	0.2641	0.2818	0.2775	0.2836	0.2622	0.2897	0.2735	0.2802	0.2596	0.2614	0.5348	0.2725	0.2893	0.2603	0.2522	0.2741	0.2538	0.2480	0.2675	0.2623	0.2716	0.2503	0.3287	0.2530	0.2526	0.2797	0.2721	0.2453	0.2635	0.2761	0.2489	0.2636	0.2603	0.2513	0.3244	0.3403	0.2661	0.2682	0.2650	0.3141	0.2628	0.2470	0.2533	0.2745	0.2501	0.2628	0.2718	0.2894	0.3494	0.2774	0.3317	0.2812	0.3103	0.2858	0.2785	0.2912	0.3425	0.3379	0.2671
5:49:16	30.2	0.2600	0.4370	0.3242	0.2668	0.2950	0.3250	0.3143	0.3036	0.4831	0.3211	0.2535	0.2597	0.2700	0.2759	0.3094	0.2623	0.3366	0.3361	0.2973	0.3280	0.3662	0.2578	0.2651	0.3292	0.3020	0.2520	0.2793	0.2807	0.2586	0.3007	0.2551	0.2824	0.2773	0.3567	0.2640	0.4193	0.2975	0.2642	0.2782	0.2779	0.2857	0.2622	0.2976	0.2765	0.2876	0.2598	0.2614	0.5523	0.2729	0.2906	0.2605	0.2523	0.2816	0.2565	0.2484	0.2673	0.2623	0.2745	0.2503	0.3385	0.2531	0.2529	0.2810	0.2735	0.2453	0.2637	0.2898	0.2490	0.2638	0.2632	0.2514	0.3351	0.3804	0.2663	0.2683	0.2651	0.3189	0.2629	0.2467	0.2535	0.2770	0.2502	0.2629	0.2721	0.2923	0.3461	0.2775	0.3431	0.2813	0.3106	0.2860	0.2787	0.2914	0.3754	0.3606	0.2673
5:59:16	30.2	0.2599	0.4872	0.3428	0.2667	0.2998	0.3453	0.3265	0.3064	0.4922	0.3449	0.2535	0.2597	0.2699	0.2879	0.3093	0.2621	0.3407	0.3346	0.2987	0.3331	0.3822	0.2577	0.2649	0.3563	0.3096	0.2520	0.2796	0.2846	0.2588	0.2978	0.2552	0.2857	0.2771	0.3802	0.2639	0.4378	0.3015	0.2642	0.2811	0.2778	0.2859	0.2622	0.3071	0.2800	0.2958	0.2597	0.2613	0.5659	0.2727	0.2924	0.2605	0.2526	0.2847	0.2542	0.2483	0.2673	0.2622	0.2813	0.2502	0.3799	0.2529	0.2527	0.2820	0.2779	0.2454	0.2634	0.3067	0.2488	0.2639	0.2693	0.2513	0.3541	0.4108	0.2665	0.2752	0.2650	0.3521	0.2628	0.2471	0.2533	0.2782	0.2502	0.2629	0.2720	0.2934	0.3545	0.2773	0.3581	0.2815	0.3110	0.2860	0.2787	0.2916	0.4189	0.4161	0.2673
6:09:16	30.3	0.2600	0.5011	0.3826	0.2674	0.3068	0.3769	0.3447	0.3214	0.5238	0.3788	0.2533	0.2598	0.2699	0.2921	0.3110	0.2618	0.3443	0.3377	0.2982	0.3408	0.4461	0.2575	0.2649	0.3853	0.3347	0.2519	0.2850	0.2840	0.2589	0.3011	0.2556	0.2847	0.2773	0.4142	0.2638	0.4744	0.3103	0.2641	0.2884	0.2774	0.2886	0.2627	0.3177	0.2868	0.3047	0.2594	0.2616	0.5831	0.2726	0.2949	0.2605	0.2521	0.2882	0.2564	0.2484	0.2674	0.2622	0.2886	0.2502	0.4250	0.2530	0.2527	0.2835	0.2831	0.2452	0.2634	0.3311	0.2487	0.2637	0.2705	0.2514	0.3812	0.4261	0.2666	0.2788	0.2651	0.3830	0.2628	0.2475	0.2533	0.2800	0.2503	0.2627	0.2721	0.2931	0.4225	0.2773	0.4014	0.2812	0.3112	0.2859	0.2787	0.2920	0.4766	0.4648	0.2672
6:19:16	30.2	0.2599	0.5596	0.4307	0.2665	0.3175	0.4321	0.3700	0.3440	0.5517	0.4220	0.2534	0.2597	0.2701	0.2977	0.3117	0.2621	0.3453	0.3376	0.2985	0.3525	0.4547	0.2575	0.2649	0.4017	0.3547	0.2517	0.2856	0.2851	0.2590	0.3005	0.2550	0.2867	0.2772	0.5062	0.2638	0.5310	0.3058	0.2641	0.2814	0.2776	0.2950	0.2626	0.3319	0.2870	0.3106	0.2596	0.2615	0.6157	0.2726	0.2954	0.2605	0.2522	0.2866	0.2550	0.2487	0.2672	0.2621	0.2933	0.2501	0.4539	0.2529	0.2529	0.2843	0.2879	0.2453	0.2633	0.3533	0.2489	0.2637	0.2740	0.2513	0.4661	0.4455	0.2668	0.2786	0.2651	0.3938	0.2628	0.2468	0.2533	0.2825	0.2503	0.2626	0.2723	0.2946	0.4567	0.2772	0.4473	0.2814	0.3117	0.2862	0.2786	0.2920	0.4859	0.5021	0.2672
6:29:16	30.2	0.2599	0.5868	0.4727	0.2665	0.3333	0.4659	0.4368	0.3820	0.5588	0.4548	0.2533	0.2597	0.2703	0.3112	0.3130	0.2623	0.3487	0.3418	0.2985	0.3603	0.4980	0.2575	0.2650	0.4539	0.3970	0.2518	0.2859	0.2878	0.2595	0.3005	0.2554	0.2938	0.2775	0.5467	0.2637	0.5631	0.3424	0.2641	0.2949	0.2779	0.2985	0.2620	0.3475	0.2990	0.3241	0.2595	0.2617	0.6285	0.2727	0.3004	0.2607	0.2522	0.2912	0.2552	0.2488	0.2673	0.2622	0.3157	0.2503	0.4651	0.2529	0.2529	0.2898	0.3051	0.2453	0.2635	0.3911	0.2488	0.2639	0.2868	0.2515	0.4921	0.4720	0.2672	0.3014	0.2652	0.4542	0.2628	0.2470	0.2533	0.2871	0.2503	0.2628	0.2722	0.2893	0.4897	0.2773	0.4792	0.2812	0.3119	0.2860	0.2786	0.2924	0.5093	0.5091	0.2672
6:39:16	30.2	0.2598	0.6067	0.4971	0.2667	0.3736	0.5041	0.4778	0.4331	0.5734	0.4747	0.2533	0.2598	0.2706	0.3268	0.3131	0.2622	0.3531	0.3419	0.2984	0.3619	0.5484	0.2575	0.2649	0.4618	0.4323	0.2518	0.2889	0.2834	0.2597	0.2994	0.2554	0.2891	0.2777	0.5653	0.2640	0.5872	0.3753	0.2642	0.2961	0.2778	0.3066	0.2621	0.3721	0.3116	0.3511	0.2594	0.2615	0.6380	0.2728	0.3124	0.2609	0.2521	0.2989	0.2564	0.2491	0.2674	0.2622	0.3399	0.2503	0.4917	0.2530	0.2531	0.3029	0.3330	0.2453	0.2635	0.4119	0.2490	0.2638	0.3015	0.2513	0.5065	0.4747	0.2674	0.3044	0.2653	0.4733	0.2629	0.2469	0.2533	0.2937	0.2506	0.2627	0.2724	0.2943	0.5089	0.2773	0.5087	0.2815	0.3130	0.2861	0.2787	0.2929	0.5322	0.5301	0.2672
6:49:16	30.2	0.2598	0.6307	0.4688	0.2666	0.4208	0.5133	0.4943	0.4321	0.5718	0.4891	0.2535	0.2598	0.2710	0.3302	0.3157	0.2619	0.3631	0.3415	0.2987	0.4501	0.5639	0.2575	0.2650	0.5433	0.4953	0.2519	0.2980	0.2904	0.2601	0.3002	0.2556	0.3027	0.2779	0.5836	0.2639	0.6193	0.3683	0.2643	0.3014	0.2780	0.3160	0.2623	0.4343	0.3303	0.3972	0.2595	0.2618	0.6501	0.2728	0.3425	0.2612	0.2523	0.3100	0.2544	0.2494	0.2672	0.2619	0.3727	0.2504	0.5280	0.2530	0.2533	0.3097	0.3587	0.2453	0.2635	0.3550	0.2488	0.2640	0.3293	0.2514	0.5328	0.4941	0.2680	0.3243	0.2654	0.4547	0.2628	0.2469	0.2532	0.2912	0.2507	0.2629	0.2724	0.2951	0.5429	0.2773	0.5447	0.2813	0.3131	0.2858	0.2788	0.2931	0.5428	0.5490	0.2673
6:59:16	30.2	0.2600	0.6298	0.5355	0.2667	0.4681	0.5544	0.5492	0.4740	0.5822	0.5220	0.2536	0.2597	0.2713	0.3861	0.3167	0.2621	0.3817	0.3407	0.2993	0.5096	0.5939	0.2575	0.2653	0.5231	0.5009	0.2522	0.3107	0.3029	0.2605	0.3006	0.2557	0.3134	0.2783	0.6135	0.2638	0.6386	0.4276	0.2644	0.3209	0.2787	0.3485	0.2622	0.4615	0.3654	0.5031	0.2597	0.2618	0.6631	0.2730	0.3796	0.2616	0.2523	0.3210	0.2566	0.2497	0.2672	0.2622	0.3804	0.2503	0.5164	0.2531	0.2535	0.3260	0.3980	0.2453	0.2635	0.4274	0.2488	0.2640	0.3633	0.2514	0.5618	0.5168	0.2686	0.4060	0.2655	0.4780	0.2629	0.2471	0.2532	0.3000	0.2509	0.2631	0.2725	0.2924	0.5592	0.2774	0.5579	0.2815	0.3146	0.2859	0.2788	0.2937	0.5551	0.5734	0.2674
7:09:16	30.2	0.2598	0.6532	0.5838	0.2666	0.5023	0.5997	0.5600	0.5020	0.5877	0.5565	0.2535	0.2598	0.2718	0.4142	0.3186	0.2624	0.4001	0.3424	0.2993	0.5504	0.6241	0.2575	0.2651	0.5544	0.5506	0.2518	0.3712	0.3103	0.2611	0.3005	0.2561	0.3235	0.2785	0.6337	0.2638	0.6482	0.4438	0.2644	0.3541	0.2788	0.4193	0.2621	0.4938	0.3965	0.5317	0.2594	0.2617	0.6798	0.2732	0.4125	0.2618	0.2524	0.3468	0.2545	0.2502	0.2674	0.2624	0.4021	0.2505	0.5976	0.2531	0.2538	0.3869	0.4364	0.2453	0.2635	0.4849	0.2489	0.2640	0.3756	0.2516	0.5919	0.5268	0.2693	0.4161	0.2656	0.4957	0.2629	0.2470	0.2533	0.3340	0.2512	0.2630	0.2725	0.2897	0.5897	0.2774	0.5852	0.2814	0.3154	0.2862	0.2789	0.2944	0.5670	0.5978	0.2674
7:19:16	30.2	0.2600	0.7103	0.5703	0.2668	0.5035	0.6119	0.5778	0.5155	0.5939	0.5747	0.2537	0.2593	0.2724	0.4410	0.3193	0.2623	0.4169	0.3413	0.2999	0.5886	0.6459	0.2575	0.2651	0.6335	0.5932	0.2518	0.3494	0.3257	0.2617	0.2996	0.2565	0.3574	0.2788	0.6355	0.2639	0.6650	0.4552	0.2644	0.3434	0.2792	0.4272	0.2623	0.5236	0.4184	0.5612	0.2598	0.2620	0.6845	0.2733	0.4271	0.2623	0.2527	0.3736	0.2558	0.2509	0.2675	0.2623	0.4402	0.2503	0.6132	0.2531	0.2541	0.4375	0.4255	0.2453	0.2636	0.4791	0.2490	0.2641	0.3909	0.2515	0.6264	0.5859	0.2696	0.4081	0.2661	0.5529	0.2630	0.2473	0.2535	0.3532	0.2513	0.2630	0.2726	0.2920	0.6207	0.2774	0.6192	0.2815	0.3167	0.2861	0.2789	0.2951	0.6029	0.6347	0.2675
7:29:16	30.2	0.2598	0.7143	0.6196	0.2666	0.5400	0.6663	0.6075	0.5742	0.5999	0.6085	0.2535	0.2592	0.2730	0.4609	0.3207	0.2625	0.4760	0.3384	0.3002	0.5965	0.6624	0.2574	0.2651	0.6331	0.6260	0.2517	0.3730	0.3487	0.2623	0.3008	0.2566	0.3801	0.2791	0.6662	0.2637	0.6762	0.5207	0.2645	0.3794	0.2791	0.4753	0.2620	0.5494	0.4474	0.5714	0.2595	0.2618	0.7046	0.2731	0.4687	0.2626	0.2522	0.4088	0.2559	0.2512	0.2671	0.2620	0.4792	0.2502	0.6405	0.2529	0.2542	0.4827	0.4895	0.2451	0.2635	0.5280	0.2487	0.2639	0.4609	0.2514	0.6374	0.5736	0.2703	0.4260	0.2660	0.5657	0.2628	0.2468	0.2531	0.4254	0.2514	0.2628	0.2725	0.2945	0.6523	0.2773	0.6406	0.2812	0.3183	0.2859	0.2788	0.2961	0.6184	0.6388	0.2673
7:39:16	30.2	0.2599	0.7390	0.6477	0.2665	0.5725	0.6931	0.6427	0.6004	0.6087	0.6285	0.2536	0.2593	0.2737	0.5270	0.3215	0.2622	0.4955	0.3402	0.3017	0.6075	0.6607	0.2575	0.2652	0.6536	0.6884	0.2517	0.4428	0.3863	0.2633	0.3012	0.2570	0.4614	0.2800	0.6823	0.2637	0.6867	0.5742	0.2644	0.4361	0.2799	0.5072	0.2622	0.5744	0.4578	0.5944	0.2593	0.2619	0.7093	0.2737	0.5091	0.2632	0.2529	0.4407	0.2561	0.2522	0.2672	0.2622	0.4882	0.2503	0.6456	0.2530	0.2547	0.5171	0.5071	0.2452	0.2635	0.5889	0.2489	0.2640	0.4661	0.2514	0.6496	0.6285	0.2717	0.4615	0.2661	0.5973	0.2629	0.2471	0.2533	0.4648	0.2521	0.2628	0.2726	0.2947	0.6767	0.2775	0.6617	0.2816	0.3202	0.2860	0.2789	0.2973	0.6493	0.6612	0.2675
7:49:16	30.2	0.2599	0.7442	0.6985	0.2666	0.6148	0.7262	0.6708	0.6387	0.6183	0.6695	0.2535	0.2593	0.2748	0.5541	0.3229	0.2624	0.5336	0.3403	0.3030	0.6507	0.6912	0.2576	0.2660	0.6817	0.7354	0.2518	0.4501	0.4313	0.2646	0.3001	0.2575	0.4868	0.2806	0.7007	0.2637	0.6873	0.5957	0.2646	0.4693	0.2795	0.5311	0.2622	0.6011	0.5108	0.6166	0.2597	0.2620	0.7111	0.2733	0.5136	0.2641	0.2525	0.4724	0.2560	0.2531	0.2673	0.2621	0.5227	0.2504	0.6302	0.2531	0.2553	0.5385	0.5278	0.2454	0.2635	0.6042	0.2490	0.2641	0.4056	0.2515	0.6382	0.6457	0.2733	0.4754	0.2666	0.5790	0.2629	0.2470	0.2533	0.5380	0.2526	0.2628	0.2725	0.2948	0.7184	0.2775	0.6895	0.2814	0.3228	0.2860	0.2788	0.2988	0.6632	0.6673	0.2676
7:59:16	30.2	0.2600	0.7726	0.7009	0.2668	0.6476	0.7362	0.6880	0.6606	0.6205	0.6788	0.2535	0.2593	0.2759	0.5779	0.3248	0.2622	0.5378	0.3406	0.3049	0.6903	0.6912	0.2577	0.2661	0.6924	0.7781	0.2520	0.4708	0.4981	0.2656	0.3001	0.2580	0.5166	0.2816	0.7153	0.2638	0.6863	0.6167	0.2646	0.5107	0.2796	0.5504	0.2628	0.6150	0.5578	0.6553	0.2598	0.2618	0.7447	0.2741	0.5402	0.2650	0.2524	0.4515	0.2558	0.2544	0.2673	0.2623	0.5656	0.2504	0.6964	0.2532	0.2560	0.5521	0.5613	0.2455	0.2635	0.6006	0.2489	0.2641	0.4962	0.2515	0.6763	0.6635	0.2742	0.4379	0.2670	0.6263	0.2631	0.2474	0.2535	0.5463	0.2532	0.2630	0.2727	0.2951	0.7373	0.2774	0.7048	0.2815	0.3246	0.2861	0.2788	0.3000	0.6812	0.6781	0.2675
8:09:16	30.2	0.2599	0.7714	0.7219	0.2671	0.6810	0.7587	0.7013	0.6835	0.6513	0.7110	0.2535	0.2592	0.2772	0.5955	0.3263	0.2625	0.5726	0.3397	0.3062	0.6985	0.7181	0.2575	0.2661	0.7152	0.8245	0.2523	0.4721	0.5302	0.2672	0.3002	0.2589	0.5567	0.2821	0.7277	0.2637	0.6951	0.6287	0.2646	0.5320	0.2795	0.5738	0.2628	0.6235	0.5791	0.6647	0.2595	0.2619	0.7480	0.2734	0.5862	0.2656	0.2524	0.5152	0.2554	0.2555	0.2673	0.2624	0.5760	0.2504	0.6603	0.2532	0.2563	0.5913	0.5381	0.2452	0.2635	0.5966	0.2489	0.2642	0.5316	0.2515	0.6881	0.6928	0.2770	0.5059	0.2670	0.6153	0.2629	0.2471	0.2534	0.5655	0.2537	0.2630	0.2726	0.2947	0.7649	0.2775	0.7461	0.2815	0.3283	0.2859	0.2790	0.3023	0.6887	0.6979	0.2674
8:19:16	30.2	0.2600	0.7979	0.7392	0.2668	0.7051	0.7758	0.7217	0.6979	0.6502	0.7376	0.2534	0.2592	0.2786	0.6220	0.3275	0.2621	0.6016	0.3406	0.3065	0.7187	0.7340	0.2576	0.2652	0.7213	0.8619	0.2518	0.5020	0.5682	0.2694	0.3010	0.2594	0.5989	0.2831	0.7418	0.2638	0.7084	0.6832	0.2645	0.5597	0.2800	0.6109	0.2624	0.6421	0.6146	0.6815	0.2597	0.2619	0.7550	0.2736	0.6174	0.2671	0.2525	0.5232	0.2556	0.2575	0.2673	0.2621	0.6047	0.2503	0.7123	0.2530	0.2576	0.6304	0.5676	0.2452	0.2636	0.6261	0.2489	0.2641	0.5308	0.2514	0.7032	0.7311	0.2792	0.5364	0.2677	0.5346	0.2629	0.2470	0.2534	0.6000	0.2544	0.2629	0.2724	0.2949	0.7859	0.2775	0.7770	0.2815	0.3298	0.2859	0.2789	0.3048	0.7048	0.7018	0.2674
8:29:16	30.2	0.2599	0.8064	0.7616	0.2670	0.7339	0.7863	0.7188	0.7158	0.6617	0.7362	0.2535	0.2592	0.2811	0.6292	0.3281	0.2620	0.6638	0.3388	0.3098	0.7318	0.7634	0.2575	0.2651	0.7470	0.9063	0.2519	0.5295	0.5945	0.2715	0.3011	0.2605	0.6167	0.2845	0.7437	0.2637	0.7171	0.7259	0.2646	0.5866	0.2804	0.6258	0.2625	0.6476	0.6348	0.6948	0.2598	0.2618	0.7731	0.2735	0.6733	0.2680	0.2526	0.5705	0.2550	0.2590	0.2673	0.2621	0.5930	0.2503	0.7031	0.2532	0.2582	0.6491	0.6191	0.2453	0.2634	0.6642	0.2489	0.2641	0.6057	0.2514	0.6964	0.7661	0.2824	0.5487	0.2684	0.5842	0.2628	0.2471	0.2533	0.6138	0.2555	0.2628	0.2725	0.2944	0.7961	0.2775	0.8077	0.2815	0.3337	0.2858	0.2789	0.3075	0.7050	0.7160	0.2675
8:39:16	30.2	0.2599	0.8421	0.7696	0.2668	0.7326	0.7907	0.7533	0.7268	0.6727	0.7588	0.2536	0.2593	0.2834	0.6706	0.3287	0.2625	0.6761	0.3388	0.3128	0.7577	0.7638	0.2576	0.2651	0.7366	0.9447	0.2518	0.5848	0.6199	0.2749	0.3020	0.2616	0.6394	0.2868	0.7678	0.2638	0.7091	0.7689	0.2645	0.6296	0.2804	0.6499	0.2619	0.6736	0.6782	0.7090	0.2597	0.2621	0.7780	0.2736	0.6682	0.2708	0.2526	0.5872	0.2541	0.2629	0.2677	0.2623	0.6318	0.2503	0.7722	0.2531	0.2598	0.6648	0.5978	0.2453	0.2635	0.6754	0.2489	0.2643	0.6085	0.2515	0.7219	0.7863	0.2840	0.5763	0.2692	0.6405	0.2629	0.2473	0.2535	0.6389	0.2567	0.2628	0.2726	0.2937	0.8191	0.2777	0.8260	0.2816	0.3366	0.2860	0.2789	0.3110	0.7209	0.7205	0.2675
8:49:16	30.2	0.2602	0.8355	0.7889	0.2676	0.7634	0.8023	0.7335	0.7368	0.6777	0.7568	0.2538	0.2593	0.2861	0.6775	0.3323	0.2624	0.7221	0.3398	0.3137	0.7650	0.7902	0.2576	0.2651	0.7626	0.9697	0.2519	0.5885	0.6443	0.2772	0.3018	0.2633	0.6532	0.2884	0.7491	0.2639	0.7325	0.8073	0.2649	0.6529	0.2812	0.6780	0.2623	0.6796	0.6949	0.7247	0.2597	0.2621	0.7831	0.2738	0.7134	0.2722	0.2529	0.6177	0.2561	0.2646	0.2674	0.2625	0.6443	0.2504	0.7502	0.2533	0.2607	0.6700	0.6479	0.2453	0.2635	0.6965	0.2488	0.2643	0.6443	0.2514	0.6965	0.8278	0.2896	0.5798	0.2694	0.6357	0.2629	0.2478	0.2534	0.6488	0.2582	0.2629	0.2825	0.2936	0.8299	0.2777	0.8739	0.2817	0.3455	0.2858	0.2790	0.3155	0.7295	0.7433	0.2675
8:59:16	30.2	0.2599	0.8682	0.7882	0.2668	0.7669	0.8176	0.7728	0.7487	0.6649	0.7788	0.2535	0.2593	0.2891	0.7035	0.3332	0.2629	0.7270	0.3396	0.3189	0.7692	0.7893	0.2576	0.2651	0.7548	1.0015	0.2518	0.6290	0.6692	0.2814	0.3008	0.2646	0.6849	0.2908	0.7795	0.2638	0.7327	0.8500	0.2647	0.6810	0.2820	0.6909	0.2623	0.6888	0.7153	0.7334	0.2598	0.2621	0.8137	0.2740	0.7204	0.2757	0.2527	0.6593	0.2554	0.2697	0.2674	0.2624	0.6898	0.2503	0.7380	0.2531	0.2626	0.7021	0.6415	0.2452	0.2634	0.7173	0.2490	0.2643	0.6294	0.2515	0.7357	0.8409	0.2925	0.6111	0.2706	0.6588	0.2628	0.2471	0.2533	0.6727	0.2596	0.2628	0.2725	0.2947	0.8397	0.2775	0.8945	0.2815	0.3524	0.2858	0.2790	0.3194	0.7340	0.7510	0.2675
9:09:16	30.2	0.2599	0.8780	0.7965	0.2669	0.7777	0.8088	0.7642	0.7448	0.6840	0.7810	0.2536	0.2594	0.2921	0.7128	0.3347	0.2626	0.7564	0.3406	0.3248	0.7736	0.8059	0.2575	0.2650	0.7730	1.0349	0.2519	0.6488	0.6901	0.2852	0.3012	0.2664	0.6950	0.2932	0.7764	0.2638	0.7509	0.8800	0.2649	0.6956	0.2823	0.7231	0.2626	0.6937	0.7164	0.7448	0.2599	0.2621	0.8383	0.2744	0.7380	0.2782	0.2531	0.6702	0.2559	0.2733	0.2675	0.2625	0.6846	0.2503	0.7809	0.2531	0.2643	0.7068	0.6630	0.2453	0.2636	0.7230	0.2488	0.2643	0.6654	0.2515	0.7305	0.8767	0.2993	0.6372	0.2720	0.7055	0.2628	0.2470	0.2533	0.6836	0.2617	0.2628	0.2738	0.2931	0.8552	0.2775	0.9261	0.2816	0.3673	0.2857	0.2788	0.3248	0.7481	0.7501	0.2675
9:19:16	30.2	0.2599	0.8923	0.7995	0.2669	0.7724	0.8144	0.7859	0.7588	0.6707	0.7863	0.2536	0.2593	0.2971	0.7288	0.3357	0.2623	0.7495	0.3403	0.3293	0.7894	0.8089	0.2574	0.2651	0.7747	1.0641	0.2522	0.6696	0.6991	0.2893	0.3009	0.2687	0.6928	0.2972	0.7940	0.2637	0.7699	0.9146	0.2648	0.7213	0.2825	0.7346	0.2621	0.7032	0.7529	0.7598	0.2596	0.2621	0.8672	0.2740	0.7597	0.2829	0.2530	0.6836	0.2561	0.2797	0.2675	0.2623	0.7177	0.2503	0.8071	0.2531	0.2675	0.7314	0.7159	0.2452	0.2636	0.7428	0.2491	0.2644	0.6948	0.2515	0.7461	0.9032	0.2998	0.6796	0.2743	0.7311	0.2628	0.2472	0.2533	0.7018	0.2636	0.2629	0.2723	0.2951	0.8672	0.2775	0.9464	0.2816	0.3826	0.2858	0.2788	0.3308	0.7648	0.7600	0.2675
9:29:16	30.2	0.2600	0.8999	0.8063	0.2667	0.7826	0.8009	0.7913	0.7661	0.6867	0.7903	0.2537	0.2592	0.3022	0.7404	0.3371	0.2624	0.7681	0.3401	0.3353	0.7940	0.8310	0.2575	0.2651	0.7839	1.0938	0.2521	0.6758	0.7047	0.2945	0.3015	0.2709	0.7098	0.3009	0.7925	0.2637	0.7688	0.9369	0.2647	0.7358	0.2834	0.7623	0.2624	0.7078	0.7564	0.7635	0.2597	0.2620	0.8969	0.2739	0.7838	0.2877	0.2533	0.6999	0.2548	0.2858	0.2674	0.2624	0.7115	0.2502	0.8098	0.2531	0.2698	0.7395	0.7249	0.2453	0.2635	0.7513	0.2487	0.2644	0.6718	0.2514	0.7561	0.9309	0.3037	0.6887	0.2762	0.7402	0.2627	0.2473	0.2534	0.7221	0.2660	0.2629	0.2723	0.2948	0.8872	0.2774	0.9672	0.2816	0.4014	0.2855	0.2788	0.3403	0.7744	0.7729	0.2675
9:39:16	30.2	0.2600	0.9331	0.8203	0.2677	0.8029	0.8275	0.8039	0.7767	0.6956	0.7914	0.2535	0.2593	0.3093	0.7493	0.3382	0.2626	0.7906	0.3403	0.3452	0.7879	0.8359	0.2575	0.2651	0.7779	1.1209	0.2520	0.6967	0.7187	0.3013	0.3007	0.2739	0.7181	0.3059	0.8031	0.2635	0.8149	0.9645	0.2648	0.7489	0.2844	0.7831	0.2626	0.7238	0.7751	0.7706	0.2600	0.2621	0.9337	0.2743	0.8086	0.2921	0.2535	0.7128	0.2548	0.2928	0.2674	0.2622	0.7513	0.2502	0.8151	0.2532	0.2730	0.7479	0.7394	0.2452	0.2635	0.7664	0.2489	0.2644	0.6895	0.2514	0.7775	0.9593	0.3165	0.7033	0.2782	0.7707	0.2627	0.2474	0.2532	0.7339	0.2686	0.2629	0.2722	0.2939	0.8999	0.2775	0.9853	0.2817	0.4243	0.2855	0.2788	0.3563	0.7786	0.7855	0.2675
9:49:16	30.1	0.2598	0.9569	0.8364	0.2668	0.8100	0.7868	0.7947	0.7677	0.6852	0.7748	0.2534	0.2591	0.3154	0.7762	0.3393	0.2623	0.7985	0.3403	0.3543	0.8014	0.8501	0.2574	0.2650	0.7824	1.1446	0.2518	0.7132	0.7381	0.3081	0.3018	0.2772	0.7208	0.3083	0.7983	0.2636	0.8028	0.9893	0.2648	0.7563	0.2860	0.8159	0.2623	0.7254	0.7711	0.7787	0.2598	0.2618	0.9604	0.2739	0.8265	0.2980	0.2535	0.7286	0.2551	0.2994	0.2674	0.2622	0.7521	0.2500	0.7922	0.2529	0.2751	0.7477	0.7373	0.2451	0.2633	0.7358	0.2489	0.2645	0.6982	0.2514	0.7810	0.9762	0.3226	0.7043	0.2785	0.7799	0.2627	0.2470	0.2531	0.7456	0.2715	0.2628	0.2720	0.2938	0.9223	0.2773	1.0104	0.2815	0.4452	0.2856	0.2787	0.3704	0.7868	0.7893	0.2674
9:59:16	30.1	0.2600	0.9746	0.8477	0.2670	0.8108	0.8049	0.8161	0.7857	0.6977	0.8069	0.2537	0.2594	0.3338	0.7958	0.3424	0.2625	0.8097	0.3407	0.3688	0.8223	0.8717	0.2575	0.2651	0.7987	1.1641	0.2522	0.7206	0.7345	0.3189	0.3020	0.2805	0.7281	0.3181	0.7786	0.2637	0.8264	1.0026	0.2650	0.7672	0.2871	0.8396	0.2620	0.7423	0.7932	0.7912	0.2599	0.2621	0.9958	0.2745	0.8486	0.3026	0.2540	0.7375	0.2543	0.3072	0.2675	0.2622	0.7640	0.2503	0.8058	0.2533	0.2801	0.7650	0.7613	0.2452	0.2636	0.7758	0.2490	0.2648	0.7023	0.2515	0.8042	1.0008	0.3459	0.7353	0.2841	0.8006	0.2629	0.2473	0.2535	0.7572	0.2756	0.2630	0.2725	0.2950	0.9355	0.2777	1.0314	0.2818	0.4746	0.2858	0.2788	0.3920	0.8096	0.7964	0.2676
10:09:16	30.2	0.2600	1.0029	0.8242	0.2669	0.8102	0.8015	0.8028	0.7767	0.7006	0.7988	0.2537	0.2594	0.3472	0.8027	0.3463	0.2626	0.8198	0.3395	0.3813	0.8114	0.8888	0.2576	0.2651	0.8017	1.1838	0.2522	0.7367	0.7377	0.3269	0.3006	0.2840	0.7330	0.3231	0.7947	0.2638	0.8408	1.0128	0.2651	0.7938	0.2883	0.8640	0.2617	0.7561	0.7994	0.8006	0.2598	0.2620	1.0236	0.2745	0.8535	0.3063	0.2541	0.7477	0.2552	0.3156	0.2676	0.2624	0.7713	0.2502	0.8210	0.2533	0.2829	0.7789	0.7768	0.2452	0.2634	0.8008	0.2489	0.2647	0.7407	0.2515	0.8065	1.0340	0.3512	0.7615	0.2863	0.7993	0.2628	0.2473	0.2533	0.7691	0.2793	0.2629	0.2722	0.2931	0.9777	0.2776	1.0493	0.2815	0.4897	0.2858	0.2789	0.4099	0.8371	0.8146	0.2676
10:19:16	30.1	0.2599	1.0390	0.8537	0.2671	0.7804	0.8030	0.8157	0.7802	0.7127	0.7954	0.2536	0.2594	0.3574	0.8343	0.3498	0.2624	0.8277	0.3413	0.3915	0.8459	0.9157	0.2575	0.2650	0.8106	1.2112	0.2520	0.7472	0.7497	0.3429	0.3002	0.2891	0.7465	0.3329	0.7904	0.2637	0.8706	1.0332	0.2649	0.8036	0.2912	0.8927	0.2621	0.7747	0.8002	0.7917	0.2599	0.2622	1.0536	0.2743	0.8777	0.3104	0.2545	0.7569	0.2560	0.3256	0.2676	0.2622	0.7572	0.2503	0.8386	0.2531	0.2872	0.7923	0.7801	0.2453	0.2634	0.8034	0.2490	0.2648	0.7389	0.2515	0.8142	1.0325	0.3602	0.7497	0.2891	0.7903	0.2628	0.2475	0.2531	0.7924	0.2843	0.2628	0.2722	0.2939	0.9698	0.2776	1.0678	0.2817	0.5037	0.2857	0.2788	0.4275	0.8741	0.8026	0.2675
10:29:16	30.2	0.2600	1.0456	0.8621	0.2677	0.7822	0.8088	0.8176	0.7657	0.7110	0.7927	0.2536	0.2594	0.3747	0.8549	0.3476	0.2626	0.8197	0.3414	0.4034	0.8581	0.9320	0.2577	0.2652	0.8257	1.2392	0.2522	0.7531	0.7797	0.3593	0.3020	0.2933	0.7479	0.3439	0.7731	0.2638	0.8855	1.0459	0.2651	0.8236	0.2937	0.9102	0.2631	0.7901	0.8071	0.7755	0.2601	0.2622	1.0772	0.2746	0.8998	0.3073	0.2554	0.7763	0.2565	0.3311	0.2675	0.2623	0.7965	0.2503	0.8814	0.2532	0.2927	0.8097	0.7911	0.2454	0.2635	0.8400	0.2490	0.2650	0.7432	0.2517	0.8145	1.0494	0.3744	0.7487	0.2946	0.7911	0.2630	0.2473	0.2533	0.8206	0.2889	0.2629	0.2722	0.2951	0.9835	0.2776	1.0903	0.2817	0.5061	0.2857	0.2788	0.4480	0.8831	0.8290	0.2677
10:39:16	30.2	0.2600	1.0680	0.8874	0.2671	0.7910	0.8081	0.8029	0.7714	0.7180	0.8141	0.2537	0.2595	0.3877	0.8678	0.3538	0.2628	0.8218	0.3420	0.4144	0.8595	0.9646	0.2577	0.2652	0.8327	1.2631	0.2520	0.7598	0.7762	0.3706	0.3018	0.2980	0.7537	0.3535	0.8093	0.2637	0.8969	1.0655	0.2653	0.8396	0.2974	0.9438	0.2629	0.8258	0.8132	0.7660	0.2598	0.2622	1.1109	0.2747	0.9211	0.3201	0.2561	0.7864	0.2549	0.3497	0.2677	0.2623	0.8326	0.2503	0.8966	0.2533	0.2999	0.8217	0.8135	0.2454	0.2635	0.8587	0.2491	0.2652	0.7333	0.2515	0.8237	1.0743	0.3925	0.7602	0.2996	0.7848	0.2629	0.2475	0.2533	0.8289	0.2952	0.2629	0.2721	0.2945	1.0141	0.2777	1.1159	0.2819	0.5368	0.2858	0.2790	0.4627	0.9028	0.8406	0.2678
10:49:16	30.2	0.2601	1.0801	0.9344	0.2673	0.8027	0.8466	0.8081	0.7858	0.7509	0.8388	0.2537	0.2596	0.4295	0.8718	0.3517	0.2624	0.8335	0.3409	0.4432	0.8771	1.0032	0.2576	0.2651	0.8469	1.2734	0.2522	0.7879	0.7777	0.3817	0.3019	0.3045	0.7453	0.3691	0.8240	0.2638	0.9126	1.0890	0.2652	0.8497	0.3005	0.9655	0.2630	0.8679	0.8304	0.7843	0.2599	0.2624	1.1302	0.2746	0.9328	0.3424	0.2564	0.8168	0.2545	0.3795	0.2677	0.2623	0.8285	0.2504	0.9210	0.2533	0.3140	0.8405	0.8428	0.2453	0.2635	0.8491	0.2490	0.2651	0.7618	0.2516	0.8370	1.1238	0.4191	0.7842	0.3028	0.8094	0.2629	0.2475	0.2534	0.8483	0.3004	0.2629	0.2801	0.2947	1.0549	0.2777	1.1399	0.2820	0.5489	0.2856	0.2788	0.4764	0.9070	0.8603	0.2676
10:59:16	30.1	0.2601	1.1091	0.9646	0.2671	0.8215	0.8585	0.8258	0.7923	0.7463	0.8440	0.2536	0.2594	0.4319	0.8982	0.3538	0.2628	0.8557	0.3415	0.4533	0.8989	1.0275	0.2577	0.2651	0.8338	1.2883	0.2523	0.7837	0.7953	0.4036	0.3044	0.3116	0.7567	0.3775	0.8340	0.2637	0.9131	1.1013	0.2650	0.8653	0.3042	0.9778	0.2628	0.9016	0.8455	0.8296	0.2601	0.2621	1.1534	0.2749	0.9576	0.3390	0.2573	0.8219	0.2546	0.3779	0.2677	0.2623	0.8114	0.2503	0.9401	0.2533	0.3194	0.8562	0.8657	0.2453	0.2634	0.8821	0.2490	0.2653	0.7783	0.2516	0.8573	1.1315	0.4393	0.8065	0.3131	0.8268	0.2628	0.2474	0.2533	0.8779	0.3095	0.2629	0.2727	0.2937	1.0716	0.2776	1.1443	0.2818	0.5718	0.2856	0.2789	0.4983	0.9282	0.8659	0.2676
11:09:16	30.2	0.2601	1.1222	0.9870	0.2670	0.8312	0.8812	0.8460	0.7997	0.7701	0.8603	0.2534	0.2595	0.4276	0.9307	0.3568	0.2628	0.8552	0.3403	0.4765	0.9270	1.0544	0.2576	0.2652	0.8363	1.3073	0.2522	0.8007	0.8183	0.4201	0.3074	0.3203	0.7604	0.3874	0.8612	0.2638	0.9138	1.1061	0.2652	0.8723	0.3088	0.9973	0.2629	0.9192	0.8544	0.8586	0.2604	0.2624	1.1729	0.2750	0.9760	0.3515	0.2594	0.8477	0.2546	0.3874	0.2679	0.2623	0.8223	0.2504	0.9782	0.2534	0.3355	0.8775	0.8774	0.2453	0.2635	0.8952	0.2491	0.2653	0.8133	0.2516	0.8961	1.1596	0.4404	0.8340	0.3187	0.8803	0.2628	0.2477	0.2533	0.8905	0.3189	0.2629	0.2723	0.2939	1.1093	0.2779	1.1619	0.2818	0.5946	0.2858	0.2790	0.5180	0.9666	0.9033	0.2675
11:19:16	30.1	0.2601	1.1609	0.9960	0.2676	0.8702	0.9147	0.8805	0.8218	0.8072	0.8780	0.2534	0.2595	0.4588	0.9628	0.3565	0.2627	0.8785	0.3406	0.4887	0.9392	1.0469	0.2575	0.2652	0.8417	1.3234	0.2527	0.8307	0.8296	0.4346	0.3065	0.3323	0.7695	0.4015	0.8882	0.2637	0.9182	1.1164	0.2652	0.8957	0.3146	0.9968	0.2627	0.9559	0.8791	0.8399	0.2601	0.2625	1.1884	0.2746	0.9849	0.3663	0.2593	0.8706	0.2532	0.3998	0.2678	0.2621	0.8621	0.2502	0.9902	0.2532	0.3522	0.8892	0.9010	0.2452	0.2634	0.9182	0.2490	0.2654	0.7981	0.2516	0.9155	1.1951	0.4715	0.8263	0.3223	0.9310	0.2628	0.2474	0.2532	0.9233	0.3360	0.2628	0.2722	0.2944	1.1276	0.2776	1.1679	0.2818	0.6279	0.2855	0.2789	0.5373	1.0093	0.9148	0.2674
11:29:16	30.2	0.2600	1.1747	1.0150	0.2673	0.8979	0.9495	0.9109	0.8475	0.8478	0.8798	0.2534	0.2595	0.4765	0.9792	0.3610	0.2626	0.8810	0.3413	0.5059	0.9574	1.0748	0.2576	0.2652	0.8822	1.3375	0.2521	0.8572	0.8565	0.4563	0.3057	0.3471	0.7887	0.4095	0.9132	0.2637	0.9369	1.1238	0.2653	0.9244	0.3220	0.9998	0.2621	0.9961	0.9021	0.8675	0.2599	0.2624	1.2043	0.2746	0.9905	0.3813	0.2608	0.8976	0.2537	0.4162	0.2678	0.2623	0.8561	0.2503	1.0057	0.2533	0.3737	0.8836	0.9000	0.2452	0.2635	0.9567	0.2491	0.2654	0.7948	0.2516	0.9656	1.2204	0.4997	0.8404	0.3310	0.9385	0.2628	0.2471	0.2534	0.9446	0.3459	0.2627	0.2721	0.2929	1.1513	0.2777	1.1954	0.2817	0.6372	0.2861	0.2789	0.5602	1.0303	0.9431	0.2675
11:39:16	30.2	0.2601	1.1887	1.0357	0.2672	0.9209	0.9899	0.9393	0.8804	0.8610	0.8871	0.2535	0.2595	0.4990	1.0179	0.3605	0.2626	0.9164	0.3411	0.5267	1.0098	1.1041	0.2576	0.2652	0.9148	1.3442	0.2524	0.8826	0.8865	0.4633	0.3061	0.3687	0.7991	0.4224	0.9327	0.2637	0.9523	1.1531	0.2652	0.9485	0.3283	1.0310	0.2623	1.0267	0.9039	0.8844	0.2601	0.2622	1.2287	0.2751	1.0149	0.4052	0.2620	0.9151	0.2562	0.4182	0.2679	0.2623	0.9015	0.2504	1.0383	0.2533	0.4024	0.9089	0.9155	0.2453	0.2635	1.0020	0.2492	0.2655	0.8157	0.2517	0.9826	1.2411	0.5037	0.8786	0.3620	0.9647	0.2628	0.2470	0.2533	0.9607	0.3616	0.2629	0.2814	0.2934	1.1778	0.2777	1.2191	0.2818	0.6524	0.2858	0.2790	0.5871	1.0372	0.9532	0.2676
11:49:16	30.2	0.2601	1.2161	1.0677	0.2674	0.9521	1.0209	0.9737	0.8979	0.8915	0.8974	0.2535	0.2595	0.5273	1.0363	0.3622	0.2625	0.9243	0.3422	0.5377	1.0322	1.1225	0.2578	0.2663	0.9175	1.3608	0.2523	0.8865	0.8969	0.4934	0.3052	0.3852	0.8082	0.4471	0.9388	0.2637	0.9706	1.1921	0.2652	0.9342	0.3360	1.0564	0.2622	1.0503	0.9120	0.9261	0.2605	0.2621	1.2464	0.2751	1.0441	0.4404	0.2639	0.9225	0.2557	0.4585	0.2680	0.2621	0.9100	0.2501	1.0538	0.2533	0.3941	0.9534	0.9563	0.2453	0.2634	1.0222	0.2491	0.2656	0.8008	0.2516	0.9528	1.2627	0.5466	0.9093	0.3814	0.9863	0.2628	0.2469	0.2533	1.0010	0.3849	0.2627	0.2722	0.2949	1.1928	0.2776	1.2315	0.2815	0.6570	0.2859	0.2790	0.6000	1.0547	0.9704	0.2676
11:59:16	30.2	0.2603	1.2179	1.1049	0.2673	0.9699	0.9796	1.0032	0.9177	0.9403	0.9118	0.2535	0.2595	0.5619	1.0753	0.3618	0.2629	0.9319	0.3409	0.5600	1.0403	1.1411	0.2580	0.2663	0.9306	1.3545	0.2524	0.8991	0.8947	0.5069	0.3053	0.3964	0.8293	0.4482	0.9701	0.2640	0.9846	1.1981	0.2655	0.9636	0.3455	1.0760	0.2626	1.0623	0.9321	0.9561	0.2607	0.2624	1.2586	0.2751	1.0768	0.4460	0.2660	0.9216	0.2558	0.4982	0.2681	0.2621	0.9292	0.2505	1.0667	0.2534	0.4350	0.9889	0.9925	0.2454	0.2636	1.0532	0.2493	0.2658	0.8047	0.2517	0.9972	1.2737	0.5594	0.9599	0.3856	1.0238	0.2629	0.2471	0.2534	1.0239	0.3971	0.2628	0.2780	0.2942	1.2072	0.2778	1.2383	0.2817	0.6654	0.2858	0.2791	0.6079	1.0673	1.0120	0.2678
12:09:16	30.2	0.2601	1.2442	1.1278	0.2674	0.9789	1.0511	1.0393	0.9521	0.9474	0.9034	0.2535	0.2596	0.6112	1.1013	0.3632	0.2627	0.9777	0.3413	0.5669	1.0489	1.1556	0.2579	0.2664	0.9694	1.3827	0.2525	0.9337	0.9169	0.5282	0.3080	0.4118	0.8582	0.4679	0.9728	0.2638	1.0070	1.2119	0.2655	0.9687	0.3563	1.0876	0.2625	1.0894	0.9582	0.9669	0.2603	0.2621	1.2759	0.2750	1.1066	0.4833	0.2687	0.9386	0.2562	0.5028	0.2682	0.2621	0.9583	0.2504	1.0796	0.2533	0.4265	1.0106	1.0244	0.2454	0.2636	1.0687	0.2492	0.2657	0.8174	0.2517	1.0156	1.2891	0.5859	1.0027	0.4024	1.0639	0.2628	0.2470	0.2535	1.0520	0.4289	0.2630	0.2723	0.2921	1.2201	0.2780	1.2495	0.2818	0.6714	0.2857	0.2792	0.6246	1.0955	1.0340	0.2677
12:19:16	30.2	0.2602	1.2487	1.1539	0.2673	1.0374	1.0650	1.0494	0.9653	0.9944	0.9428	0.2536	0.2595	0.6454	1.1253	0.3676	0.2630	1.0041	0.3430	0.5847	1.0709	1.1465	0.2577	0.2661	0.9777	1.3725	0.2524	0.9786	0.9623	0.5336	0.3049	0.4124	0.8896	0.4956	1.0299	0.2639	1.0232	1.2224	0.2653	1.0094	0.3692	1.1458	0.2626	1.1023	0.9795	1.0240	0.2601	0.2620	1.2869	0.2748	1.1221	0.4976	0.2704	0.9773	0.2542	0.5355	0.2678	0.2619	1.0141	0.2503	1.0901	0.2533	0.4652	1.0395	1.0627	0.2455	0.2634	1.0989	0.2491	0.2658	0.8557	0.2517	1.0314	1.2919	0.6064	1.0270	0.4050	1.0977	0.2628	0.2470	0.2533	1.0903	0.4295	0.2628	0.2724	0.2944	1.2361	0.2779	1.2626	0.2816	0.6772	0.2861	0.2791	0.6332	1.1012	1.0427	0.2677
12:29:16	30.2	0.2603	1.2677	1.1760	0.2674	1.0718	1.0833	1.0643	0.9662	1.0296	0.9841	0.2537	0.2594	0.6788	1.1532	0.3707	0.2628	1.0321	0.3421	0.6055	1.0759	1.1605	0.2577	0.2663	0.9797	1.3898	0.2525	1.0030	0.9868	0.5591	0.3053	0.4170	0.9053	0.5122	1.0355	0.2638	1.0355	1.2447	0.2654	1.0460	0.3797	1.1249	0.2627	1.1120	0.9686	1.0604	0.2604	0.2621	1.2965	0.2751	1.1441	0.5338	0.2742	0.9976	0.2561	0.5541	0.2678	0.2622	1.0467	0.2503	1.0932	0.2533	0.4864	1.0560	1.0830	0.2453	0.2636	1.1286	0.2494	0.2659	0.8912	0.2517	1.0427	1.3033	0.6087	1.0605	0.4326	1.1279	0.2629	0.2470	0.2534	1.0906	0.4701	0.2630	0.2724	0.2939	1.2517	0.2781	1.2734	0.2818	0.6871	0.2860	0.2791	0.6266	1.1215	1.0386	0.2677
12:39:16	30.2	0.2603	1.2797	1.1982	0.2674	1.0980	1.1187	1.0887	0.9442	1.0434	0.9877	0.2535	0.2595	0.7107	1.1621	0.3744	0.2630	1.0435	0.3424	0.6166	1.0954	1.1566	0.2578	0.2656	0.9754	1.4065	0.2526	1.0170	1.0181	0.5715	0.3040	0.4201	0.9430	0.5388	1.0293	0.2639	1.0548	1.2610	0.2655	1.0567	0.3936	1.1419	0.2628	1.1270	1.0154	1.0980	0.2608	0.2619	1.3100	0.2752	1.1637	0.5513	0.2781	1.0325	0.2540	0.5605	0.2679	0.2623	1.0546	0.2505	1.1145	0.2534	0.4979	1.0762	1.1099	0.2454	0.2635	1.1555	0.2494	0.2659	0.9456	0.2517	1.0595	1.3227	0.6309	1.0916	0.4423	1.1462	0.2629	0.2469	0.2534	1.1188	0.4921	0.2629	0.2729	0.2943	1.2652	0.2780	1.2892	0.2818	0.6936	0.2859	0.2790	0.6344	1.1572	1.0514	0.2677
12:49:16	30.2	0.2603	1.2935	1.1799	0.2674	1.0775	1.1160	1.0625	0.9687	1.0707	0.9912	0.2535	0.2585	0.7415	1.1539	0.3761	0.2631	1.0769	0.3418	0.6302	1.0972	1.1702	0.2579	0.2652	0.9838	1.4137	0.2525	1.0599	1.0268	0.5767	0.3052	0.4318	0.9808	0.5535	1.0550	0.2640	1.0557	1.2760	0.2655	1.0946	0.4071	1.1596	0.2625	1.1505	1.0469	1.1110	0.2609	0.2618	1.3221	0.2751	1.1839	0.5710	0.2817	1.0423	0.2550	0.5705	0.2680	0.2622	1.0637	0.2504	1.1202	0.2535	0.5094	1.1122	1.1429	0.2453	0.2635	1.1754	0.2493	0.2661	0.9630	0.2517	1.0635	1.3354	0.6300	1.1212	0.4618	1.1612	0.2629	0.2470	0.2533	1.1358	0.5001	0.2627	0.2726	0.2943	1.2766	0.2780	1.2918	0.2816	0.6900	0.2862	0.2793	0.6426	1.1734	1.0378	0.2677
12:59:16	30.1	0.2602	1.3118	1.1998	0.2673	1.1180	1.1669	1.1051	1.0265	1.0931	1.0205	0.2535	0.2585	0.7596	1.1816	0.3807	0.2630	1.0923	0.3410	0.6387	1.1127	1.1851	0.2577	0.2652	0.9834	1.4250	0.2524	1.0783	1.0356	0.5774	0.3080	0.4668	1.0041	0.5723	1.1006	0.2638	1.0807	1.2887	0.2655	1.1038	0.4181	1.1787	0.2621	1.1950	1.0790	1.1264	0.2603	0.2618	1.3359	0.2760	1.2076	0.5828	0.2855	1.0837	0.2564	0.5894	0.2674	0.2620	1.0787	0.2504	1.1215	0.2534	0.5347	1.1501	1.1702	0.2452	0.2635	1.1957	0.2492	0.2661	0.9905	0.2517	1.0724	1.3458	0.6346	1.1474	0.4730	1.1809	0.2628	0.2470	0.2534	1.1545	0.5124	0.2627	0.2739	0.2939	1.2915	0.2779	1.3043	0.2817	0.7089	0.2862	0.2789	0.6489	1.1776	1.0448	0.2677
13:09:15	30.1	0.2603	1.3234	1.2131	0.2673	1.1063	1.1738	1.1296	1.0367	1.1188	1.0033	0.2535	0.2585	0.7772	1.1947	0.3803	0.2632	1.1273	0.3415	0.6436	1.1128	1.1923	0.2576	0.2665	0.9906	1.4311	0.2525	1.1061	1.0532	0.5778	0.3075	0.4859	1.0246	0.5823	1.1065	0.2638	1.0807	1.2951	0.2655	1.1414	0.4364	1.1932	0.2627	1.2085	1.0933	1.1384	0.2601	0.2619	1.3469	0.2757	1.2242	0.6013	0.2905	1.0927	0.2547	0.5963	0.2675	0.2623	1.0901	0.2505	1.1138	0.2535	0.5553	1.1656	1.1801	0.2455	0.2636	1.2041	0.2492	0.2667	1.0307	0.2517	1.0824	1.3564	0.6442	1.1614	0.4977	1.1925	0.2628	0.2469	0.2531	1.1592	0.5147	0.2628	0.2729	0.2944	1.2997	0.2781	1.3130	0.2819	0.7100	0.2860	0.2791	0.6441	1.1781	1.0426	0.2677
13:19:16	30.1	0.2602	1.3255	1.2450	0.2671	1.1500	1.1922	1.1463	1.0672	1.1512	1.0502	0.2535	0.2584	0.7834	1.2065	0.3828	0.2631	1.1556	0.3412	0.6490	1.1331	1.1899	0.2576	0.2652	0.9835	1.4226	0.2526	1.1434	1.0921	0.5654	0.3091	0.5190	1.0404	0.5583	1.1220	0.2636	1.1047	1.3074	0.2654	1.1668	0.4563	1.2077	0.2626	1.2118	1.1175	1.1588	0.2602	0.2618	1.3610	0.2758	1.2363	0.6227	0.2977	1.1406	0.2543	0.5956	0.2674	0.2621	1.1137	0.2504	1.1278	0.2533	0.5955	1.1867	1.1960	0.2451	0.2633	1.2216	0.2489	0.2671	1.0541	0.2518	1.0847	1.3699	0.6428	1.1929	0.5117	1.2067	0.2626	0.2470	0.2529	1.1719	0.4956	0.2626	0.2727	0.2944	1.3068	0.2778	1.3275	0.2819	0.7275	0.2860	0.2791	0.6464	1.1702	1.0688	0.2675
13:29:16	30.1	0.2602	1.3337	1.2552	0.2671	1.1606	1.2000	1.1494	1.0692	1.1755	1.0583	0.2535	0.2585	0.7926	1.2081	0.3829	0.2631	1.1723	0.3405	0.6508	1.1281	1.2052	0.2577	0.2652	0.9897	1.4195	0.2525	1.1647	1.1177	0.5646	0.3102	0.5270	1.0683	0.5641	1.1023	0.2637	1.1288	1.3154	0.2655	1.1898	0.4722	1.2131	0.2623	1.2078	1.1171	1.1671	0.2605	0.2617	1.3704	0.2753	1.2505	0.6279	0.3030	1.1593	0.2554	0.6005	0.2675	0.2623	1.1305	0.2504	1.1121	0.2534	0.6094	1.1927	1.2019	0.2454	0.2636	1.2232	0.2490	0.2670	1.0794	0.2517	1.0763	1.3781	0.6440	1.1986	0.5293	1.2043	0.2629	0.2472	0.2529	1.1920	0.4953	0.2627	0.2729	0.2945	1.3093	0.2781	1.3270	0.2819	0.7322	0.2862	0.2790	0.6425	1.1884	1.0540	0.2677
13:39:16	30.1	0.2603	1.3464	1.2633	0.2670	1.1837	1.2098	1.1549	1.0826	1.1953	1.0556	0.2536	0.2583	0.8006	1.2228	0.3849	0.2630	1.1872	0.3402	0.6690	1.1382	1.2062	0.2576	0.2653	0.9985	1.4355	0.2524	1.1767	1.1354	0.5737	0.3098	0.5360	1.0854	0.5512	1.1209	0.2637	1.1197	1.3318	0.2657	1.2023	0.4837	1.2248	0.2626	1.2162	1.1413	1.1693	0.2606	0.2618	1.3793	0.2756	1.2589	0.6395	0.3127	1.1811	0.2562	0.5998	0.2676	0.2620	1.1466	0.2504	1.1114	0.2534	0.6178	1.2186	1.2156	0.2454	0.2635	1.2373	0.2490	0.2672	1.0962	0.2518	1.0878	1.3885	0.6509	1.2027	0.5505	1.2161	0.2628	0.2473	0.2531	1.2038	0.5166	0.2628	0.2730	0.2945	1.3197	0.2779	1.3393	0.2817	0.7410	0.2862	0.2792	0.6539	1.1967	1.0697	0.2677
13:49:16	30.1	0.2604	1.3600	1.2773	0.2674	1.1899	1.2252	1.1770	1.0843	1.2181	1.0628	0.2537	0.2586	0.8073	1.2352	0.3888	0.2633	1.1815	0.3419	0.6697	1.1467	1.2226	0.2575	0.2654	1.0086	1.4349	0.2524	1.1912	1.1303	0.5744	0.3100	0.5414	1.0998	0.5683	1.1109	0.2638	1.1200	1.3394	0.2657	1.2189	0.5051	1.2363	0.2623	1.2143	1.1477	1.1643	0.2610	0.2618	1.3910	0.2755	1.2642	0.6325	0.3245	1.1847	0.2560	0.6133	0.2676	0.2621	1.1544	0.2505	1.1343	0.2535	0.6289	1.2253	1.2353	0.2455	0.2636	1.2479	0.2491	0.2679	1.1141	0.2520	1.1154	1.3915	0.6647	1.2135	0.5508	1.2237	0.2629	0.2474	0.2532	1.2072	0.5137	0.2630	0.2734	0.2938	1.3280	0.2781	1.3380	0.2820	0.7651	0.2863	0.2793	0.6519	1.2079	1.0630	0.2679
13:59:16	30.1	0.2602	1.3633	1.2831	0.2671	1.2001	1.2313	1.1922	1.0967	1.2405	1.0763	0.2536	0.2584	0.8058	1.2394	0.3918	0.2632	1.1990	0.3397	0.6667	1.1564	1.2133	0.2574	0.2652	1.0254	1.4343	0.2527	1.2037	1.1725	0.5777	0.3124	0.5507	1.1222	0.5727	1.1293	0.2637	1.1339	1.3580	0.2656	1.2348	0.5095	1.2500	0.2622	1.2219	1.1545	1.1606	0.2602	0.2616	1.4000	0.2754	1.2641	0.6235	0.3333	1.1959	0.2552	0.6212	0.2672	0.2621	1.1566	0.2504	1.1570	0.2534	0.6292	1.2302	1.2347	0.2454	0.2635	1.2614	0.2489	0.2700	1.1193	0.2518	1.1122	1.4069	0.6654	1.2225	0.5617	1.2301	0.2628	0.2474	0.2531	1.2156	0.5178	0.2628	0.2734	0.2943	1.3335	0.2779	1.3448	0.2820	0.7766	0.2860	0.2790	0.6624	1.2282	1.0665	0.2677
14:09:16	30.1	0.2602	1.3800	1.2960	0.2667	1.2173	1.2415	1.2076	1.1052	1.2596	1.0814	0.2536	0.2584	0.8105	1.2525	0.3942	0.2632	1.2289	0.3420	0.6794	1.1426	1.2255	0.2574	0.2652	1.0117	1.4420	0.2523	1.2256	1.1960	0.5835	0.3126	0.5616	1.1471	0.5876	1.1306	0.2633	1.1207	1.3648	0.2656	1.2440	0.5418	1.2442	0.2622	1.2274	1.1630	1.1640	0.2601	0.2618	1.4135	0.2756	1.2744	0.6467	0.3520	1.2150	0.2539	0.6290	0.2672	0.2620	1.1732	0.2504	1.1683	0.2534	0.6258	1.2411	1.2476	0.2454	0.2634	1.2764	0.2490	0.2750	1.1365	0.2519	1.1297	1.4168	0.6619	1.2332	0.5439	1.2257	0.2628	0.2474	0.2530	1.2278	0.5323	0.2629	0.2743	0.2944	1.3379	0.2779	1.3501	0.2820	0.7987	0.2860	0.2791	0.6730	1.2057	1.0752	0.2677
14:19:16	30.1	0.2605	1.3849	1.3021	0.2670	1.2295	1.2547	1.2125	1.1187	1.2775	1.0829	0.2538	0.2586	0.8124	1.2632	0.3972	0.2635	1.2441	0.3407	0.6791	1.1445	1.2341	0.2575	0.2654	1.0010	1.4466	0.2532	1.2370	1.2053	0.5947	0.3147	0.5732	1.1620	0.5991	1.1351	0.2637	1.1447	1.3760	0.2657	1.2536	0.5632	1.2421	0.2625	1.2251	1.1844	1.1680	0.2605	0.2621	1.4195	0.2755	1.2784	0.6492	0.3677	1.2299	0.2563	0.6288	0.2676	0.2624	1.1782	0.2506	1.1710	0.2536	0.6385	1.2444	1.2645	0.2456	0.2635	1.2835	0.2489	0.2692	1.1494	0.2519	1.1459	1.4283	0.6851	1.2421	0.5311	1.2394	0.2630	0.2477	0.2533	1.2423	0.5391	0.2630	0.2757	0.2945	1.3525	0.2782	1.3532	0.2824	0.8244	0.2864	0.2794	0.6771	1.2163	1.0654	0.2679
14:29:16	30.2	0.2605	1.4000	1.3144	0.2671	1.2388	1.2682	1.2179	1.1172	1.2880	1.0991	0.2538	0.2586	0.8298	1.2627	0.4015	0.2635	1.2564	0.3374	0.6959	1.1817	1.2556	0.2576	0.2652	1.0185	1.4523	0.2523	1.2132	1.1928	0.6056	0.3127	0.5778	1.1786	0.5788	1.1555	0.2636	1.1438	1.3820	0.2658	1.2637	0.5764	1.2501	0.2623	1.2384	1.1885	1.1787	0.2605	0.2619	1.4268	0.2755	1.2806	0.6565	0.3809	1.2407	0.2536	0.6357	0.2676	0.2623	1.1870	0.2506	1.1791	0.2536	0.6556	1.2520	1.2655	0.2455	0.2636	1.2924	0.2489	0.2700	1.1603	0.2519	1.1619	1.4334	0.7130	1.2540	0.5827	1.2507	0.2629	0.2475	0.2531	1.2402	0.5517	0.2630	0.2739	0.2948	1.3585	0.2781	1.3415	0.2824	0.8517	0.2863	0.2791	0.6871	1.2294	1.0796	0.2681
14:39:16	30.1	0.2603	1.4082	1.3156	0.2671	1.2537	1.2769	1.2365	1.1298	1.3076	1.0955	0.2537	0.2585	0.8365	1.2838	0.4036	0.2636	1.2681	0.3337	0.7014	1.1630	1.2471	0.2573	0.2653	1.0215	1.4563	0.2521	1.2504	1.2368	0.6143	0.3152	0.5927	1.1858	0.5978	1.1678	0.2635	1.1491	1.3949	0.2657	1.2790	0.5939	1.2603	0.2621	1.2493	1.2056	1.1861	0.2610	0.2619	1.4346	0.2755	1.2968	0.6569	0.3958	1.2515	0.2543	0.6463	0.2671	0.2625	1.1896	0.2504	1.1785	0.2537	0.6574	1.2615	1.2961	0.2454	0.2636	1.2990	0.2489	0.2712	1.1735	0.2519	1.1446	1.4470	0.7258	1.2681	0.5765	1.2605	0.2628	0.2476	0.2530	1.2465	0.5657	0.2629	0.2743	0.2945	1.3674	0.2781	1.3589	0.2822	0.8804	0.2860	0.2794	0.6995	1.2478	1.0859	0.2679
14:49:16	30.2	0.2603	1.4222	1.3265	0.2671	1.2645	1.2916	1.2440	1.1329	1.3190	1.1003	0.2537	0.2585	0.8550	1.2962	0.4070	0.2635	1.2707	0.3331	0.7166	1.1850	1.2593	0.2576	0.2653	1.0383	1.4650	0.2521	1.2508	1.2394	0.6237	0.3122	0.6008	1.1864	0.5996	1.1698	0.2637	1.1173	1.3972	0.2657	1.2841	0.6029	1.2701	0.2630	1.2461	1.1994	1.1954	0.2610	0.2620	1.4430	0.2754	1.2976	0.6804	0.4040	1.2532	0.2545	0.6550	0.2673	0.2620	1.1980	0.2505	1.1800	0.2535	0.6723	1.2707	1.2939	0.2453	0.2635	1.2962	0.2490	0.2726	1.1718	0.2520	1.1480	1.4569	0.7391	1.2708	0.5889	1.2651	0.2629	0.2475	0.2531	1.2545	0.5803	0.2629	0.2745	0.2928	1.3873	0.2782	1.3524	0.2822	0.9160	0.2862	0.2791	0.7094	1.2402	1.0813	0.2680
14:59:16	30.1	0.2604	1.4285	1.3299	0.2673	1.2752	1.3042	1.2566	1.1333	1.3333	1.1153	0.2537	0.2586	0.8737	1.2949	0.4087	0.2636	1.2833	0.3307	0.7140	1.1858	1.2586	0.2575	0.2654	1.0350	1.4633	0.2524	1.2637	1.2564	0.6319	0.3119	0.6141	1.2131	0.6214	1.1705	0.2638	1.1334	1.4073	0.2659	1.2624	0.6102	1.2748	0.2630	1.2536	1.2076	1.1949	0.2610	0.2620	1.4527	0.2757	1.3027	0.6739	0.4159	1.2554	0.2566	0.6670	0.2673	0.2622	1.2052	0.2505	1.1803	0.2537	0.6773	1.2742	1.2861	0.2455	0.2635	1.3050	0.2489	0.2739	1.1787	0.2519	1.1652	1.4616	0.7185	1.2772	0.5821	1.2759	0.2629	0.2479	0.2532	1.2531	0.5911	0.2629	0.2746	0.2946	1.4014	0.2785	1.3591	0.2823	0.9407	0.2861	0.2794	0.7130	1.2523	1.0682	0.2680
15:09:16	30.1	0.2604	1.4361	1.3400	0.2673	1.2884	1.3146	1.2642	1.1398	1.3494	1.1207	0.2538	0.2586	0.8921	1.3101	0.4111	0.2634	1.2942	0.3306	0.7159	1.1912	1.2709	0.2574	0.2653	1.0431	1.4627	0.2523	1.2746	1.2665	0.6398	0.3111	0.6229	1.2149	0.6313	1.1674	0.2637	1.1644	1.4183	0.2657	1.2949	0.6105	1.2721	0.2628	1.2549	1.2111	1.2137	0.2605	0.2620	1.4573	0.2755	1.3154	0.6801	0.4399	1.2675	0.2544	0.6786	0.2675	0.2622	1.2085	0.2505	1.1863	0.2536	0.6879	1.2814	1.3089	0.2452	0.2636	1.3106	0.2488	0.2756	1.1898	0.2518	1.1446	1.4685	0.7589	1.2899	0.5876	1.2849	0.2628	0.2476	0.2530	1.2624	0.6029	0.2629	0.2751	0.2947	1.4154	0.2782	1.3634	0.2823	0.9702	0.2861	0.2794	0.7168	1.2586	1.0689	0.2680
15:19:16	30.1	0.2605	1.4458	1.3474	0.2676	1.3028	1.3245	1.2801	1.1525	1.3638	1.1390	0.2538	0.2591	0.9259	1.3077	0.4172	0.2639	1.3079	0.3304	0.7165	1.2061	1.2769	0.2576	0.2653	1.0550	1.4698	0.2533	1.2745	1.2774	0.6512	0.3063	0.6376	1.2355	0.6646	1.1737	0.2639	1.1540	1.4243	0.2658	1.3004	0.6136	1.2809	0.2634	1.2677	1.2117	1.2346	0.2607	0.2620	1.4594	0.2758	1.3199	0.7164	0.4574	1.2643	0.2562	0.6840	0.2677	0.2625	1.2187	0.2506	1.1819	0.2538	0.6953	1.2831	1.3025	0.2456	0.2636	1.3119	0.2490	0.2837	1.1983	0.2519	1.1573	1.4730	0.7705	1.2975	0.6015	1.2974	0.2631	0.2479	0.2532	1.2577	0.6158	0.2630	0.2754	0.2938	1.4238	0.2785	1.3703	0.2825	0.9909	0.2862	0.2792	0.7159	1.2811	1.0772	0.2682
15:29:16	30.1	0.2605	1.4518	1.3623	0.2676	1.3096	1.3335	1.2869	1.1597	1.3696	1.1344	0.2539	0.2591	0.9433	1.3192	0.4176	0.2637	1.3120	0.3269	0.7211	1.2004	1.2973	0.2577	0.2654	1.0814	1.4700	0.2523	1.2888	1.2801	0.6647	0.3069	0.6443	1.2406	0.6409	1.1915	0.2637	1.1385	1.4331	0.2658	1.2993	0.6225	1.2894	0.2633	1.2795	1.2289	1.2408	0.2610	0.2621	1.4645	0.2758	1.3288	0.7109	0.4842	1.2861	0.2564	0.6944	0.2674	0.2622	1.2209	0.2505	1.2085	0.2535	0.7069	1.2914	1.3121	0.2454	0.2635	1.3203	0.2490	0.2774	1.1951	0.2519	1.1638	1.4818	0.8032	1.3020	0.6127	1.3054	0.2629	0.2479	0.2534	1.2646	0.6324	0.2630	0.2778	0.2947	1.4172	0.2782	1.3837	0.2826	1.0321	0.2858	0.2795	0.7256	1.2719	1.0745	0.2682
15:39:16	30.1	0.2604	1.4626	1.3748	0.2674	1.3168	1.3371	1.2906	1.1650	1.3871	1.1292	0.2539	0.2590	0.9612	1.3338	0.4210	0.2637	1.3278	0.3235	0.7190	1.2194	1.3074	0.2576	0.2653	1.0986	1.4877	0.2525	1.3021	1.2822	0.6777	0.3058	0.6587	1.2457	0.6803	1.1844	0.2638	1.1226	1.4449	0.2659	1.3076	0.6211	1.2969	0.2629	1.2797	1.2437	1.2292	0.2614	0.2622	1.4720	0.2757	1.3503	0.7390	0.4976	1.2908	0.2570	0.6933	0.2672	0.2622	1.2279	0.2503	1.2038	0.2536	0.7184	1.3006	1.3336	0.2455	0.2634	1.3351	0.2490	0.2842	1.2148	0.2518	1.1646	1.4859	0.8343	1.3163	0.6235	1.3142	0.2630	0.2481	0.2532	1.2746	0.6500	0.2630	0.2759	0.2947	1.4282	0.2783	1.3951	0.2823	1.0491	0.2857	0.2795	0.7271	1.2768	1.0601	0.2681
15:49:16	30.1	0.2604	1.4712	1.3795	0.2676	1.3246	1.3446	1.2991	1.1711	1.3903	1.1422	0.2539	0.2591	1.0052	1.3359	0.4212	0.2639	1.3268	0.3238	0.7302	1.2269	1.3048	0.2575	0.2653	1.0958	1.4881	0.2525	1.2972	1.2999	0.6892	0.2997	0.6737	1.2569	0.6719	1.1704	0.2638	1.1132	1.4508	0.2659	1.3110	0.6375	1.3059	0.2624	1.2878	1.2461	1.2622	0.2615	0.2620	1.4763	0.2756	1.3458	0.7288	0.5289	1.2952	0.2548	0.7003	0.2674	0.2625	1.2299	0.2503	1.1868	0.2536	0.7402	1.3136	1.3349	0.2454	0.2636	1.3392	0.2489	0.2832	1.2102	0.2519	1.1504	1.4917	0.8685	1.3154	0.6366	1.3210	0.2629	0.2481	0.2532	1.2790	0.6712	0.2630	0.2943	0.2943	1.4324	0.2785	1.4097	0.2824	1.0868	0.2858	0.2793	0.7409	1.2624	1.0610	0.2682
15:59:16	30.1	0.2603	1.4692	1.3946	0.2675	1.3327	1.3555	1.3041	1.1848	1.4057	1.1545	0.2539	0.2592	1.0393	1.3592	0.4269	0.2639	1.3298	0.3225	0.7314	1.2397	1.3139	0.2576	0.2653	1.0955	1.4865	0.2525	1.3073	1.3178	0.7045	0.2999	0.6869	1.2640	0.6818	1.1697	0.2638	1.0935	1.4535	0.2659	1.3277	0.6402	1.3153	0.2630	1.3174	1.2468	1.2719	0.2615	0.2621	1.4873	0.2756	1.3606	0.7496	0.5358	1.3193	0.2564	0.7053	0.2679	0.2626	1.2457	0.2505	1.1938	0.2537	0.7461	1.3184	1.3538	0.2455	0.2635	1.3462	0.2491	0.2850	1.2322	0.2519	1.1490	1.5013	0.8968	1.3299	0.6243	1.3301	0.2629	0.2483	0.2532	1.2833	0.6779	0.2630	0.2767	0.2946	1.4308	0.2782	1.4155	0.2824	1.1146	0.2859	0.2793	0.7712	1.2529	1.0520	0.2682
16:09:16	30.1	0.2606	1.4807	1.4079	0.2678	1.3333	1.3580	1.3122	1.2024	1.4088	1.1675	0.2540	0.2592	1.0733	1.3644	0.4347	0.2639	1.3424	0.3230	0.7450	1.2307	1.3184	0.2577	0.2665	1.1081	1.4951	0.2527	1.3125	1.3198	0.7139	0.2997	0.7022	1.2677	0.6955	1.1686	0.2639	1.1103	1.4631	0.2659	1.3344	0.6502	1.3237	0.2626	1.3191	1.2460	1.2742	0.2617	0.2622	1.4916	0.2759	1.3638	0.7716	0.5630	1.3160	0.2566	0.7168	0.2680	0.2627	1.2523	0.2506	1.1801	0.2538	0.7661	1.3281	1.3561	0.2454	0.2637	1.3521	0.2491	0.2885	1.2376	0.2520	1.1441	1.5085	0.9309	1.3275	0.6536	1.3513	0.2631	0.2485	0.2534	1.2885	0.6976	0.2631	0.2773	0.2950	1.4420	0.2785	1.4084	0.2827	1.1345	0.2862	0.2796	0.7855	1.2439	1.0501	0.2683
16:19:16	30.1	0.2606	1.4789	1.4071	0.2680	1.3461	1.3654	1.3195	1.2166	1.4265	1.1746	0.2540	0.2592	1.0982	1.3799	0.4410	0.2637	1.3366	0.3213	0.7437	1.2412	1.3086	0.2577	0.2654	1.1217	1.4947	0.2527	1.3201	1.3288	0.7281	0.2996	0.7137	1.2849	0.7101	1.2073	0.2638	1.1145	1.4714	0.2660	1.3455	0.6488	1.3415	0.2625	1.3442	1.2622	1.2713	0.2617	0.2624	1.5019	0.2760	1.3815	0.8034	0.5814	1.3343	0.2536	0.7206	0.2678	0.2625	1.2675	0.2506	1.1901	0.2539	0.7762	1.3332	1.3663	0.2455	0.2636	1.3617	0.2490	0.2996	1.2461	0.2521	1.1505	1.5164	0.9889	1.3462	0.6704	1.3680	0.2630	0.2485	0.2533	1.2965	0.6983	0.2631	0.2779	0.2944	1.4446	0.2785	1.4258	0.2830	1.1510	0.2860	0.2797	0.8193	1.2326	1.0239	0.2682
16:29:16	30.1	0.2605	1.4951	1.4129	0.2679	1.3547	1.3632	1.3331	1.2221	1.4268	1.1803	0.2540	0.2591	1.1254	1.3853	0.4469	0.2637	1.3540	0.3201	0.7478	1.2745	1.3276	0.2578	0.2655	1.1117	1.4991	0.2527	1.3209	1.3437	0.7466	0.2994	0.7288	1.2958	0.7121	1.1899	0.2638	1.1112	1.4828	0.2661	1.3527	0.6730	1.3318	0.2628	1.3510	1.2644	1.2831	0.2616	0.2626	1.5052	0.2759	1.3899	0.8028	0.5986	1.3363	0.2550	0.7321	0.2676	0.2622	1.2734	0.2506	1.1905	0.2538	0.7939	1.3440	1.3748	0.2455	0.2637	1.3681	0.2492	0.3047	1.2614	0.2519	1.1079	1.5166	1.0099	1.3463	0.6743	1.3609	0.2631	0.2485	0.2534	1.3090	0.7231	0.2630	0.2785	0.2954	1.4329	0.2785	1.4117	0.2832	1.1779	0.2858	0.2795	0.8719	1.2304	1.0399	0.2683
16:39:16	30.1	0.2605	1.4919	1.4161	0.2679	1.3629	1.3710	1.3405	1.2183	1.4360	1.1720	0.2540	0.2592	1.1311	1.3893	0.4486	0.2637	1.3654	0.3200	0.7631	1.2636	1.3228	0.2574	0.2654	1.1116	1.5022	0.2526	1.3384	1.3450	0.7641	0.3019	0.7397	1.3076	0.7229	1.1763	0.2636	1.1137	1.4872	0.2658	1.3615	0.6826	1.3539	0.2621	1.3480	1.2640	1.3058	0.2617	0.2626	1.5128	0.2758	1.3911	0.8359	0.6040	1.3446	0.2552	0.7438	0.2678	0.2623	1.2832	0.2506	1.1757	0.2537	0.8215	1.3508	1.3853	0.2453	0.2635	1.3767	0.2489	0.3109	1.2627	0.2517	1.1541	1.5192	1.0380	1.3521	0.6715	1.3663	0.2629	0.2487	0.2532	1.3082	0.7190	0.2628	0.2795	0.2946	1.4449	0.2785	1.4327	0.2830	1.1929	0.2857	0.2792	0.8951	1.2162	1.0368	0.2681
16:49:16	30.1	0.2606	1.5002	1.4279	0.2683	1.3650	1.3886	1.3532	1.2361	1.4415	1.1632	0.2541	0.2592	1.1751	1.3883	0.4806	0.2636	1.3691	0.3218	0.7672	1.2537	1.3415	0.2575	0.2654	1.0852	1.5069	0.2526	1.3361	1.3491	0.7828	0.3010	0.7573	1.3048	0.7291	1.1934	0.2638	1.1143	1.4942	0.2659	1.3645	0.6952	1.3671	0.2625	1.3603	1.2674	1.3001	0.2623	0.2623	1.5223	0.2757	1.3966	0.8574	0.6138	1.3432	0.2566	0.7534	0.2675	0.2625	1.2917	0.2506	1.1725	0.2537	0.8468	1.3636	1.3966	0.2455	0.2637	1.3912	0.2490	0.3379	1.2685	0.2520	1.1368	1.5227	1.0820	1.3680	0.6986	1.3739	0.2629	0.2488	0.2533	1.3085	0.7402	0.2630	0.2800	0.2948	1.4516	0.2787	1.4165	0.2830	1.2155	0.2860	0.2794	0.9362	1.2174	1.0271	0.2683
16:59:16	30.1	0.2606	1.4988	1.4275	0.2683	1.3702	1.3951	1.3568	1.2366	1.4503	1.1563	0.2541	0.2593	1.1856	1.3932	0.4687	0.2637	1.3774	0.3228	0.7790	1.2611	1.3326	0.2577	0.2654	1.0878	1.5105	0.2527	1.3630	1.3680	0.8055	0.3018	0.7726	1.3175	0.7465	1.1858	0.2638	1.1285	1.4983	0.2659	1.3697	0.6942	1.3785	0.2630	1.3613	1.2858	1.2887	0.2625	0.2626	1.5297	0.2759	1.4109	0.8970	0.5998	1.3512	0.2536	0.7669	0.2679	0.2626	1.2941	0.2506	1.1903	0.2538	0.8885	1.3750	1.4106	0.2454	0.2637	1.3919	0.2491	0.3589	1.2729	0.2520	1.1341	1.5244	1.1167	1.3744	0.7124	1.3797	0.2630	0.2491	0.2534	1.3069	0.7384	0.2631	0.2811	0.2948	1.4588	0.2788	1.4365	0.2830	1.2321	0.2863	0.2795	0.9520	1.2141	1.0532	0.2682
17:09:16	30.1	0.2605	1.5034	1.4297	0.2683	1.3757	1.3908	1.3608	1.2384	1.4574	1.1475	0.2541	0.2594	1.2250	1.3890	0.4942	0.2636	1.3867	0.3210	0.7970	1.2524	1.3442	0.2576	0.2654	1.0714	1.5134	0.2525	1.3608	1.3647	0.8133	0.3022	0.7954	1.3291	0.7511	1.1847	0.2638	1.1031	1.5097	0.2660	1.3711	0.7105	1.3846	0.2626	1.3540	1.2919	1.2931	0.2627	0.2624	1.5384	0.2760	1.4146	0.9238	0.6211	1.3685	0.2547	0.7846	0.2677	0.2625	1.2970	0.2505	1.1769	0.2538	0.9118	1.3920	1.4171	0.2455	0.2637	1.3896	0.2492	0.3915	1.2900	0.2520	1.1060	1.5283	1.1337	1.3779	0.7110	1.3923	0.2630	0.2494	0.2534	1.3163	0.7585	0.2631	0.2953	0.2926	1.4595	0.2787	1.4452	0.2829	1.2385	0.2862	0.2795	1.0030	1.1877	1.0425	0.2682
17:19:16	30.1	0.2605	1.5148	1.4348	0.2686	1.3864	1.4034	1.3716	1.2295	1.4682	1.1662	0.2539	0.2591	1.2406	1.3981	0.4945	0.2637	1.3979	0.3229	0.8221	1.2457	1.3332	0.2577	0.2653	1.0714	1.5175	0.2525	1.3769	1.3749	0.8409	0.3022	0.8258	1.3132	0.7611	1.1852	0.2636	1.1155	1.5141	0.2661	1.3961	0.7179	1.3826	0.2626	1.3551	1.2881	1.2895	0.2627	0.2623	1.5460	0.2757	1.4296	0.9378	0.6237	1.3776	0.2562	0.8090	0.2679	0.2625	1.3422	0.2505	1.1851	0.2537	0.9524	1.3969	1.4225	0.2456	0.2635	1.4066	0.2491	0.4177	1.2951	0.2520	1.1214	1.5318	1.1617	1.3873	0.7357	1.3917	0.2630	0.2494	0.2532	1.3104	0.7615	0.2630	0.2846	0.2952	1.4574	0.2784	1.4424	0.2830	1.2675	0.2860	0.2794	1.0339	1.2209	1.0608	0.2681
17:29:16	30.1	0.2605	1.5160	1.4330	0.2687	1.3930	1.4081	1.3778	1.2127	1.4774	1.1677	0.2539	0.2592	1.2634	1.3968	0.5050	0.2638	1.4116	0.3247	0.8338	1.2503	1.3408	0.2578	0.2653	1.0762	1.5217	0.2525	1.3899	1.3955	0.8612	0.3021	0.8520	1.3177	0.7790	1.1922	0.2638	1.1143	1.5183	0.2660	1.4090	0.7287	1.3811	0.2628	1.3519	1.3186	1.2960	0.2631	0.2626	1.5506	0.2759	1.4369	0.9708	0.6317	1.3810	0.2562	0.8376	0.2683	0.2626	1.3360	0.2506	1.1635	0.2538	0.9898	1.3924	1.4298	0.2457	0.2636	1.4148	0.2492	0.4467	1.2997	0.2520	1.1031	1.5327	1.1946	1.3881	0.7590	1.3984	0.2630	0.2504	0.2534	1.3268	0.7753	0.2632	0.2906	0.2949	1.4620	0.2787	1.4422	0.2833	1.2769	0.2862	0.2795	1.0714	1.2130	1.0722	0.2682
17:39:16	30.1	0.2606	1.5125	1.4307	0.2685	1.3914	1.4036	1.3689	1.2198	1.4787	1.1651	0.2539	0.2592	1.2767	1.3910	0.5286	0.2637	1.4153	0.3225	0.8400	1.2355	1.3493	0.2577	0.2652	1.0736	1.5260	0.2527	1.4046	1.4060	0.8793	0.3019	0.8769	1.3337	0.7866	1.1827	0.2635	1.0978	1.5219	0.2660	1.4208	0.7295	1.3778	0.2627	1.3656	1.3120	1.3039	0.2631	0.2625	1.5521	0.2758	1.4426	0.9908	0.6287	1.4028	0.2548	0.8499	0.2680	0.2625	1.3486	0.2505	1.1622	0.2537	1.0090	1.4005	1.4385	0.2455	0.2636	1.4122	0.2492	0.4645	1.3255	0.2520	1.0930	1.5406	1.2113	1.3873	0.7754	1.4031	0.2630	0.2501	0.2533	1.3337	0.7813	0.2631	0.2859	0.2947	1.4471	0.2786	1.4453	0.2836	1.2856	0.2859	0.2795	1.0939	1.2336	1.0786	0.2680
17:49:16	30.1	0.2606	1.5206	1.4272	0.2690	1.3957	1.4136	1.3868	1.2125	1.4872	1.1713	0.2539	0.2593	1.2970	1.4008	0.5354	0.2637	1.4174	0.3234	0.8655	1.2342	1.3508	0.2578	0.2654	1.0685	1.5246	0.2527	1.4125	1.4077	0.9005	0.3025	0.9179	1.3431	0.8066	1.1815	0.2637	1.0936	1.5203	0.2661	1.4314	0.7432	1.3856	0.2629	1.3445	1.3368	1.3005	0.2636	0.2627	1.5534	0.2759	1.4356	1.0197	0.6417	1.4065	0.2565	0.8987	0.2682	0.2624	1.3414	0.2503	1.1524	0.2540	1.0507	1.4049	1.4331	0.2455	0.2637	1.4110	0.2494	0.4836	1.3389	0.2519	1.0955	1.5386	1.2403	1.3930	0.8063	1.3917	0.2629	0.2504	0.2533	1.3278	0.8124	0.2631	0.3059	0.2925	1.4591	0.2786	1.4378	0.2836	1.2955	0.2863	0.2796	1.1304	1.2432	1.0783	0.2681
17:59:16	30.2	0.2606	1.5189	1.4288	0.2690	1.4031	1.4151	1.3870	1.1928	1.4930	1.1438	0.2538	0.2592	1.3330	1.4010	0.5626	0.2641	1.4225	0.3239	0.8772	1.2471	1.3575	0.2578	0.2654	1.0741	1.5289	0.2525	1.4114	1.4168	0.9195	0.3020	0.9448	1.3599	0.8232	1.1754	0.2637	1.1000	1.5249	0.2659	1.4331	0.7498	1.3865	0.2629	1.3524	1.3401	1.2941	0.2639	0.2623	1.5544	0.2758	1.4415	1.0512	0.6454	1.4261	0.2568	0.9008	0.2678	0.2627	1.3591	0.2504	1.1589	0.2538	1.0998	1.4184	1.4490	0.2455	0.2635	1.4159	0.2491	0.5215	1.3360	0.2519	1.1135	1.5445	1.2594	1.3891	0.8047	1.3992	0.2629	0.2505	0.2534	1.3182	0.8228	0.2629	0.2881	0.2924	1.4499	0.2784	1.4397	0.2835	1.3061	0.2864	0.2794	1.1494	1.2395	1.0765	0.2680
18:09:16	30.1	0.2606	1.5226	1.4354	0.2692	1.4061	1.4144	1.3893	1.1895	1.5010	1.1500	0.2537	0.2592	1.3346	1.4108	0.5621	0.2639	1.4297	0.3216	0.9015	1.2186	1.3600	0.2577	0.2653	1.0585	1.5363	0.2528	1.4108	1.4183	0.9369	0.3027	0.9759	1.3532	0.8340	1.1759	0.2636	1.1064	1.5283	0.2659	1.4314	0.7576	1.3790	0.2629	1.3550	1.3499	1.2839	0.2641	0.2624	1.5552	0.2757	1.4477	1.0763	0.6513	1.4312	0.2541	0.9218	0.2676	0.2625	1.3561	0.2504	1.1641	0.2538	1.1290	1.4216	1.4494	0.2454	0.2636	1.4130	0.2491	0.5378	1.3435	0.2518	1.1139	1.5404	1.2807	1.4059	0.8485	1.4090	0.2628	0.2511	0.2532	1.3144	0.8420	0.2628	0.2930	0.2937	1.4557	0.2784	1.4526	0.2836	1.3200	0.2864	0.2795	1.1842	1.2516	1.0849	0.2678
18:19:16	30.1	0.2607	1.5207	1.4366	0.2694	1.4096	1.4270	1.3814	1.2096	1.5080	1.1484	0.2538	0.2593	1.3553	1.4063	0.6011	0.2640	1.4271	0.3207	0.9180	1.2217	1.3618	0.2578	0.2655	1.0548	1.5344	0.2528	1.4180	1.4273	0.9659	0.3021	1.0056	1.3534	0.8546	1.1551	0.2638	1.1025	1.5292	0.2661	1.4379	0.7663	1.3910	0.2631	1.3640	1.3533	1.2880	0.2649	0.2624	1.5572	0.2758	1.4456	1.0926	0.6612	1.4345	0.2565	0.9549	0.2677	0.2626	1.3556	0.2506	1.1628	0.2538	1.1566	1.4219	1.4568	0.2456	0.2636	1.4247	0.2493	0.5604	1.3461	0.2521	1.1095	1.5491	1.2970	1.4037	0.8706	1.4124	0.2630	0.2516	0.2536	1.3307	0.8620	0.2629	0.3041	0.2957	1.4725	0.2785	1.4564	0.2837	1.3285	0.2864	0.2795	1.2164	1.2561	1.0852	0.2679
18:29:16	30.1	0.2606	1.5226	1.4359	0.2695	1.4102	1.4314	1.3872	1.2047	1.5149	1.1350	0.2538	0.2592	1.3725	1.4144	0.5773	0.2638	1.4332	0.3192	0.9431	1.2116	1.3518	0.2580	0.2653	1.0708	1.5407	0.2527	1.4270	1.4334	0.9850	0.3023	1.0313	1.3571	0.8739	1.1665	0.2637	1.1053	1.5312	0.2660	1.4422	0.7760	1.4013	0.2630	1.3549	1.3577	1.2723	0.2650	0.2624	1.5568	0.2759	1.4517	1.1256	0.6699	1.4343	0.2553	0.9704	0.2680	0.2622	1.3620	0.2504	1.1641	0.2539	1.1770	1.4358	1.4641	0.2455	0.2637	1.4345	0.2492	0.5982	1.3418	0.2520	1.1123	1.5534	1.3154	1.4136	0.8871	1.4091	0.2631	0.2519	0.2534	1.3283	0.8647	0.2628	0.3097	0.2953	1.4709	0.2786	1.4578	0.2839	1.3422	0.2865	0.2796	1.2315	1.2547	1.0890	0.2679
18:39:16	30.0	0.2608	1.5239	1.4366	0.2697	1.4120	1.4315	1.3881	1.1952	1.5206	1.1297	0.2538	0.2592	1.3724	1.3994	0.6255	0.2635	1.4386	0.3181	0.9564	1.2200	1.3711	0.2580	0.2655	1.0588	1.5387	0.2527	1.4311	1.4334	1.0142	0.3013	1.0600	1.3645	0.8899	1.1751	0.2637	1.0947	1.5330	0.2662	1.4464	0.7922	1.4003	0.2631	1.3591	1.3528	1.2660	0.2653	0.2626	1.5591	0.2759	1.4581	1.1477	0.6765	1.4388	0.2552	0.9983	0.2682	0.2621	1.3559	0.2506	1.1625	0.2540	1.2046	1.4325	1.4672	0.2455	0.2636	1.4334	0.2492	0.6175	1.3218	0.2521	1.1207	1.5542	1.3259	1.4234	0.9258	1.4146	0.2630	0.2523	0.2536	1.3068	0.8711	0.2629	0.3256	0.2953	1.4743	0.2785	1.4611	0.2844	1.3560	0.2866	0.2795	1.2529	1.2426	1.0978	0.2680
18:49:16	30.1	0.2606	1.5286	1.4453	0.2701	1.4142	1.4149	1.3937	1.1806	1.5267	1.1314	0.2537	0.2591	1.3890	1.4146	0.6125	0.2637	1.4353	0.3203	0.9988	1.2184	1.3592	0.2578	0.2654	1.0540	1.5432	0.2527	1.4374	1.4433	1.0404	0.3028	1.0900	1.3736	0.9160	1.1664	0.2637	1.1101	1.5314	0.2660	1.4443	0.8194	1.3998	0.2630	1.3637	1.3557	1.2689	0.2661	0.2625	1.5603	0.2759	1.4601	1.1601	0.6883	1.4405	0.2552	1.0236	0.2678	0.2626	1.3689	0.2506	1.1640	0.2538	1.2160	1.4346	1.4633	0.2454	0.2637	1.4334	0.2494	0.6217	1.3420	0.2519	1.1106	1.5532	1.3456	1.4220	0.9612	1.4141	0.2629	0.2528	0.2534	1.3354	0.8755	0.2629	0.3082	0.2961	1.4735	0.2783	1.4540	0.2841	1.3700	0.2864	0.2794	1.2797	1.2370	1.0901	0.2679
18:59:16	30.1	0.2607	1.5217	1.4468	0.2731	1.4221	1.4345	1.3880	1.1862	1.5280	1.1323	0.2539	0.2589	1.3894	1.4199	0.6240	0.2640	1.4488	0.3211	0.9958	1.2153	1.3713	0.2580	0.2656	1.0674	1.5434	0.2531	1.4358	1.4299	1.0600	0.3030	1.1044	1.3762	0.9257	1.1848	0.2639	1.1079	1.5362	0.2660	1.4431	0.8144	1.4059	0.2631	1.3663	1.3637	1.2723	0.2665	0.2624	1.5613	0.2761	1.4611	1.1886	0.6786	1.4435	0.2552	1.0387	0.2681	0.2626	1.3678	0.2507	1.1345	0.2540	1.2449	1.4406	1.4698	0.2455	0.2638	1.4396	0.2495	0.6463	1.3399	0.2521	1.1086	1.5596	1.3608	1.4156	0.9960	1.4111	0.2631	0.2536	0.2537	1.3345	0.8813	0.2632	0.3302	0.2939	1.4776	0.2784	1.4656	0.2844	1.3893	0.2869	0.2797	1.2920	1.2148	1.1165	0.2680
19:09:16	30.2	0.2609	1.5279	1.4414	0.2709	1.4144	1.4278	1.3868	1.1466	1.5316	1.1157	0.2540	0.2590	1.4214	1.4151	0.6672	0.2642	1.4501	0.3188	1.0217	1.2155	1.3696	0.2581	0.2659	1.0796	1.5547	0.2538	1.4385	1.4387	1.0971	0.3036	1.1367	1.3748	0.9710	1.1823	0.2640	1.1103	1.5336	0.2663	1.4566	0.8571	1.3969	0.2630	1.3696	1.3517	1.2724	0.2671	0.2625	1.5617	0.2762	1.4586	1.2032	0.7133	1.4460	0.2554	1.0707	0.2683	0.2626	1.3611	0.2507	1.1515	0.2541	1.2714	1.4340	1.4703	0.2459	0.2639	1.4376	0.2497	0.6515	1.3402	0.2522	1.1086	1.5632	1.3715	1.4180	1.0174	1.4133	0.2632	0.2539	0.2538	1.3326	0.8828	0.2633	0.3044	0.2953	1.4806	0.2786	1.4672	0.2847	1.4099	0.2871	0.2799	1.3143	1.1985	1.0979	0.2682
19:19:16	30.1	0.2606	1.5271	1.4422	0.2708	1.4048	1.4339	1.3814	1.1651	1.5354	1.1200	0.2537	0.2587	1.4226	1.4205	0.6597	0.2639	1.4525	0.3194	1.0439	1.2373	1.3688	0.2578	0.2656	1.0816	1.5557	0.2532	1.4417	1.4474	1.1154	0.3037	1.1556	1.3712	0.9711	1.1467	0.2638	1.1013	1.5373	0.2660	1.4629	0.8685	1.4077	0.2624	1.3779	1.3557	1.2623	0.2673	0.2621	1.5643	0.2759	1.4629	1.2396	0.7066	1.4454	0.2552	1.0743	0.2681	0.2624	1.3624	0.2504	1.1555	0.2539	1.2733	1.4396	1.4818	0.2456	0.2637	1.4373	0.2495	0.6771	1.3295	0.2520	1.0969	1.5653	1.3907	1.4276	1.0476	1.4027	0.2629	0.2546	0.2535	1.3284	0.8907	0.2630	0.3087	0.2942	1.4723	0.2784	1.4632	0.2844	1.4273	0.2872	0.2797	1.3285	1.1928	1.1241	0.2680
19:29:16	30.1	0.2608	1.5335	1.4420	0.2714	1.4192	1.4222	1.3845	1.1601	1.5395	1.1179	0.2539	0.2590	1.4343	1.4162	0.7088	0.2640	1.4542	0.3172	1.0721	1.2349	1.3721	0.2579	0.2655	1.0708	1.5536	0.2533	1.4442	1.4463	1.1348	0.3019	1.1767	1.3816	0.9934	1.1484	0.2639	1.0893	1.5418	0.2660	1.4608	0.8892	1.4036	0.2629	1.3701	1.3580	1.2529	0.2680	0.2624	1.5673	0.2762	1.4666	1.2517	0.7037	1.4542	0.2554	1.1002	0.2682	0.2627	1.3630	0.2505	1.1389	0.2539	1.2997	1.4384	1.4759	0.2457	0.2637	1.4380	0.2494	0.6845	1.3353	0.2520	1.0926	1.5661	1.4046	1.4270	1.0757	1.4230	0.2629	0.2554	0.2535	1.3219	0.9030	0.2632	0.3193	0.2938	1.4643	0.2783	1.4633	0.2849	1.4316	0.2871	0.2797	1.3479	1.1877	1.1105	0.2681
19:39:16	30.1	0.2608	1.5366	1.4425	0.2720	1.4203	1.4269	1.3819	1.1612	1.5432	1.1166	0.2539	0.2588	1.4413	1.4184	0.6928	0.2639	1.4579	0.3184	1.0924	1.2278	1.3711	0.2581	0.2668	1.0709	1.5551	0.2534	1.4470	1.4563	1.1576	0.3027	1.1996	1.3843	1.0201	1.1303	0.2638	1.0750	1.5385	0.2661	1.4608	0.9242	1.3964	0.2629	1.3693	1.3680	1.2509	0.2687	0.2624	1.5694	0.2761	1.4645	1.2728	0.7150	1.4509	0.2553	1.1228	0.2683	0.2625	1.3590	0.2507	1.1326	0.2540	1.3137	1.4489	1.4758	0.2455	0.2637	1.4324	0.2494	0.6956	1.3164	0.2520	1.1084	1.5634	1.4158	1.4382	1.1032	1.4120	0.2630	0.2566	0.2537	1.3234	0.9171	0.2632	0.3410	0.2942	1.4561	0.2784	1.4616	0.2853	1.4468	0.2872	0.2796	1.3613	1.1885	1.1189	0.2680
19:49:16	30.1	0.2606	1.5373	1.4521	0.2724	1.4252	1.4311	1.3795	1.1924	1.5440	1.1417	0.2539	0.2589	1.4508	1.4208	0.7064	0.2639	1.4602	0.3185	1.1203	1.2254	1.3847	0.2581	0.2667	1.0655	1.5577	0.2548	1.4459	1.4484	1.1819	0.3032	1.2238	1.3988	1.0551	1.1532	0.2638	1.0775	1.5325	0.2660	1.4668	0.9482	1.4044	0.2629	1.3737	1.3810	1.2565	0.2695	0.2625	1.5710	0.2761	1.4652	1.2890	0.7484	1.4586	0.2553	1.1449	0.2679	0.2627	1.3642	0.2506	1.1503	0.2540	1.3350	1.4506	1.4788	0.2457	0.2636	1.4432	0.2496	0.6918	1.3171	0.2521	1.1187	1.5693	1.4263	1.4371	1.1380	1.4172	0.2630	0.2574	0.2536	1.3329	0.9198	0.2629	0.3616	0.2941	1.4520	0.2783	1.4637	0.2862	1.4593	0.2871	0.2796	1.3780	1.1939	1.1211	0.2681
19:59:16	30.1	0.2608	1.5418	1.4525	0.2727	1.4205	1.4340	1.3834	1.2066	1.5468	1.1060	0.2538	0.2589	1.4638	1.4213	0.7338	0.2637	1.4657	0.3230	1.1431	1.2164	1.3908	0.2580	0.2656	1.0784	1.5591	0.2528	1.4462	1.4527	1.2041	0.3032	1.2424	1.3841	1.0764	1.1591	0.2637	1.0762	1.5287	0.2662	1.4608	0.9918	1.4069	0.2630	1.3735	1.3697	1.2544	0.2706	0.2624	1.5745	0.2761	1.4646	1.2982	0.7498	1.4607	0.2552	1.1734	0.2679	0.2625	1.3650	0.2505	1.1698	0.2540	1.3485	1.4446	1.4824	0.2456	0.2637	1.4368	0.2494	0.7085	1.3212	0.2521	1.1049	1.5650	1.4349	1.4389	1.1632	1.4097	0.2629	0.2585	0.2535	1.3333	0.9305	0.2630	0.3270	0.2944	1.4436	0.2783	1.4596	0.2856	1.4706	0.2871	0.2797	1.3906	1.2016	1.0891	0.2680
20:09:16	30.2	0.2608	1.5434	1.4582	0.2735	1.4339	1.4294	1.3828	1.1963	1.5510	1.1245	0.2539	0.2590	1.4673	1.4263	0.7701	0.2637	1.4673	0.3239	1.1530	1.2074	1.3815	0.2579	0.2656	1.0942	1.5589	0.2547	1.4558	1.4590	1.2284	0.3074	1.2569	1.3920	1.0952	1.1515	0.2639	1.0795	1.5426	0.2661	1.4668	1.0134	1.4147	0.2627	1.3747	1.3691	1.2686	0.2714	0.2625	1.5765	0.2762	1.4704	1.3203	0.7603	1.4610	0.2553	1.1764	0.2681	0.2625	1.3740	0.2506	1.1627	0.2540	1.3601	1.4553	1.4799	0.2457	0.2638	1.4405	0.2495	0.7056	1.3281	0.2522	1.1197	1.5713	1.4449	1.4379	1.1788	1.4105	0.2631	0.2605	0.2535	1.3186	0.9473	0.2628	0.3444	0.2944	1.4389	0.2783	1.4478	0.2863	1.4855	0.2874	0.2797	1.4074	1.1996	1.0868	0.2682
20:19:16	30.1	0.2609	1.5480	1.4582	0.2740	1.4283	1.4445	1.3865	1.1889	1.5519	1.1266	0.2539	0.2588	1.4855	1.4295	0.7807	0.2639	1.4672	0.3224	1.1825	1.2054	1.3669	0.2580	0.2655	1.0902	1.5611	0.2550	1.4601	1.4569	1.2464	0.3075	1.2838	1.4001	1.1249	1.1652	0.2638	1.0767	1.5355	0.2663	1.4646	1.0312	1.4041	0.2630	1.3815	1.3798	1.2694	0.2728	0.2625	1.5755	0.2762	1.4741	1.3366	0.8150	1.4564	0.2553	1.2218	0.2682	0.2626	1.3737	0.2505	1.1252	0.2541	1.3815	1.4505	1.4858	0.2457	0.2637	1.4431	0.2495	0.7161	1.3291	0.2521	1.1165	1.5663	1.4522	1.4341	1.2075	1.4212	0.2630	0.2623	0.2536	1.3199	0.9637	0.2628	0.3404	0.2945	1.4354	0.2784	1.4452	0.2863	1.4980	0.2877	0.2797	1.4182	1.1654	1.0858	0.2681
20:29:16	30.1	0.2609	1.5604	1.4630	0.2747	1.4293	1.4342	1.3903	1.1684	1.5554	1.1385	0.2540	0.2590	1.4874	1.4254	0.7965	0.2640	1.4669	0.3228	1.1975	1.2177	1.3674	0.2580	0.2656	1.0864	1.5631	0.2529	1.4633	1.4591	1.2684	0.3078	1.2970	1.3999	1.1396	1.1565	0.2638	1.0708	1.5423	0.2662	1.4705	1.0626	1.4002	0.2631	1.3857	1.3766	1.2750	0.2747	0.2623	1.5780	0.2761	1.4738	1.3463	0.8067	1.4601	0.2553	1.2133	0.2681	0.2627	1.3794	0.2508	1.1458	0.2543	1.3937	1.4627	1.4848	0.2460	0.2637	1.4465	0.2496	0.7365	1.3214	0.2522	1.0942	1.5630	1.4628	1.4441	1.2223	1.4186	0.2630	0.2634	0.2536	1.3128	0.9814	0.2631	0.3693	0.2939	1.4353	0.2785	1.4411	0.2870	1.5084	0.2880	0.2798	1.4314	1.1753	1.0708	0.2682
20:39:16	30.1	0.2608	1.5635	1.4642	0.2755	1.4464	1.4461	1.3899	1.1894	1.5597	1.1494	0.2540	0.2593	1.4938	1.4358	0.7963	0.2638	1.4726	0.3231	1.2192	1.2277	1.3628	0.2581	0.2656	1.0791	1.5709	0.2545	1.4657	1.4645	1.2874	0.3081	1.3141	1.4057	1.1659	1.1350	0.2642	1.0831	1.5388	0.2662	1.4755	1.0981	1.4117	0.2630	1.3837	1.3786	1.2991	0.2765	0.2623	1.5772	0.2763	1.4796	1.3703	0.8443	1.4688	0.2554	1.2407	0.2681	0.2629	1.3770	0.2508	1.1242	0.2542	1.4066	1.4639	1.4877	0.2457	0.2639	1.4512	0.2497	0.7249	1.3362	0.2521	1.0872	1.5589	1.4753	1.4501	1.2524	1.4168	0.2631	0.2670	0.2535	1.3245	1.0057	0.2631	0.3575	0.2937	1.4383	0.2785	1.4370	0.2877	1.5199	0.2881	0.2799	1.4484	1.1691	1.0755	0.2682
20:49:16	30.1	0.2607	1.5626	1.4561	0.2763	1.4409	1.4488	1.3940	1.1961	1.5578	1.1448	0.2540	0.2589	1.5012	1.4267	0.8219	0.2634	1.4732	0.3222	1.2370	1.2410	1.3570	0.2578	0.2653	1.0779	1.5706	0.2538	1.4682	1.4677	1.3046	0.3090	1.3324	1.3956	1.1830	1.1643	0.2639	1.0826	1.5431	0.2660	1.4750	1.1233	1.4113	0.2629	1.3644	1.3730	1.3031	0.2770	0.2623	1.5780	0.2762	1.4729	1.3689	0.8745	1.4696	0.2552	1.2546	0.2681	0.2627	1.3740	0.2506	1.1168	0.2541	1.4162	1.4570	1.4901	0.2456	0.2636	1.4560	0.2493	0.7142	1.3366	0.2519	1.0788	1.5561	1.4790	1.4490	1.2699	1.4029	0.2629	0.2682	0.2534	1.3234	1.0173	0.2630	0.4074	0.2939	1.4311	0.2783	1.4351	0.2882	1.5288	0.2882	0.2797	1.4621	1.1625	1.0833	0.2680
20:59:16	30.2	0.2607	1.5625	1.4419	0.2771	1.4368	1.4404	1.3932	1.1805	1.5618	1.1172	0.2538	0.2591	1.5009	1.4186	0.7852	0.2637	1.4723	0.3211	1.2494	1.2398	1.3529	0.2579	0.2654	1.0564	1.5692	0.2546	1.4640	1.4643	1.3202	0.3085	1.3484	1.4154	1.2030	1.1634	0.2638	1.0749	1.5445	0.2660	1.4748	1.1407	1.4083	0.2630	1.3605	1.3720	1.2897	0.2781	0.2623	1.5768	0.2761	1.4612	1.3945	0.8974	1.4726	0.2552	1.2686	0.2678	0.2624	1.3757	0.2505	1.1198	0.2541	1.4192	1.4601	1.4770	0.2457	0.2638	1.4516	0.2493	0.7287	1.3316	0.2520	1.0777	1.5519	1.4879	1.4498	1.2901	1.3886	0.2630	0.2749	0.2535	1.3139	1.0273	0.2631	0.3897	0.2937	1.4231	0.2785	1.4241	0.2889	1.5410	0.2886	0.2799	1.4642	1.1474	1.0767	0.2680
21:09:16	30.2	0.2610	1.5661	1.4466	0.2786	1.4313	1.4391	1.3935	1.1881	1.5643	1.0952	0.2541	0.2592	1.5109	1.4219	0.8457	0.2640	1.4747	0.3226	1.2609	1.2283	1.3513	0.2581	0.2655	1.0538	1.5741	0.2541	1.4751	1.4717	1.3377	0.3102	1.3627	1.4159	1.2216	1.1645	0.2639	1.0748	1.5505	0.2663	1.4834	1.1679	1.3942	0.2631	1.3604	1.3799	1.2902	0.2813	0.2622	1.5748	0.2765	1.4717	1.4082	0.9321	1.4707	0.2553	1.2847	0.2679	0.2628	1.3774	0.2505	1.1193	0.2542	1.4318	1.4665	1.4827	0.2456	0.2638	1.4523	0.2495	0.7355	1.3262	0.2521	1.0724	1.5561	1.4938	1.4552	1.3093	1.3938	0.2631	0.2752	0.2536	1.3249	1.0443	0.2631	0.4310	0.2919	1.4190	0.2785	1.4271	0.2897	1.5482	0.2889	0.2799	1.4748	1.1407	1.0785	0.2682
21:19:16	30.1	0.2608	1.5700	1.4462	0.2807	1.4384	1.4298	1.3934	1.1740	1.5659	1.0800	0.2541	0.2592	1.5186	1.4245	0.8255	0.2638	1.4737	0.3200	1.2834	1.2148	1.3365	0.2579	0.2656	1.0529	1.5785	0.2541	1.4737	1.4664	1.3465	0.3085	1.3769	1.4135	1.2412	1.1526	0.2639	1.0777	1.5486	0.2662	1.4869	1.1935	1.3852	0.2623	1.3506	1.3812	1.2914	0.2850	0.2624	1.5760	0.2766	1.4844	1.4244	0.9582	1.4712	0.2553	1.3019	0.2680	0.2631	1.3777	0.2507	1.1186	0.2542	1.4478	1.4569	1.4855	0.2457	0.2639	1.4397	0.2495	0.7365	1.3295	0.2522	1.0642	1.5605	1.5014	1.4439	1.3265	1.3919	0.2631	0.2779	0.2536	1.3442	1.0570	0.2631	0.4487	0.2944	1.4173	0.2785	1.4224	0.2905	1.5573	0.2890	0.2799	1.4855	1.1385	1.0754	0.2681
21:29:16	30.1	0.2609	1.5720	1.4423	0.2814	1.4424	1.4253	1.3910	1.1699	1.5686	1.0874	0.2539	0.2590	1.5237	1.4223	0.8512	0.2638	1.4798	0.3199	1.2988	1.2109	1.3322	0.2580	0.2655	1.0439	1.5809	0.2539	1.4762	1.4701	1.3627	0.3088	1.3884	1.4180	1.2584	1.1505	0.2640	1.0775	1.5520	0.2662	1.4840	1.2165	1.3847	0.2630	1.3435	1.3811	1.2877	0.2881	0.2622	1.5746	0.2764	1.4820	1.4279	0.9934	1.4757	0.2554	1.3199	0.2677	0.2632	1.3781	0.2506	1.1370	0.2542	1.4618	1.4596	1.4777	0.2457	0.2638	1.4374	0.2495	0.7424	1.3268	0.2521	1.0621	1.5608	1.5100	1.4356	1.3422	1.3909	0.2631	0.2813	0.2537	1.3292	1.0721	0.2631	0.4014	0.2946	1.4196	0.2785	1.4223	0.2913	1.5609	0.2889	0.2799	1.4941	1.1423	1.0767	0.2682
21:39:16	30.2	0.2608	1.5735	1.4485	0.2833	1.4300	1.4192	1.3783	1.1555	1.5662	1.0862	0.2540	0.2591	1.5323	1.4190	0.8765	0.2638	1.4804	0.3222	1.3199	1.2077	1.3233	0.2581	0.2667	1.0427	1.5841	0.2536	1.4818	1.4725	1.3770	0.3088	1.4004	1.4265	1.2705	1.1510	0.2639	1.0826	1.5498	0.2663	1.4887	1.2401	1.3874	0.2630	1.3399	1.3683	1.2903	0.2915	0.2622	1.5750	0.2764	1.4760	1.4323	1.0228	1.4745	0.2553	1.3339	0.2679	0.2632	1.3719	0.2506	1.1375	0.2542	1.4658	1.4563	1.4774	0.2457	0.2638	1.4317	0.2495	0.7688	1.3282	0.2521	1.0647	1.5628	1.5170	1.4326	1.3554	1.3868	0.2631	0.2873	0.2538	1.3188	1.1014	0.2631	0.4882	0.2944	1.4133	0.2785	1.4231	0.2925	1.5672	0.2895	0.2800	1.5058	1.1426	1.0761	0.2682
21:49:16	30.2	0.2608	1.5760	1.4430	0.2856	1.4228	1.4224	1.3666	1.1432	1.5668	1.0901	0.2541	0.2591	1.5386	1.4200	0.8920	0.2638	1.4791	0.3213	1.3251	1.1997	1.3171	0.2580	0.2657	1.0434	1.5933	0.2529	1.4878	1.4699	1.3902	0.3097	1.4159	1.4239	1.2871	1.1620	0.2641	1.0755	1.5459	0.2662	1.4911	1.2546	1.3818	0.2630	1.3397	1.3580	1.2924	0.2940	0.2621	1.5709	0.2765	1.4744	1.4493	1.0437	1.4781	0.2554	1.3436	0.2678	0.2630	1.3614	0.2507	1.1476	0.2544	1.4821	1.4547	1.4781	0.2458	0.2638	1.4238	0.2497	0.7758	1.3336	0.2522	1.0583	1.5609	1.5247	1.4309	1.3787	1.3875	0.2631	0.2922	0.2537	1.3148	1.1201	0.2632	0.4510	0.2946	1.4139	0.2785	1.4200	0.2932	1.5772	0.2902	0.2800	1.5085	1.1454	1.0716	0.2682
21:59:16	30.2	0.2608	1.5755	1.4418	0.2981	1.4214	1.4259	1.3764	1.1699	1.5681	1.1043	0.2541	0.2592	1.5484	1.4178	0.9243	0.2640	1.4948	0.3217	1.3441	1.2479	1.3270	0.2579	0.2657	1.0564	1.5981	0.2539	1.4880	1.4795	1.3999	0.3090	1.4256	1.4302	1.3040	1.2032	0.2639	1.1030	1.5450	0.2663	1.4908	1.2788	1.3847	0.2630	1.3578	1.3586	1.2988	0.2966	0.2622	1.5579	0.2766	1.4673	1.4567	1.0620	1.4890	0.2554	1.3580	0.2676	0.2644	1.3606	0.2507	1.1589	0.2544	1.4937	1.4626	1.4802	0.2459	0.2638	1.4230	0.2493	0.7902	1.3526	0.2521	1.0653	1.5674	1.5328	1.4380	1.3915	1.3867	0.2630	0.2966	0.2536	1.3236	1.1239	0.2631	0.5222	0.2937	1.4108	0.2783	1.4110	0.2941	1.5821	0.2904	0.2800	1.5168	1.1630	1.0871	0.2681
22:09:16	30.2	0.2610	1.5740	1.4477	0.3078	1.4205	1.4315	1.3832	1.1997	1.5767	1.1239	0.2540	0.2585	1.5508	1.4340	0.9508	0.2637	1.5005	0.3230	1.3575	1.2646	1.3326	0.2580	0.2657	1.0623	1.5985	0.2539	1.4863	1.4854	1.4093	0.3089	1.4345	1.4383	1.3132	1.2316	0.2639	1.1052	1.5494	0.2662	1.4908	1.2977	1.3987	0.2628	1.3634	1.3671	1.3026	0.3012	0.2622	1.5542	0.2770	1.4799	1.4675	1.1086	1.4958	0.2554	1.3633	0.2679	0.2644	1.3641	0.2507	1.1819	0.2544	1.4963	1.4624	1.4897	0.2457	0.2638	1.4332	0.2494	0.8279	1.3496	0.2520	1.0955	1.5721	1.5355	1.4478	1.4043	1.4100	0.2631	0.3022	0.2537	1.3389	1.1518	0.2631	0.5353	0.2907	1.4221	0.2785	1.4354	0.2958	1.5874	0.2907	0.2800	1.5258	1.1838	1.0896	0.2682
22:19:16	30.2	0.2611	1.5793	1.4475	0.3022	1.4250	1.4362	1.3753	1.1952	1.5747	1.1138	0.2541	0.2586	1.5583	1.4351	0.9682	0.2640	1.4918	0.3193	1.3641	1.2763	1.3365	0.2580	0.2656	1.0642	1.6034	0.2548	1.4870	1.4894	1.4207	0.3088	1.4418	1.4346	1.3249	1.2406	0.2639	1.0946	1.5525	0.2662	1.4885	1.3141	1.4019	0.2630	1.3649	1.3652	1.3048	0.3030	0.2622	1.5515	0.2765	1.4797	1.4789	1.1284	1.4839	0.2554	1.3727	0.2680	0.2637	1.3677	0.2506	1.1917	0.2545	1.5070	1.4599	1.4905	0.2457	0.2638	1.4370	0.2493	0.8429	1.3476	0.2521	1.0939	1.5733	1.5410	1.4450	1.4096	1.4121	0.2632	0.3090	0.2537	1.3299	1.1723	0.2633	0.5838	0.2944	1.4146	0.2784	1.4320	0.2975	1.5925	0.2909	0.2800	1.5287	1.1929	1.0798	0.2682
22:29:16	30.2	0.2610	1.5821	1.4564	0.3085	1.4307	1.4368	1.3746	1.1988	1.5734	1.1214	0.2541	0.2585	1.5577	1.4393	0.9946	0.2641	1.4868	0.3209	1.3675	1.2788	1.3425	0.2578	0.2656	1.0529	1.6025	0.2542	1.4857	1.4915	1.4296	0.3085	1.4516	1.4359	1.3362	1.2519	0.2638	1.1029	1.5485	0.2663	1.4903	1.3220	1.4041	0.2631	1.3636	1.3662	1.3062	0.3076	0.2622	1.5422	0.2768	1.4787	1.4845	1.1546	1.4821	0.2554	1.3816	0.2680	0.2649	1.3743	0.2506	1.1921	0.2544	1.5094	1.4594	1.4857	0.2459	0.2638	1.4325	0.2494	0.8698	1.3449	0.2521	1.0870	1.5731	1.5448	1.4448	1.4230	1.4094	0.2632	0.3269	0.2537	1.3196	1.1908	0.2631	0.6604	0.2949	1.4089	0.2783	1.4264	0.2991	1.6003	0.2917	0.2801	1.5409	1.1925	1.0841	0.2681
22:39:16	30.1	0.2610	1.5815	1.4588	0.3201	1.4292	1.4405	1.3754	1.2098	1.5795	1.1048	0.2543	0.2587	1.5671	1.4408	1.0313	0.2643	1.4892	0.3220	1.3844	1.2795	1.3387	0.2580	0.2657	1.0570	1.6067	0.2535	1.4812	1.4871	1.4374	0.3091	1.4581	1.4300	1.3474	1.2684	0.2640	1.1148	1.5545	0.2663	1.4898	1.3448	1.4089	0.2629	1.3687	1.3688	1.3196	0.3144	0.2622	1.5384	0.2766	1.4800	1.4957	1.1796	1.4806	0.2555	1.3934	0.2679	0.2642	1.3693	0.2507	1.1870	0.2547	1.5194	1.4691	1.4887	0.2457	0.2639	1.4370	0.2495	0.9093	1.3434	0.2523	1.0931	1.5766	1.5540	1.4462	1.4327	1.4163	0.2631	0.3315	0.2538	1.3221	1.2148	0.2633	0.6845	0.2936	1.4065	0.2787	1.4337	0.3010	1.6037	0.2922	0.2802	1.5444	1.1918	1.0831	0.2682
22:49:16	30.2	0.2608	1.5854	1.4591	0.3184	1.4286	1.4406	1.3764	1.1959	1.5816	1.1111	0.2541	0.2587	1.5730	1.4417	1.0579	0.2640	1.4893	0.3203	1.3929	1.2843	1.3400	0.2579	0.2656	1.0603	1.6096	0.2547	1.4788	1.4872	1.4432	0.3092	1.4668	1.4329	1.3511	1.2651	0.2637	1.1017	1.5563	0.2662	1.4881	1.3621	1.3961	0.2630	1.3717	1.3674	1.3158	0.3187	0.2621	1.5390	0.2766	1.4788	1.5035	1.2033	1.4829	0.2554	1.3991	0.2675	0.2638	1.3670	0.2506	1.1984	0.2545	1.5299	1.4722	1.4857	0.2456	0.2638	1.4332	0.2493	0.9307	1.3493	0.2521	1.0868	1.5768	1.5550	1.4398	1.4415	1.4188	0.2631	0.3426	0.2537	1.3212	1.2314	0.2632	0.6590	0.2920	1.4026	0.2784	1.4315	0.3027	1.6098	0.2926	0.2800	1.5503	1.1865	1.0830	0.2681
22:59:16	30.2	0.2608	1.5933	1.4597	0.3378	1.4326	1.4411	1.3776	1.1800	1.5819	1.0982	0.2541	0.2586	1.5720	1.4421	1.0767	0.2641	1.4886	0.3205	1.4073	1.2897	1.3475	0.2580	0.2656	1.0585	1.6148	0.2549	1.4806	1.4905	1.4517	0.3093	1.4732	1.4357	1.3574	1.2781	0.2639	1.1175	1.5562	0.2663	1.4866	1.3718	1.4038	0.2630	1.3750	1.3764	1.3113	0.3240	0.2624	1.5292	0.2767	1.4762	1.5104	1.2197	1.4818	0.2554	1.4066	0.2676	0.2645	1.3674	0.2505	1.1912	0.2546	1.5338	1.4664	1.4889	0.2458	0.2639	1.4325	0.2493	0.9493	1.3457	0.2523	1.0833	1.5792	1.5667	1.4542	1.4483	1.4202	0.2632	0.3533	0.2538	1.3216	1.2460	0.2634	0.7254	0.2925	1.4004	0.2786	1.4316	0.3051	1.6094	0.2936	0.2800	1.5562	1.1806	1.0941	0.2682
23:09:16	30.2	0.2610	1.5908	1.4609	0.3470	1.4319	1.4441	1.3825	1.1852	1.5812	1.0944	0.2543	0.2586	1.5780	1.4445	1.1051	0.2644	1.4884	0.3207	1.4201	1.2943	1.3506	0.2580	0.2656	1.0631	1.6166	0.2536	1.4757	1.4875	1.4581	0.3087	1.4789	1.4439	1.3721	1.2862	0.2640	1.1168	1.5575	0.2664	1.4816	1.3850	1.4048	0.2631	1.3738	1.3724	1.3273	0.3320	0.2625	1.5438	0.2767	1.4829	1.5173	1.2376	1.4806	0.2555	1.4122	0.2676	0.2646	1.3729	0.2506	1.1856	0.2547	1.5404	1.4739	1.4887	0.2457	0.2638	1.4265	0.2494	0.9906	1.3485	0.2522	1.0910	1.5750	1.5657	1.4522	1.4604	1.4224	0.2633	0.3716	0.2539	1.3134	1.2588	0.2635	0.6965	0.2942	1.3946	0.2786	1.4283	0.3074	1.6177	0.2944	0.2801	1.5592	1.1759	1.0993	0.2682
23:19:16	30.2	0.2611	1.5951	1.4574	0.3608	1.4323	1.4474	1.3888	1.1797	1.5826	1.0929	0.2541	0.2586	1.5871	1.4456	1.1271	0.2642	1.4914	0.3200	1.4344	1.3051	1.3595	0.2578	0.2659	1.0782	1.6202	0.2549	1.4810	1.4906	1.4673	0.3099	1.4874	1.4403	1.3805	1.2988	0.2639	1.1086	1.5555	0.2663	1.4854	1.3928	1.4082	0.2630	1.3799	1.3758	1.3291	0.3399	0.2622	1.5460	0.2768	1.4848	1.5253	1.2619	1.4796	0.2554	1.4252	0.2676	0.2648	1.3727	0.2507	1.2030	0.2548	1.5474	1.4726	1.4940	0.2459	0.2638	1.4359	0.2495	1.0126	1.3570	0.2522	1.0838	1.5784	1.5687	1.4523	1.4644	1.4179	0.2631	0.3890	0.2538	1.3267	1.2731	0.2632	0.7552	0.2948	1.3948	0.2785	1.4316	0.3101	1.6196	0.2951	0.2802	1.5664	1.1762	1.1004	0.2681
23:29:16	30.2	0.2611	1.5959	1.4600	0.3704	1.4354	1.4462	1.3808	1.1863	1.5764	1.0879	0.2543	0.2585	1.5893	1.4474	1.1425	0.2644	1.4950	0.3216	1.4483	1.3010	1.3642	0.2579	0.2660	1.0833	1.6230	0.2545	1.4875	1.4948	1.4744	0.3096	1.4938	1.4438	1.3911	1.3014	0.2638	1.1133	1.5601	0.2664	1.4929	1.4046	1.4056	0.2631	1.3789	1.3806	1.3410	0.3496	0.2623	1.5569	0.2770	1.4854	1.5301	1.2800	1.4812	0.2555	1.4316	0.2676	0.2649	1.3713	0.2507	1.2006	0.2549	1.5547	1.4789	1.4944	0.2456	0.2638	1.4299	0.2495	1.0436	1.3516	0.2521	1.0866	1.5806	1.5744	1.4584	1.4732	1.4253	0.2631	0.4105	0.2539	1.3381	1.2915	0.2633	0.8010	0.2948	1.4001	0.2785	1.4281	0.3253	1.6280	0.2958	0.2802	1.5731	1.1879	1.1024	0.2681
23:39:16	30.2	0.2611	1.6044	1.4559	0.3905	1.4389	1.4481	1.3902	1.1828	1.5804	1.1057	0.2543	0.2585	1.5927	1.4495	1.1663	0.2642	1.4941	0.3224	1.4674	1.3102	1.3705	0.2580	0.2657	1.0728	1.6276	0.2536	1.4850	1.4929	1.4822	0.3089	1.5014	1.4408	1.4023	1.3098	0.2638	1.1091	1.5580	0.2662	1.4924	1.4117	1.4012	0.2628	1.3784	1.3784	1.3362	0.3591	0.2625	1.5708	0.2769	1.4867	1.5357	1.2985	1.4834	0.2553	1.4397	0.2676	0.2649	1.3743	0.2506	1.1866	0.2549	1.5644	1.4830	1.4951	0.2457	0.2638	1.4271	0.2495	1.0639	1.3535	0.2522	1.0842	1.5778	1.5810	1.4585	1.4862	1.4260	0.2630	0.4410	0.2540	1.3423	1.3034	0.2634	0.8248	0.2939	1.3978	0.2785	1.4382	0.3197	1.6315	0.2969	0.2801	1.5774	1.1900	1.1061	0.2681
23:49:16	30.1	0.2610	1.6036	1.4595	0.4116	1.4362	1.4451	1.3949	1.1853	1.5824	1.1150	0.2543	0.2585	1.5986	1.4466	1.1903	0.2642	1.4950	0.3210	1.4943	1.3140	1.3744	0.2580	0.2659	1.0801	1.6299	0.2545	1.4857	1.4903	1.4898	0.3087	1.5127	1.4388	1.4181	1.3085	0.2640	1.1175	1.5545	0.2665	1.4916	1.4214	1.4059	0.2632	1.3829	1.3841	1.3381	0.3710	0.2622	1.5731	0.2769	1.4889	1.5418	1.3222	1.4839	0.2555	1.4484	0.2679	0.2651	1.3764	0.2507	1.2000	0.2551	1.5693	1.4857	1.4986	0.2457	0.2639	1.4382	0.2494	1.0753	1.3659	0.2520	1.0939	1.5816	1.5925	1.4554	1.4861	1.4336	0.2630	0.4823	0.2540	1.3461	1.3191	0.2636	0.8436	0.2933	1.4144	0.2785	1.4339	0.3240	1.6361	0.2980	0.2803	1.5835	1.2030	1.1041	0.2681
