

Software Version	3.14.03



Experiment File Path:	C:\Users\Public\Documents\Experiments\Hermina\serial_passage\19Aug24\day4--19Aug24.xpt
Protocol File Path:	C:\Users\Public\Documents\Protocols\rough_growth_curve.prt



Plate Number	Plate 1
Date	22/08/2024
Time	12:46:02
Reader Type:	Epoch 2
Reader Serial Number:	23053024
Reading Type	Reader

Procedure Details

Plate Type	96 WELL PLATE (Use plate lid)
Well Selection	Runtime
Eject plate on completion	
Set Temperature	Setpoint 30°C, Gradient 1 °C
	Preheat before moving to next step
Read	OD 600
	Absorbance Endpoint
	Full Plate
	Wavelengths:  600
	Read Speed: Normal,  Delay: 100 msec,  Measurements/Data Point: 8
Start Kinetic	Runtime 24:00:00 (HH:MM:SS), Interval 0:10:00, 145 Reads
    Shake	Double Orbital: Continuous
	Frequency: 205 cpm (5 mm)
    Read	Absorbance Endpoint
	Full Plate
	Wavelengths:  600
	Read Speed: Normal,  Delay: 100 msec,  Measurements/Data Point: 8
End Kinetic	

OD 600:600

0:09:16	30.1	0.2566	0.3078	0.2894	0.2732	0.2636	0.2580	0.2806	0.2744	0.3026	0.2871	0.2623	0.2697	0.2852	0.2863	0.2935	0.2839	0.2772	0.2530	0.2945	0.2905	0.2924	0.2519	0.2566	0.2916	0.2997	0.2543	0.2881	0.2953	0.2818	0.2569	0.2913	0.2905	0.2758	0.2885	0.2650	0.2937	0.2889	0.2586	0.2979	0.2821	0.2673	0.2615	0.2852	0.2862	0.2930	0.2654	0.2596	0.3073	0.2537	0.2737	0.2893	0.2815	0.2852	0.2669	0.2854	0.2741	0.2635	0.3001	0.2628	0.3125	0.2649	0.2939	0.3039	0.3001	0.2589	0.2610	0.2903	0.2796	0.2885	0.2961	0.2668	0.3020	0.2935	0.2957	0.3101	0.2904	0.2982	0.2803	0.2847	0.2718	0.2964	0.3077	0.2723	0.3081	0.2979	0.3471	0.2964	0.3343	0.2963	0.3212	0.2921	0.3332	0.3441	0.3385	0.3223	0.2921
0:19:16	30.1	0.2567	0.3073	0.2890	0.2735	0.2632	0.2579	0.2791	0.2737	0.3032	0.2854	0.2627	0.2696	0.2863	0.2854	0.2965	0.2837	0.2753	0.2536	0.2938	0.2874	0.2901	0.2523	0.2564	0.2899	0.3016	0.2548	0.2875	0.2940	0.2900	0.2573	0.2962	0.2876	0.2761	0.2872	0.2837	0.2906	0.2855	0.2589	0.2948	0.2826	0.2646	0.2615	0.2813	0.2844	0.2903	0.2666	0.2596	0.3068	0.2539	0.2721	0.2952	0.2846	0.2834	0.2670	0.2875	0.2750	0.2636	0.2957	0.2631	0.3093	0.2651	0.2917	0.3018	0.2933	0.2590	0.2620	0.2880	0.2803	0.2875	0.2935	0.2669	0.2983	0.2898	0.2943	0.3061	0.2907	0.2947	0.2806	0.2859	0.2717	0.2942	0.3060	0.2729	0.3099	0.2980	0.3421	0.2965	0.3298	0.2964	0.3233	0.2923	0.3336	0.3450	0.3343	0.3209	0.2921
0:29:16	30.1	0.2564	0.3063	0.2915	0.2743	0.2632	0.2580	0.2812	0.2739	0.3052	0.2879	0.2626	0.2698	0.2894	0.2874	0.2997	0.2837	0.2780	0.2539	0.2963	0.2893	0.2918	0.2524	0.2567	0.2924	0.3019	0.2548	0.2904	0.2962	0.2918	0.2574	0.2961	0.2898	0.2813	0.2888	0.2662	0.2925	0.2878	0.2591	0.2974	0.2890	0.2669	0.2616	0.2841	0.2869	0.2915	0.2673	0.2594	0.3076	0.2537	0.2746	0.2966	0.2897	0.2875	0.2671	0.2893	0.2753	0.2637	0.2983	0.2631	0.3104	0.2650	0.3008	0.3034	0.2955	0.2588	0.2621	0.2904	0.2803	0.2865	0.2946	0.2670	0.3007	0.2921	0.2975	0.3092	0.2936	0.2988	0.2806	0.2874	0.2718	0.2951	0.3060	0.2727	0.3128	0.2980	0.3438	0.2965	0.3299	0.2969	0.3262	0.2923	0.3337	0.3475	0.3368	0.3226	0.2921
0:39:16	30.1	0.2565	0.3105	0.2967	0.2749	0.2642	0.2582	0.2837	0.2746	0.3090	0.2922	0.2626	0.2698	0.2964	0.2919	0.3048	0.2837	0.2811	0.2540	0.3012	0.2926	0.2953	0.2524	0.2566	0.2966	0.3018	0.2546	0.2929	0.3002	0.2936	0.2576	0.3009	0.2933	0.2827	0.2924	0.2655	0.2975	0.2920	0.2591	0.3002	0.2927	0.2707	0.2617	0.2875	0.2903	0.2958	0.2686	0.2594	0.3110	0.2537	0.2776	0.3009	0.2960	0.2913	0.2672	0.2936	0.2755	0.2638	0.3029	0.2633	0.3144	0.2649	0.3052	0.3072	0.2973	0.2587	0.2624	0.2950	0.2804	0.2869	0.2998	0.2671	0.3045	0.2960	0.3021	0.3122	0.2970	0.3021	0.2806	0.2902	0.2717	0.2983	0.3063	0.2729	0.3168	0.2978	0.3485	0.2966	0.3366	0.2971	0.3323	0.2924	0.3336	0.3514	0.3401	0.3260	0.2921
0:49:16	30.2	0.2562	0.3160	0.3010	0.2757	0.2647	0.2583	0.2861	0.2755	0.3136	0.2961	0.2624	0.2695	0.3040	0.2972	0.3119	0.2835	0.2847	0.2541	0.3062	0.2967	0.2988	0.2522	0.2565	0.3014	0.3055	0.2546	0.2972	0.3020	0.3005	0.2575	0.3080	0.2966	0.2885	0.2974	0.2655	0.3030	0.2946	0.2590	0.3046	0.2995	0.2728	0.2615	0.2914	0.2942	0.2998	0.2698	0.2592	0.3143	0.2535	0.2804	0.3056	0.3003	0.2939	0.2670	0.2997	0.2754	0.2635	0.3064	0.2632	0.3186	0.2648	0.3110	0.3115	0.3056	0.2586	0.2623	0.2971	0.2804	0.2875	0.3041	0.2667	0.3084	0.2997	0.3064	0.3144	0.3024	0.3067	0.2804	0.2932	0.2716	0.3020	0.3068	0.2731	0.3216	0.2978	0.3518	0.2961	0.3387	0.2973	0.3386	0.2924	0.3335	0.3575	0.3469	0.3328	0.2921
0:59:16	30.2	0.2561	0.3237	0.3041	0.2769	0.2659	0.2587	0.2891	0.2768	0.3226	0.3008	0.2625	0.2695	0.3132	0.3017	0.3221	0.2834	0.2874	0.2542	0.3144	0.3010	0.3037	0.2523	0.2565	0.3060	0.3142	0.2546	0.2989	0.3059	0.3095	0.2577	0.3134	0.3000	0.2959	0.3022	0.2654	0.3080	0.2972	0.2590	0.3075	0.3045	0.2788	0.2616	0.2962	0.2982	0.3047	0.2717	0.2594	0.3200	0.2536	0.2834	0.3138	0.3083	0.2971	0.2671	0.3089	0.2755	0.2637	0.3104	0.2632	0.3232	0.2647	0.3217	0.3139	0.3075	0.2585	0.2625	0.3018	0.2805	0.2888	0.3090	0.2670	0.3135	0.3014	0.3156	0.3200	0.3084	0.3114	0.2805	0.2959	0.2716	0.3061	0.3078	0.2732	0.3267	0.2979	0.3552	0.2962	0.3436	0.2984	0.3475	0.2924	0.3335	0.3667	0.3514	0.3380	0.2926
1:09:16	30.2	0.2561	0.3316	0.3065	0.2784	0.2668	0.2593	0.2910	0.2778	0.3349	0.3048	0.2625	0.2694	0.3243	0.3044	0.3313	0.2833	0.2875	0.2542	0.3258	0.3044	0.3075	0.2523	0.2566	0.3096	0.3227	0.2547	0.3035	0.3058	0.3196	0.2576	0.3231	0.3040	0.3068	0.3067	0.2655	0.3130	0.3002	0.2589	0.3095	0.3177	0.2829	0.2617	0.3007	0.3017	0.3104	0.2745	0.2594	0.3279	0.2535	0.2858	0.3212	0.3213	0.2997	0.2670	0.3208	0.2757	0.2639	0.3147	0.2634	0.3259	0.2648	0.3332	0.3159	0.3119	0.2586	0.2625	0.3080	0.2805	0.2900	0.3122	0.2671	0.3178	0.3039	0.3236	0.3210	0.3210	0.3123	0.2807	0.2998	0.2716	0.3104	0.3091	0.2735	0.3329	0.2979	0.3585	0.2961	0.3490	0.2989	0.3584	0.2925	0.3337	0.3785	0.3560	0.3444	0.2921
1:19:16	30.1	0.2562	0.3431	0.3088	0.2798	0.2676	0.2597	0.2943	0.2789	0.3487	0.3083	0.2623	0.2695	0.3381	0.3060	0.3438	0.2833	0.2922	0.2545	0.3360	0.3091	0.3101	0.2523	0.2568	0.3138	0.3344	0.2547	0.3014	0.3072	0.3335	0.2576	0.3343	0.3063	0.3192	0.3112	0.2655	0.3173	0.3004	0.2589	0.3108	0.3304	0.2858	0.2618	0.3026	0.3056	0.3139	0.2773	0.2596	0.3399	0.2536	0.2875	0.3337	0.3384	0.3009	0.2672	0.3342	0.2756	0.2640	0.3172	0.2632	0.3302	0.2648	0.3442	0.3198	0.3139	0.2586	0.2625	0.3071	0.2808	0.2913	0.3161	0.2672	0.3221	0.3041	0.3347	0.3240	0.3309	0.3173	0.2806	0.3032	0.2717	0.3141	0.3105	0.2734	0.3403	0.2978	0.3602	0.2962	0.3508	0.3000	0.3718	0.2926	0.3335	0.3920	0.3595	0.3483	0.2926
1:29:16	30.2	0.2559	0.3587	0.3101	0.2817	0.2682	0.2598	0.2952	0.2796	0.3683	0.3106	0.2623	0.2693	0.3587	0.3076	0.3574	0.2832	0.2943	0.2544	0.3556	0.3125	0.3139	0.2522	0.2566	0.3156	0.3488	0.2545	0.3062	0.3090	0.3515	0.2577	0.3517	0.3100	0.3337	0.3136	0.2655	0.3205	0.3019	0.2586	0.3103	0.3459	0.2874	0.2617	0.3068	0.3091	0.3173	0.2800	0.2593	0.3854	0.2533	0.2882	0.3486	0.3547	0.3007	0.2670	0.3504	0.2759	0.2641	0.3208	0.2631	0.3327	0.2648	0.3593	0.3205	0.3146	0.2585	0.2625	0.3106	0.2803	0.2934	0.3195	0.2673	0.3247	0.3060	0.3494	0.3231	0.3493	0.3176	0.2804	0.3071	0.2714	0.3172	0.3122	0.2733	0.3487	0.2978	0.3619	0.2960	0.3518	0.3010	0.3911	0.2928	0.3335	0.4119	0.3654	0.3540	0.2923
1:39:16	30.2	0.2561	0.3784	0.3115	0.2837	0.2691	0.2607	0.2972	0.2806	0.3954	0.3134	0.2624	0.2694	0.3836	0.3065	0.3747	0.2832	0.2961	0.2546	0.3783	0.3158	0.3173	0.2523	0.2566	0.3183	0.3670	0.2546	0.3071	0.3120	0.3742	0.2577	0.3751	0.3145	0.3559	0.3195	0.2654	0.3256	0.3004	0.2588	0.3121	0.3691	0.2894	0.2618	0.3087	0.3131	0.3214	0.2833	0.2595	0.4061	0.2536	0.2896	0.3711	0.3819	0.3018	0.2671	0.3717	0.2757	0.2644	0.3247	0.2634	0.3345	0.2647	0.3814	0.3214	0.3133	0.2585	0.2626	0.3160	0.2806	0.2952	0.3235	0.2674	0.3267	0.3054	0.3732	0.3274	0.3625	0.3188	0.2806	0.3120	0.2716	0.3208	0.3139	0.2735	0.3578	0.2979	0.3642	0.2960	0.3544	0.3023	0.4202	0.2930	0.3333	0.4432	0.3694	0.3599	0.2924
1:49:16	30.2	0.2559	0.4032	0.3124	0.2862	0.2696	0.2608	0.2983	0.2812	0.4302	0.3151	0.2624	0.2693	0.4270	0.3092	0.3915	0.2831	0.2949	0.2546	0.4169	0.3197	0.3174	0.2523	0.2565	0.3211	0.3901	0.2546	0.3077	0.3104	0.4084	0.2578	0.4068	0.3191	0.3887	0.3233	0.2654	0.3303	0.2965	0.2588	0.3074	0.4014	0.2899	0.2617	0.3106	0.3174	0.3256	0.2872	0.2596	0.4252	0.2535	0.2905	0.4084	0.4199	0.3023	0.2672	0.3967	0.2759	0.2644	0.3290	0.2634	0.3373	0.2646	0.4153	0.3210	0.3204	0.2584	0.2627	0.3179	0.2804	0.2970	0.3284	0.2674	0.3299	0.3043	0.4124	0.3295	0.3878	0.3191	0.2805	0.3178	0.2714	0.3242	0.3164	0.2737	0.3657	0.2978	0.3640	0.2960	0.3582	0.3040	0.4600	0.2933	0.3334	0.4843	0.3740	0.3660	0.2923
1:59:16	30.2	0.2560	0.4337	0.3116	0.2884	0.2705	0.2613	0.3012	0.2821	0.4700	0.3182	0.2623	0.2693	0.4860	0.3105	0.4083	0.2831	0.2988	0.2547	0.4565	0.3258	0.3214	0.2524	0.2566	0.3237	0.4326	0.2547	0.3123	0.3169	0.4491	0.2579	0.4437	0.3267	0.4316	0.3283	0.2656	0.3388	0.2934	0.2588	0.3079	0.4699	0.2887	0.2619	0.3200	0.3254	0.3332	0.2907	0.2596	0.4551	0.2537	0.2899	0.4793	0.4950	0.3044	0.2672	0.4353	0.2758	0.2646	0.3380	0.2636	0.3407	0.2647	0.4721	0.3239	0.3277	0.2584	0.2627	0.3248	0.2805	0.3057	0.3415	0.2674	0.3343	0.3044	0.4493	0.3334	0.4236	0.3148	0.2806	0.3235	0.2715	0.3285	0.3208	0.2737	0.3784	0.2978	0.3681	0.2961	0.3623	0.3057	0.4989	0.2936	0.3334	0.5254	0.3883	0.3868	0.2925
2:09:16	30.2	0.2559	0.4868	0.3149	0.2914	0.2714	0.2618	0.3027	0.2832	0.5093	0.3215	0.2623	0.2693	0.5673	0.3184	0.4256	0.2831	0.3071	0.2545	0.5023	0.3332	0.3273	0.2524	0.2566	0.3282	0.4899	0.2546	0.3236	0.3262	0.5035	0.2579	0.4794	0.3385	0.4788	0.3363	0.2656	0.3475	0.2953	0.2587	0.3064	0.5412	0.2919	0.2618	0.3333	0.3435	0.3452	0.2947	0.2595	0.4761	0.2535	0.2873	0.5469	0.5449	0.3047	0.2671	0.4812	0.2758	0.2646	0.3570	0.2636	0.3437	0.2647	0.5502	0.3273	0.3394	0.2585	0.2625	0.3440	0.2805	0.3071	0.3633	0.2675	0.3407	0.3011	0.5060	0.3353	0.4867	0.3121	0.2805	0.3304	0.2714	0.3362	0.3236	0.2739	0.3924	0.2978	0.3702	0.2960	0.3728	0.3080	0.5301	0.2942	0.3335	0.5506	0.4293	0.4229	0.2924
2:19:16	30.2	0.2559	0.5556	0.3223	0.2944	0.2725	0.2622	0.3088	0.2845	0.5481	0.3312	0.2625	0.2692	0.6315	0.3416	0.4437	0.2831	0.3184	0.2548	0.5348	0.3562	0.3351	0.2524	0.2566	0.3378	0.5645	0.2547	0.3568	0.3542	0.5464	0.2580	0.5021	0.3636	0.4965	0.3641	0.2656	0.3717	0.2922	0.2587	0.3109	0.5949	0.3050	0.2619	0.3621	0.3778	0.3596	0.2995	0.2597	0.4886	0.2536	0.2880	0.6083	0.6107	0.3105	0.2669	0.5181	0.2760	0.2651	0.3817	0.2636	0.3502	0.2648	0.6048	0.3690	0.3557	0.2585	0.2628	0.3944	0.2805	0.3211	0.3799	0.2676	0.3508	0.3028	0.5562	0.3572	0.5375	0.3101	0.2805	0.3384	0.2715	0.3495	0.3392	0.2738	0.4139	0.2978	0.3773	0.2960	0.3875	0.3101	0.5561	0.2945	0.3334	0.5650	0.4562	0.4548	0.2924
2:29:16	30.2	0.2560	0.6104	0.3261	0.2983	0.2735	0.2630	0.3135	0.2858	0.5841	0.3507	0.2622	0.2692	0.6922	0.3461	0.4625	0.2828	0.3345	0.2547	0.5729	0.3751	0.3531	0.2524	0.2567	0.3533	0.6222	0.2546	0.3861	0.3775	0.6022	0.2581	0.5526	0.3958	0.5496	0.3852	0.2655	0.3992	0.3039	0.2587	0.3143	0.6397	0.3080	0.2618	0.4025	0.3846	0.4068	0.3056	0.2597	0.5120	0.2538	0.2869	0.6552	0.6601	0.3378	0.2670	0.5718	0.2759	0.2652	0.4172	0.2635	0.3657	0.2648	0.6651	0.3962	0.3840	0.2584	0.2628	0.3883	0.2806	0.3483	0.4185	0.2675	0.3709	0.3050	0.5820	0.3848	0.5853	0.3225	0.2805	0.3502	0.2716	0.3723	0.3522	0.2740	0.4414	0.2978	0.4096	0.2958	0.4302	0.3133	0.5855	0.2951	0.3335	0.5895	0.4827	0.4887	0.2925
2:39:16	30.2	0.2558	0.6384	0.3565	0.3038	0.2747	0.2634	0.3274	0.2876	0.6096	0.3686	0.2621	0.2691	0.7263	0.3679	0.4858	0.2829	0.3488	0.2546	0.5885	0.4453	0.3731	0.2522	0.2566	0.3780	0.6717	0.2545	0.4101	0.4070	0.6438	0.2579	0.5942	0.4179	0.5668	0.4469	0.2655	0.5109	0.3195	0.2587	0.3259	0.6641	0.3278	0.2618	0.4159	0.4097	0.4120	0.3122	0.2596	0.5297	0.2534	0.3066	0.6953	0.6750	0.3638	0.2671	0.5947	0.2759	0.2654	0.4247	0.2635	0.3769	0.2648	0.7196	0.4175	0.4106	0.2583	0.2625	0.4091	0.2805	0.3549	0.4331	0.2674	0.4160	0.3093	0.6005	0.3875	0.6045	0.3750	0.2804	0.3679	0.2714	0.3915	0.3861	0.2738	0.4914	0.2978	0.4255	0.2960	0.4536	0.3159	0.5801	0.2953	0.3332	0.5884	0.4770	0.4702	0.2923
2:49:16	30.2	0.2559	0.6629	0.4278	0.3090	0.2770	0.2646	0.3466	0.2907	0.6400	0.4036	0.2620	0.2692	0.7550	0.4175	0.5055	0.2829	0.3829	0.2545	0.6125	0.4603	0.4345	0.2523	0.2566	0.3875	0.7041	0.2547	0.4293	0.4203	0.6620	0.2580	0.6215	0.4558	0.5923	0.4963	0.2656	0.5164	0.4063	0.2587	0.3875	0.6870	0.4166	0.2618	0.4397	0.4460	0.4653	0.3190	0.2595	0.5571	0.2536	0.3415	0.7454	0.6981	0.4438	0.2671	0.6242	0.2757	0.2657	0.4574	0.2635	0.4502	0.2649	0.7554	0.4421	0.4364	0.2583	0.2626	0.4638	0.2804	0.3627	0.4483	0.2676	0.5094	0.3913	0.6350	0.4349	0.6554	0.4327	0.2805	0.3827	0.2715	0.4709	0.4206	0.2738	0.5291	0.2978	0.4613	0.2958	0.4659	0.3197	0.6024	0.2957	0.3334	0.6158	0.5154	0.5215	0.2926
2:59:16	30.2	0.2559	0.6729	0.4118	0.3178	0.2797	0.2660	0.3863	0.2944	0.6539	0.4142	0.2621	0.2693	0.7801	0.4385	0.5332	0.2830	0.4561	0.2547	0.6196	0.4974	0.4975	0.2526	0.2567	0.4604	0.7219	0.2546	0.4611	0.4410	0.6802	0.2581	0.6507	0.4720	0.6026	0.5122	0.2655	0.5309	0.4164	0.2586	0.4253	0.6852	0.4245	0.2620	0.4560	0.4618	0.4790	0.3305	0.2597	0.5797	0.2537	0.3678	0.7652	0.7262	0.3886	0.2673	0.6433	0.2760	0.2660	0.4719	0.2636	0.5047	0.2651	0.7841	0.4583	0.4549	0.2586	0.2629	0.4828	0.2806	0.4657	0.4724	0.2676	0.5304	0.3894	0.6641	0.4490	0.6740	0.4505	0.2805	0.4072	0.2715	0.4969	0.4436	0.2738	0.5598	0.2978	0.4950	0.2958	0.4918	0.3236	0.6230	0.2965	0.3336	0.6411	0.5329	0.5352	0.2926
3:09:16	30.2	0.2559	0.6919	0.4481	0.3272	0.2829	0.2676	0.4650	0.2993	0.6535	0.4334	0.2622	0.2692	0.8006	0.4770	0.5494	0.2832	0.4857	0.2547	0.6272	0.4972	0.5194	0.2525	0.2568	0.5377	0.7362	0.2547	0.4696	0.4700	0.6907	0.2580	0.6564	0.4800	0.6132	0.5045	0.2655	0.5128	0.4312	0.2586	0.4541	0.7028	0.4354	0.2620	0.5098	0.4828	0.4882	0.3435	0.2597	0.5749	0.2537	0.3964	0.7881	0.7502	0.4532	0.2671	0.6527	0.2757	0.2664	0.4724	0.2636	0.5129	0.2651	0.8049	0.4824	0.4705	0.2586	0.2626	0.4935	0.2804	0.4693	0.4630	0.2677	0.5167	0.4115	0.6824	0.4752	0.6849	0.4716	0.2806	0.4334	0.2716	0.5070	0.4631	0.2739	0.5987	0.2978	0.5116	0.2959	0.5040	0.3298	0.6191	0.2973	0.3337	0.6405	0.5376	0.5363	0.2926
3:19:16	30.2	0.2559	0.7086	0.4919	0.3411	0.2887	0.2694	0.5116	0.3088	0.6513	0.5108	0.2622	0.2691	0.8266	0.4924	0.5725	0.2828	0.5001	0.2548	0.6281	0.5149	0.4945	0.2526	0.2567	0.5467	0.7552	0.2548	0.4787	0.4843	0.6945	0.2581	0.6670	0.4959	0.6097	0.5396	0.2655	0.5106	0.4565	0.2587	0.5231	0.7088	0.4820	0.2619	0.5240	0.5130	0.5034	0.3640	0.2597	0.5925	0.2539	0.4241	0.8035	0.7636	0.4907	0.2671	0.6600	0.2761	0.2670	0.4934	0.2636	0.5076	0.2651	0.8261	0.5049	0.4881	0.2585	0.2628	0.5088	0.2808	0.4775	0.4779	0.2676	0.5238	0.4338	0.7026	0.5038	0.6900	0.4818	0.2805	0.4662	0.2715	0.5209	0.5108	0.2738	0.6364	0.2979	0.4970	0.2959	0.4951	0.3365	0.6340	0.2982	0.3335	0.6387	0.5309	0.5477	0.2926
3:29:16	30.2	0.2561	0.7125	0.4943	0.3578	0.2998	0.2718	0.5181	0.3221	0.6601	0.5438	0.2623	0.2693	0.8383	0.5315	0.5999	0.2830	0.5288	0.2548	0.6328	0.5383	0.5098	0.2527	0.2569	0.5505	0.7869	0.2549	0.4885	0.5014	0.7035	0.2582	0.6712	0.5146	0.6161	0.5334	0.2656	0.5491	0.4794	0.2587	0.5467	0.7011	0.5110	0.2621	0.5371	0.5270	0.4721	0.3876	0.2599	0.6056	0.2538	0.4578	0.8146	0.7671	0.5250	0.2676	0.6652	0.2762	0.2675	0.5221	0.2637	0.5265	0.2654	0.8483	0.5356	0.5197	0.2586	0.2626	0.5119	0.2809	0.4976	0.4791	0.2678	0.5474	0.4552	0.7284	0.5286	0.6975	0.4979	0.2805	0.5015	0.2716	0.5359	0.5314	0.2740	0.6891	0.2981	0.5346	0.2960	0.5127	0.3434	0.6417	0.2995	0.3337	0.6503	0.5427	0.5630	0.2927
3:39:16	30.2	0.2558	0.7392	0.5554	0.3821	0.3130	0.2751	0.5467	0.3512	0.6815	0.5713	0.2621	0.2692	0.8551	0.5426	0.6373	0.2828	0.5601	0.2547	0.6640	0.5938	0.5656	0.2525	0.2569	0.5770	0.8131	0.2549	0.5164	0.5244	0.7118	0.2583	0.6763	0.5302	0.6341	0.5831	0.2656	0.5807	0.4735	0.2587	0.5693	0.7207	0.5495	0.2621	0.5626	0.5696	0.5193	0.4058	0.2598	0.6246	0.2539	0.5143	0.8213	0.7634	0.5552	0.2673	0.6832	0.2761	0.2682	0.5401	0.2637	0.5318	0.2656	0.8772	0.5513	0.5308	0.2584	0.2627	0.5410	0.2806	0.5296	0.5171	0.2679	0.5578	0.4669	0.7458	0.5402	0.7125	0.5018	0.2805	0.5354	0.2715	0.5464	0.5622	0.2737	0.7308	0.2979	0.5497	0.2960	0.5013	0.3535	0.6659	0.3003	0.3335	0.6737	0.5512	0.5641	0.2928
3:49:16	30.2	0.2560	0.7481	0.5816	0.4078	0.3476	0.2790	0.5617	0.4190	0.6953	0.5786	0.2622	0.2693	0.8754	0.5624	0.6578	0.2829	0.5432	0.2549	0.6821	0.5535	0.5914	0.2527	0.2570	0.5933	0.8417	0.2549	0.5213	0.5442	0.7185	0.2581	0.6831	0.5303	0.6614	0.6050	0.2656	0.6156	0.5065	0.2588	0.5848	0.7431	0.5720	0.2621	0.5831	0.5806	0.5770	0.4311	0.2599	0.6426	0.2540	0.5347	0.8693	0.8044	0.5983	0.2672	0.7235	0.2761	0.2692	0.5747	0.2638	0.5578	0.2659	0.9118	0.5541	0.5256	0.2585	0.2627	0.5521	0.2806	0.5394	0.5758	0.2677	0.5832	0.4796	0.7812	0.5199	0.7253	0.5467	0.2806	0.5591	0.2717	0.5698	0.5552	0.2741	0.7602	0.2979	0.5709	0.2959	0.5506	0.3656	0.6821	0.3020	0.3336	0.6916	0.6249	0.6207	0.2927
3:59:16	30.2	0.2562	0.7748	0.5689	0.4370	0.4170	0.2834	0.6131	0.4799	0.6950	0.6212	0.2623	0.2694	0.9022	0.5463	0.6792	0.2830	0.6062	0.2551	0.6926	0.6526	0.6287	0.2530	0.2571	0.6119	0.8676	0.2551	0.5413	0.5420	0.7457	0.2584	0.7296	0.6334	0.6591	0.6405	0.2657	0.6357	0.5492	0.2588	0.6375	0.7647	0.5841	0.2621	0.6032	0.6241	0.5993	0.4629	0.2599	0.6590	0.2542	0.5607	0.9010	0.8175	0.6133	0.2675	0.7248	0.2763	0.2702	0.5855	0.2638	0.5707	0.2660	0.9426	0.5594	0.5498	0.2586	0.2628	0.5472	0.2807	0.5647	0.5855	0.2679	0.6056	0.4974	0.8016	0.5604	0.7428	0.5574	0.2808	0.5878	0.2717	0.5952	0.6051	0.2744	0.7820	0.2980	0.5848	0.2961	0.5579	0.3816	0.6785	0.3032	0.3338	0.6804	0.5885	0.6064	0.2928
4:09:16	30.2	0.2560	0.7736	0.6010	0.4691	0.4668	0.2924	0.5902	0.5236	0.6895	0.6204	0.2621	0.2693	0.9226	0.5745	0.7085	0.2830	0.6244	0.2552	0.6794	0.6450	0.6195	0.2530	0.2569	0.6132	0.9029	0.2550	0.5709	0.5743	0.7622	0.2583	0.7196	0.6552	0.6582	0.6197	0.2656	0.6393	0.5705	0.2587	0.6410	0.7735	0.5679	0.2622	0.6220	0.6411	0.6212	0.4941	0.2600	0.6579	0.2541	0.5831	0.9324	0.8399	0.6538	0.2674	0.7263	0.2760	0.2709	0.6204	0.2638	0.5898	0.2662	0.9688	0.5903	0.5698	0.2584	0.2628	0.5766	0.2808	0.6064	0.5951	0.2678	0.6233	0.5077	0.8281	0.5976	0.7594	0.5750	0.2806	0.6203	0.2716	0.6120	0.6264	0.2743	0.8018	0.2979	0.5955	0.2959	0.5662	0.4023	0.6897	0.3051	0.3337	0.6996	0.6194	0.6351	0.2926
4:19:16	30.2	0.2558	0.8224	0.6679	0.5189	0.5050	0.3046	0.6816	0.5278	0.7093	0.6732	0.2621	0.2691	0.9255	0.6328	0.7339	0.2829	0.6552	0.2548	0.7081	0.6896	0.6869	0.2526	0.2568	0.6556	0.9194	0.2550	0.5987	0.6360	0.7644	0.2581	0.7268	0.6885	0.6777	0.6862	0.2656	0.6483	0.6032	0.2586	0.6690	0.7863	0.6441	0.2621	0.6774	0.6937	0.6214	0.5343	0.2599	0.6819	0.2540	0.6147	0.9670	0.8462	0.6688	0.2672	0.7084	0.2762	0.2720	0.6206	0.2638	0.6194	0.2664	0.9862	0.6175	0.5827	0.2583	0.2627	0.6019	0.2806	0.6419	0.6450	0.2679	0.6609	0.5427	0.8362	0.6304	0.7849	0.5991	0.2805	0.6555	0.2715	0.6292	0.6793	0.2742	0.8313	0.2979	0.6264	0.2958	0.6014	0.4288	0.7065	0.3061	0.3337	0.7168	0.6530	0.6387	0.2925
4:29:16	30.2	0.2559	0.8359	0.6885	0.5511	0.5192	0.3191	0.7032	0.5515	0.7195	0.6883	0.2621	0.2693	0.9462	0.6383	0.7555	0.2830	0.6716	0.2550	0.7229	0.7079	0.7129	0.2528	0.2567	0.6768	0.9473	0.2549	0.6274	0.6148	0.7755	0.2583	0.7540	0.6870	0.7021	0.6957	0.2656	0.6756	0.6313	0.2586	0.7174	0.7835	0.6548	0.2621	0.6767	0.6913	0.6762	0.5715	0.2599	0.6965	0.2541	0.6563	0.9764	0.8587	0.7413	0.2673	0.7232	0.2760	0.2731	0.6589	0.2639	0.6395	0.2668	0.9950	0.6566	0.6027	0.2584	0.2628	0.6277	0.2806	0.6606	0.6657	0.2678	0.6528	0.5840	0.8460	0.6409	0.7793	0.6180	0.2806	0.6905	0.2716	0.6580	0.6899	0.2741	0.8577	0.2980	0.6450	0.2959	0.6078	0.4539	0.7131	0.3093	0.3338	0.7295	0.6580	0.6447	0.2927
4:39:16	30.2	0.2559	0.8644	0.7065	0.5906	0.5352	0.3322	0.7452	0.5742	0.7294	0.7222	0.2621	0.2693	0.9661	0.6615	0.7822	0.2829	0.6905	0.2550	0.7321	0.7261	0.7333	0.2526	0.2570	0.7022	0.9697	0.2552	0.6438	0.6532	0.7887	0.2582	0.7582	0.7015	0.7126	0.7172	0.2655	0.6905	0.6491	0.2587	0.7457	0.8037	0.6782	0.2621	0.7044	0.7191	0.6755	0.6050	0.2600	0.7085	0.2542	0.6851	0.9956	0.8732	0.7893	0.2674	0.7218	0.2760	0.2748	0.6718	0.2639	0.6497	0.2672	1.0161	0.6985	0.6431	0.2584	0.2627	0.6471	0.2807	0.6807	0.7230	0.2679	0.6832	0.6108	0.8639	0.6624	0.8001	0.6410	0.2806	0.7198	0.2716	0.6815	0.7158	0.2741	0.8897	0.2980	0.6683	0.2959	0.6377	0.4856	0.7321	0.3118	0.3338	0.7457	0.6848	0.6703	0.2926
4:49:16	30.2	0.2557	0.8571	0.6881	0.6235	0.5586	0.3536	0.7289	0.5944	0.7306	0.7258	0.2622	0.2692	0.9823	0.6154	0.7921	0.2828	0.7142	0.2551	0.7147	0.7411	0.7128	0.2527	0.2569	0.7254	0.9911	0.2553	0.6905	0.6564	0.7890	0.2582	0.7396	0.7651	0.6982	0.7423	0.2656	0.7111	0.6515	0.2586	0.7550	0.8076	0.6691	0.2621	0.7064	0.6905	0.7215	0.6324	0.2598	0.7055	0.2544	0.7125	1.0036	0.8854	0.8067	0.2673	0.7386	0.2763	0.2767	0.7135	0.2637	0.6702	0.2675	1.0360	0.6964	0.6804	0.2585	0.2629	0.6507	0.2806	0.6758	0.6705	0.2679	0.7218	0.6008	0.8925	0.6820	0.8069	0.6603	0.2805	0.7311	0.2715	0.6867	0.7147	0.2744	0.9204	0.2979	0.6882	0.2958	0.6597	0.5107	0.7329	0.3149	0.3336	0.7525	0.7180	0.7140	0.2925
4:59:16	30.2	0.2559	0.8992	0.6906	0.6498	0.5796	0.3758	0.7404	0.6132	0.7246	0.7241	0.2621	0.2693	1.0136	0.6602	0.8257	0.2828	0.7220	0.2550	0.7232	0.7522	0.7347	0.2529	0.2568	0.7334	1.0275	0.2553	0.7191	0.6918	0.8082	0.2583	0.7465	0.7652	0.7106	0.7380	0.2655	0.7190	0.6606	0.2588	0.7926	0.8261	0.6653	0.2622	0.7252	0.7357	0.7233	0.6637	0.2599	0.7325	0.2544	0.7457	1.0373	0.9069	0.8494	0.2671	0.7516	0.2762	0.2814	0.7250	0.2638	0.6803	0.2679	1.0532	0.7307	0.6921	0.2584	0.2630	0.6784	0.2807	0.7016	0.6828	0.2680	0.7222	0.6369	0.9143	0.6814	0.8366	0.6735	0.2806	0.7384	0.2716	0.6963	0.7264	0.2743	0.9626	0.2981	0.7087	0.2958	0.6856	0.5406	0.7498	0.3180	0.3337	0.7586	0.7285	0.6930	0.2926
5:09:16	30.2	0.2560	0.9224	0.7290	0.6600	0.6399	0.5147	0.7802	0.6591	0.7499	0.7602	0.2620	0.2692	1.0231	0.7174	0.8366	0.2829	0.7633	0.2553	0.7423	0.7685	0.7478	0.2526	0.2569	0.7499	1.0493	0.2556	0.7354	0.7209	0.8506	0.2582	0.7713	0.7809	0.7340	0.7640	0.2656	0.7289	0.7380	0.2587	0.8237	0.8708	0.7264	0.2622	0.7366	0.7536	0.7572	0.6968	0.2600	0.7412	0.2545	0.7634	1.0627	0.9229	0.8727	0.2672	0.7581	0.2764	0.2807	0.7306	0.2641	0.6962	0.2685	1.0755	0.7824	0.7346	0.2584	0.2628	0.6802	0.2805	0.7064	0.7286	0.2679	0.7375	0.6581	0.9483	0.7215	0.8679	0.7179	0.2804	0.7772	0.2715	0.7118	0.7474	0.2742	0.9947	0.2980	0.7221	0.2959	0.6939	0.5724	0.7677	0.3208	0.3336	0.7698	0.7322	0.7165	0.2926
5:19:16	30.2	0.2560	0.9543	0.7557	0.6775	0.6694	0.5549	0.7809	0.6778	0.7474	0.7512	0.2621	0.2692	1.0515	0.7383	0.8501	0.2829	0.7656	0.2552	0.7482	0.7732	0.7444	0.2528	0.2570	0.7599	1.0739	0.2555	0.7647	0.7393	0.8686	0.2583	0.7727	0.7886	0.7323	0.7656	0.2656	0.7411	0.7557	0.2587	0.8406	0.8914	0.7238	0.2623	0.7547	0.7611	0.7611	0.7198	0.2601	0.7422	0.2548	0.7888	1.0800	0.9347	0.8962	0.2672	0.7602	0.2762	0.2834	0.7552	0.2640	0.7132	0.2696	1.0922	0.8039	0.7613	0.2585	0.2631	0.7052	0.2806	0.7229	0.7504	0.2682	0.7447	0.6829	0.9716	0.7276	0.8882	0.7344	0.2806	0.7909	0.2717	0.7189	0.7585	0.2744	1.0348	0.2981	0.7326	0.2959	0.7012	0.6017	0.7780	0.3248	0.3337	0.7798	0.7565	0.7335	0.2927
5:29:16	30.2	0.2560	1.0054	0.7857	0.7088	0.7168	0.5677	0.8061	0.7254	0.7516	0.7675	0.2620	0.2692	1.0942	0.7656	0.8937	0.2829	0.7839	0.2551	0.7819	0.8270	0.7988	0.2528	0.2570	0.7611	1.1084	0.2555	0.7972	0.7671	0.9016	0.2581	0.8013	0.8209	0.7570	0.7989	0.2657	0.7487	0.7911	0.2587	0.8672	0.9275	0.7140	0.2622	0.7772	0.7719	0.8002	0.7367	0.2600	0.7736	0.2548	0.8159	1.1042	0.9577	0.9496	0.2673	0.7717	0.2762	0.2865	0.7722	0.2639	0.7446	0.2699	1.1137	0.8191	0.7723	0.2584	0.2627	0.7215	0.2805	0.7374	0.7734	0.2680	0.7551	0.7308	0.9930	0.7385	0.9053	0.7573	0.2806	0.7902	0.2717	0.7307	0.7568	0.2742	1.0645	0.2980	0.7397	0.2958	0.7440	0.6312	0.7793	0.3300	0.3337	0.7787	0.7457	0.7418	0.2926
5:39:16	30.2	0.2561	1.0278	0.8105	0.7566	0.7139	0.5696	0.8362	0.7392	0.7698	0.7755	0.2620	0.2692	1.1123	0.7960	0.9146	0.2829	0.8039	0.2552	0.7928	0.8259	0.8185	0.2529	0.2570	0.7569	1.1282	0.2558	0.8134	0.7892	0.9361	0.2584	0.8262	0.8101	0.7689	0.8004	0.2656	0.7528	0.8106	0.2587	0.8959	0.9406	0.7599	0.2623	0.7947	0.7901	0.7953	0.7481	0.2600	0.7784	0.2552	0.8465	1.1255	0.9679	0.9680	0.2675	0.7868	0.2762	0.2878	0.7768	0.2641	0.7684	0.2711	1.1352	0.8469	0.7889	0.2585	0.2629	0.7410	0.2805	0.7414	0.7954	0.2679	0.7654	0.7485	1.0247	0.7502	0.9448	0.7774	0.2806	0.8076	0.2717	0.7421	0.7763	0.2746	1.0763	0.2981	0.7507	0.2960	0.7474	0.6578	0.7943	0.3347	0.3338	0.7832	0.7539	0.7354	0.2926
5:49:16	30.2	0.2559	1.0565	0.8246	0.7664	0.7564	0.6186	0.8227	0.7490	0.7705	0.7873	0.2619	0.2692	1.1169	0.7924	0.9222	0.2827	0.8237	0.2551	0.7884	0.8488	0.8133	0.2528	0.2569	0.7715	1.1457	0.2559	0.8514	0.8166	0.9627	0.2583	0.8235	0.8475	0.7701	0.8128	0.2656	0.7595	0.8123	0.2586	0.9105	0.9507	0.7700	0.2621	0.8018	0.7965	0.8262	0.7774	0.2600	0.7860	0.2550	0.8657	1.1416	0.9857	0.9838	0.2672	0.8054	0.2760	0.2896	0.7790	0.2638	0.7844	0.2723	1.1564	0.8648	0.8077	0.2584	0.2625	0.7486	0.2804	0.7522	0.8105	0.2681	0.7680	0.7699	1.0479	0.7631	0.9789	0.7995	0.2804	0.8182	0.2715	0.7366	0.7571	0.2743	1.0987	0.2980	0.7918	0.2958	0.7642	0.6849	0.8142	0.3388	0.3335	0.7904	0.7346	0.7339	0.2925
5:59:16	30.2	0.2560	1.0854	0.8368	0.7921	0.7529	0.6121	0.8573	0.7589	0.7978	0.7850	0.2620	0.2692	1.1430	0.8468	0.9400	0.2829	0.8254	0.2551	0.8217	0.8430	0.8209	0.2529	0.2571	0.7819	1.1780	0.2562	0.8593	0.8284	1.0027	0.2584	0.8611	0.8242	0.7771	0.8073	0.2656	0.7719	0.8621	0.2588	0.9413	1.0026	0.7820	0.2623	0.8230	0.8223	0.8117	0.7989	0.2601	0.7811	0.2553	0.9047	1.1629	1.0068	1.0220	0.2674	0.8511	0.2762	0.2961	0.7972	0.2640	0.8020	0.2735	1.1811	0.8929	0.8340	0.2586	0.2628	0.7734	0.2808	0.7892	0.8319	0.2681	0.8114	0.7962	1.0725	0.7814	0.9962	0.8241	0.2806	0.8295	0.2716	0.7594	0.7787	0.2744	1.1079	0.2980	0.8327	0.2959	0.7904	0.7113	0.8539	0.3461	0.3338	0.7990	0.7792	0.7845	0.2928
6:09:16	30.2	0.2560	1.1008	0.8237	0.8065	0.7529	0.6631	0.8118	0.7409	0.7721	0.7876	0.2621	0.2694	1.1769	0.8357	0.9678	0.2830	0.8314	0.2554	0.8070	0.8406	0.7954	0.2528	0.2571	0.7739	1.1825	0.2564	0.8891	0.8569	1.0242	0.2584	0.8630	0.8659	0.7789	0.8089	0.2659	0.7802	0.8310	0.2587	0.9269	1.0060	0.7771	0.2623	0.8297	0.8309	0.8419	0.8103	0.2603	0.7981	0.2556	0.9129	1.1860	1.0325	1.0232	0.2676	0.8537	0.2763	0.2944	0.7993	0.2642	0.8062	0.2747	1.1982	0.9149	0.8626	0.2585	0.2630	0.7793	0.2809	0.7677	0.8324	0.2681	0.7631	0.8274	1.0925	0.8003	1.0237	0.8477	0.2806	0.8368	0.2718	0.7573	0.7708	0.2745	1.1329	0.2982	0.8622	0.2959	0.8127	0.7460	0.8983	0.3520	0.3338	0.8063	0.7982	0.7907	0.2929
6:19:16	30.2	0.2561	1.1282	0.8563	0.8212	0.7914	0.6880	0.8320	0.7673	0.7980	0.7948	0.2621	0.2693	1.1851	0.8570	0.9799	0.2828	0.8601	0.2553	0.8345	0.8685	0.8108	0.2528	0.2570	0.7777	1.2001	0.2567	0.9057	0.8863	1.0492	0.2584	0.8975	0.8891	0.7903	0.8226	0.2657	0.7774	0.8842	0.2587	0.9695	1.0379	0.7952	0.2622	0.8533	0.8438	0.8650	0.8243	0.2600	0.8072	0.2557	0.9218	1.2002	1.0538	1.0353	0.2673	0.8881	0.2762	0.2975	0.8012	0.2641	0.8291	0.2762	1.2121	0.9408	0.8795	0.2583	0.2629	0.8046	0.2807	0.7962	0.8730	0.2680	0.7638	0.8638	1.1215	0.8240	1.0691	0.8828	0.2806	0.8612	0.2716	0.7732	0.7760	0.2746	1.1507	0.2982	0.8952	0.2958	0.8061	0.7703	0.9325	0.3589	0.3339	0.8298	0.8192	0.8014	0.2928
6:29:16	30.2	0.2560	1.1465	0.8625	0.8400	0.8012	0.7007	0.8698	0.8067	0.8061	0.7942	0.2621	0.2692	1.2000	0.8769	0.9988	0.2828	0.8739	0.2553	0.8492	0.8542	0.8219	0.2528	0.2570	0.7732	1.2285	0.2569	0.9312	0.9135	1.0712	0.2585	0.9170	0.8888	0.7966	0.8055	0.2658	0.8086	0.9130	0.2588	0.9860	1.0601	0.8098	0.2623	0.8739	0.8507	0.8741	0.8233	0.2601	0.8183	0.2557	0.9430	1.2132	1.0707	1.0515	0.2677	0.9100	0.2762	0.2995	0.8415	0.2640	0.8487	0.2780	1.2237	0.9601	0.9091	0.2586	0.2630	0.8304	0.2807	0.8106	0.8641	0.2682	0.8275	0.8613	1.1364	0.8441	1.0911	0.8931	0.2806	0.8645	0.2716	0.7722	0.7777	0.2746	1.1553	0.2981	0.8948	0.2959	0.8421	0.7968	0.9629	0.3666	0.3338	0.8408	0.8307	0.8271	0.2928
6:39:16	30.2	0.2560	1.1437	0.8756	0.8358	0.8010	0.7158	0.8250	0.8106	0.7944	0.7940	0.2620	0.2693	1.2159	0.8702	1.0011	0.2829	0.8533	0.2554	0.8612	0.8731	0.8012	0.2527	0.2571	0.7942	1.2264	0.2570	0.9181	0.9254	1.0864	0.2584	0.9261	0.8986	0.7768	0.8003	0.2657	0.7948	0.8861	0.2587	0.9950	1.0779	0.8065	0.2623	0.8779	0.8604	0.8835	0.8593	0.2602	0.8159	0.2561	0.9629	1.2279	1.0921	1.0577	0.2671	0.9428	0.2764	0.3026	0.8130	0.2641	0.8578	0.2791	1.2423	0.9793	0.9128	0.2584	0.2630	0.8238	0.2807	0.8422	0.8846	0.2681	0.7801	0.8633	1.1531	0.8782	1.1119	0.9008	0.2807	0.8641	0.2717	0.7795	0.7763	0.2745	1.1761	0.2982	0.9304	0.2958	0.8682	0.8295	0.9960	0.3730	0.3339	0.8473	0.8742	0.8583	0.2929
6:49:16	30.2	0.2560	1.1683	0.8960	0.8617	0.8205	0.7504	0.8417	0.8239	0.8056	0.7750	0.2619	0.2693	1.2383	0.9170	1.0433	0.2828	0.8654	0.2553	0.8746	0.8826	0.8046	0.2528	0.2570	0.7977	1.2559	0.2574	0.9497	0.9367	1.1126	0.2583	0.9540	0.9080	0.8063	0.7904	0.2655	0.8118	0.9066	0.2588	1.0138	1.0942	0.8318	0.2622	0.8823	0.8630	0.8994	0.8581	0.2602	0.8242	0.2563	0.9880	1.2452	1.1036	1.0823	0.2673	0.9530	0.2763	0.3088	0.8233	0.2640	0.8841	0.2817	1.2551	0.9822	0.9189	0.2586	0.2629	0.8558	0.2807	0.8643	0.9190	0.2681	0.8393	0.8813	1.1654	0.8613	1.1324	0.9392	0.2805	0.9043	0.2718	0.7659	0.8020	0.2744	1.1818	0.2981	0.9436	0.2958	0.8943	0.8348	1.0198	0.3810	0.3337	0.8585	0.9028	0.8554	0.2928
6:59:16	30.2	0.2560	1.1868	0.9184	0.8821	0.8498	0.7630	0.8486	0.8503	0.8164	0.7901	0.2620	0.2692	1.2503	0.9535	1.0712	0.2829	0.9008	0.2553	0.8967	0.8729	0.7954	0.2529	0.2571	0.8233	1.2736	0.2575	0.9627	0.9586	1.1320	0.2584	0.9791	0.9082	0.8164	0.8163	0.2656	0.8222	0.9071	0.2586	1.0457	1.1085	0.8347	0.2623	0.9222	0.8198	0.9008	0.8675	0.2602	0.8320	0.2566	1.0195	1.2586	1.1169	1.1008	0.2676	0.9764	0.2764	0.3088	0.8348	0.2641	0.9163	0.2839	1.2703	0.9867	0.9359	0.2585	0.2629	0.8521	0.2809	0.8875	0.9365	0.2681	0.8709	0.9134	1.1830	0.8921	1.1540	0.9530	0.2807	0.9246	0.2717	0.7789	0.8197	0.2746	1.1863	0.2981	0.9715	0.2959	0.9201	0.8657	1.0465	0.3868	0.3339	0.8818	0.9302	0.8904	0.2928
7:09:16	30.2	0.2560	1.2022	0.9375	0.8888	0.8527	0.7641	0.8549	0.8566	0.8115	0.8064	0.2619	0.2692	1.2744	0.9522	1.0898	0.2830	0.9005	0.2553	0.9170	0.8828	0.7975	0.2528	0.2569	0.8370	1.2780	0.2578	0.9466	0.9685	1.1428	0.2582	0.9885	0.9069	0.8049	0.7965	0.2655	0.8266	0.9301	0.2586	1.0620	1.1227	0.8455	0.2622	0.9160	0.8485	0.9091	0.8781	0.2602	0.8613	0.2571	1.0298	1.2675	1.1377	1.1199	0.2673	0.9946	0.2762	0.3131	0.8427	0.2638	0.9307	0.2879	1.2801	1.0049	0.9624	0.2584	0.2628	0.8939	0.2808	0.9103	0.9377	0.2681	0.8892	0.9481	1.1946	0.9162	1.1733	0.9798	0.2807	0.9387	0.2716	0.8015	0.8449	0.2744	1.1972	0.2981	0.9859	0.2959	0.9393	0.8862	1.0656	0.3944	0.3337	0.8984	0.9418	0.9045	0.2926
7:19:16	30.2	0.2560	1.2200	0.9703	0.8976	0.8622	0.7824	0.8404	0.8572	0.8370	0.8240	0.2620	0.2693	1.2901	0.9775	1.1128	0.2829	0.9458	0.2554	0.9366	0.9045	0.8207	0.2530	0.2572	0.8397	1.3008	0.2590	0.9851	0.9760	1.1623	0.2585	1.0122	0.8914	0.8278	0.8096	0.2656	0.8257	0.9921	0.2588	1.0675	1.1387	0.8603	0.2623	0.9478	0.8224	0.9051	0.8995	0.2602	0.8763	0.2571	1.0514	1.2814	1.1499	1.1540	0.2677	1.0299	0.2763	0.3183	0.8536	0.2641	0.9302	0.2895	1.2846	1.0429	1.0030	0.2586	0.2628	0.9231	0.2810	0.9462	0.9560	0.2683	0.8858	0.9638	1.2182	0.9529	1.1938	0.9959	0.2807	0.9521	0.2718	0.8339	0.8541	0.2746	1.2062	0.2982	1.0346	0.2959	0.9753	0.9062	1.0971	0.4025	0.3340	0.9081	0.9786	0.9509	0.2928
7:29:16	30.2	0.2561	1.2360	0.9658	0.9084	0.8766	0.7914	0.8433	0.8685	0.8360	0.8566	0.2621	0.2693	1.3062	0.9954	1.1303	0.2830	0.9437	0.2553	0.9576	0.9444	0.8475	0.2530	0.2572	0.8386	1.3166	0.2586	0.9948	1.0078	1.1780	0.2585	1.0337	0.9041	0.8376	0.8487	0.2657	0.8412	0.9773	0.2588	1.0759	1.1671	0.8900	0.2625	0.9812	0.8731	0.9264	0.9018	0.2602	0.9022	0.2578	1.0718	1.2931	1.1656	1.1498	0.2677	1.0482	0.2766	0.3234	0.8949	0.2643	0.9454	0.2932	1.3109	1.0603	1.0170	0.2586	0.2629	0.9494	0.2851	0.9885	0.9891	0.2683	0.9163	0.9883	1.2281	0.9935	1.2077	1.0117	0.2807	0.9640	0.2718	0.8615	0.8691	0.2747	1.2062	0.2983	1.0519	0.2959	1.0054	0.9184	1.1083	0.4097	0.3338	0.9295	0.9874	0.9501	0.2930
7:39:16	30.2	0.2561	1.2548	0.9897	0.9157	0.9103	0.7992	0.8676	0.8821	0.8567	0.8637	0.2622	0.2695	1.3187	1.0129	1.1465	0.2831	0.9801	0.2553	0.9877	0.9563	0.8699	0.2532	0.2572	0.8443	1.3218	0.2588	1.0333	1.0248	1.2012	0.2586	1.0507	0.9348	0.8476	0.8765	0.2657	0.8529	1.0023	0.2589	1.1162	1.1821	0.9118	0.2624	1.0004	0.8894	0.9561	0.9028	0.2604	0.9318	0.2582	1.0916	1.3100	1.1823	1.1882	0.2679	1.0693	0.2764	0.3288	0.9171	0.2642	0.9615	0.2955	1.3135	1.1044	1.0476	0.2587	0.2631	0.9750	0.2886	1.0242	1.0072	0.2683	0.9281	1.0076	1.2434	1.0140	1.2320	1.0354	0.2810	0.9800	0.2718	0.8815	0.8680	0.2747	1.2122	0.2983	1.0554	0.2960	1.0146	0.9368	1.1274	0.4196	0.3340	0.9537	0.9971	0.9758	0.2929
7:49:16	30.2	0.2561	1.2570	1.0063	0.9127	0.8706	0.7923	0.9102	0.8364	0.8690	0.8822	0.2621	0.2693	1.3207	1.0305	1.1510	0.2829	1.0035	0.2555	1.0142	0.9825	0.8904	0.2529	0.2571	0.8557	1.3480	0.2590	1.0571	1.0553	1.2085	0.2585	1.0526	0.9613	0.8502	0.8804	0.2656	0.8915	1.0308	0.2586	1.1444	1.1954	0.9421	0.2624	1.0207	0.8983	0.9666	0.9130	0.2602	0.9503	0.2583	1.1140	1.3236	1.1939	1.1950	0.2675	1.0904	0.2764	0.3327	0.9350	0.2642	0.9840	0.2983	1.3318	1.1021	1.0725	0.2584	0.2632	0.9903	0.2883	1.0580	1.0289	0.2682	0.9396	1.0330	1.2600	1.0399	1.2478	1.0609	0.2806	0.9995	0.2717	0.8742	0.8925	0.2747	1.2135	0.2982	1.0733	0.2959	1.0317	0.9335	1.1535	0.4282	0.3340	0.9721	1.0321	0.9959	0.2929
7:59:16	30.2	0.2562	1.2592	1.0305	0.9113	0.8881	0.7983	0.9178	0.8389	0.8771	0.9047	0.2622	0.2694	1.3350	1.0550	1.1527	0.2830	1.0218	0.2556	1.0210	1.0024	0.9182	0.2531	0.2571	0.8737	1.3623	0.2596	1.0853	1.0887	1.2187	0.2586	1.0665	0.9796	0.8422	0.9013	0.2657	0.9202	1.0420	0.2588	1.1524	1.2036	0.9546	0.2626	1.0416	0.9183	0.9807	0.9195	0.2603	0.9835	0.2587	1.1405	1.3316	1.2070	1.2232	0.2675	1.1153	0.2768	0.3365	0.9482	0.2643	0.9976	0.3026	1.3440	1.1402	1.1014	0.2585	0.2631	1.0124	0.2887	1.0903	1.0324	0.2684	0.9628	1.0591	1.2716	1.0635	1.2551	1.0804	0.2808	1.0097	0.2718	0.8916	0.9261	0.2747	1.2210	0.2983	1.1100	0.2960	1.0641	0.9434	1.1805	0.4380	0.3341	0.9940	1.0758	1.0337	0.2931
8:09:16	30.2	0.2561	1.3013	1.0607	0.9395	0.9256	0.8204	0.9545	0.8697	0.9241	0.9539	0.2621	0.2694	1.3614	1.0794	1.1884	0.2830	1.0583	0.2554	1.0485	1.0404	0.9524	0.2531	0.2572	0.8796	1.3782	0.2601	1.1050	1.1184	1.2406	0.2586	1.1002	1.0027	0.8913	0.9276	0.2657	0.9563	1.0790	0.2589	1.1872	1.2296	1.0112	0.2625	1.0767	0.9375	1.0005	0.9315	0.2603	1.0227	0.2592	1.1588	1.3432	1.2268	1.2470	0.2675	1.1367	0.2767	0.3477	0.9723	0.2643	1.0270	0.3090	1.3558	1.1581	1.1244	0.2586	0.2632	1.0576	0.2887	1.1163	1.0576	0.2684	0.9943	1.0785	1.2796	1.0850	1.2692	1.0973	0.2806	1.0288	0.2718	0.9273	0.9814	0.2748	1.2295	0.2982	1.1377	0.2959	1.0849	0.9593	1.1933	0.4576	0.3341	1.0199	1.1124	1.0939	0.2928
8:19:16	30.2	0.2561	1.2949	1.0860	0.9331	0.9135	0.8058	0.9802	0.8545	0.9407	0.9768	0.2622	0.2694	1.3691	1.1073	1.1806	0.2830	1.0755	0.2557	1.0611	1.0649	0.9731	0.2531	0.2572	0.9090	1.3889	0.2607	1.1288	1.1315	1.2473	0.2588	1.1056	1.0254	0.8943	0.9541	0.2659	0.9717	1.1013	0.2589	1.1970	1.2330	1.0277	0.2625	1.0923	0.9681	1.0248	0.9306	0.2601	1.0479	0.2598	1.1815	1.3505	1.2426	1.2468	0.2677	1.1593	0.2766	0.3484	1.0017	0.2643	1.0547	0.3086	1.3711	1.1726	1.1585	0.2587	0.2630	1.0853	0.2886	1.1428	1.0816	0.2685	1.0222	1.1071	1.2919	1.1139	1.2957	1.1276	0.2807	1.0370	0.2718	0.9516	0.9935	0.2747	1.2339	0.2982	1.1640	0.2961	1.1181	0.9581	1.2100	0.4734	0.3340	1.0362	1.1281	1.0971	0.2929
8:29:16	30.2	0.2562	1.3238	1.1272	0.9490	0.9392	0.8431	1.0187	0.8595	0.9681	1.0106	0.2623	0.2694	1.3853	1.1364	1.2025	0.2831	1.1153	0.2555	1.0837	1.0946	1.0127	0.2529	0.2573	0.9468	1.4016	0.2613	1.1528	1.1609	1.2714	0.2587	1.1265	1.0556	0.9141	0.9930	0.2658	1.0212	1.1291	0.2588	1.2137	1.2535	1.0766	0.2624	1.1150	0.9994	1.0467	0.9454	0.2603	1.0833	0.2602	1.1927	1.3651	1.2597	1.2569	0.2677	1.1792	0.2766	0.3585	1.0331	0.2644	1.0730	0.3140	1.3820	1.1956	1.1763	0.2586	0.2633	1.1080	0.2885	1.1671	1.0942	0.2686	1.0472	1.1260	1.3123	1.1367	1.3049	1.1479	0.2807	1.0545	0.2719	0.9836	1.0290	0.2749	1.2407	0.2984	1.1892	0.2960	1.1448	0.9643	1.2377	0.4944	0.3341	1.0631	1.1535	1.1237	0.2931
8:39:16	30.2	0.2561	1.3397	1.1459	0.9658	0.9349	0.8697	1.0550	0.8592	1.0026	1.0524	0.2624	0.2695	1.3942	1.1598	1.2137	0.2830	1.1388	0.2556	1.1117	1.1253	1.0474	0.2529	0.2572	0.9835	1.4175	0.2621	1.1689	1.1704	1.2819	0.2585	1.1476	1.0711	0.9417	1.0155	0.2660	1.0387	1.1444	0.2589	1.2142	1.2685	1.0897	0.2625	1.1401	1.0205	1.0580	0.9502	0.2603	1.1156	0.2611	1.1907	1.3769	1.2753	1.2796	0.2675	1.1968	0.2766	0.3706	1.0531	0.2644	1.0959	0.3199	1.3889	1.2163	1.1910	0.2587	0.2631	1.1408	0.2891	1.1779	1.1110	0.2684	1.0692	1.1399	1.3207	1.1670	1.3183	1.1773	0.2808	1.0709	0.2718	1.0113	1.0597	0.2747	1.2471	0.2985	1.2058	0.2960	1.1669	0.9744	1.2478	0.5114	0.3339	1.0753	1.1824	1.1429	0.2931
8:49:16	30.2	0.2563	1.3463	1.1660	0.9645	0.9913	0.8508	1.0883	0.8814	1.0129	1.0885	0.2623	0.2695	1.4083	1.1761	1.2169	0.2830	1.1653	0.2555	1.1326	1.1464	1.0746	0.2531	0.2573	1.0272	1.4300	0.2624	1.1925	1.1919	1.2851	0.2587	1.1576	1.1078	0.9605	1.0495	0.2657	1.0794	1.1683	0.2589	1.2409	1.2817	1.1313	0.2625	1.1555	1.0565	1.0923	0.9531	0.2604	1.1369	0.2616	1.2116	1.3858	1.2869	1.2814	0.2681	1.2157	0.2767	0.3719	1.0854	0.2642	1.1150	0.3239	1.4029	1.2312	1.2122	0.2587	0.2630	1.1564	0.2891	1.2017	1.1317	0.2685	1.0909	1.1623	1.3337	1.1888	1.3352	1.1883	0.2807	1.0849	0.2718	1.0447	1.0927	0.2749	1.2532	0.2984	1.2220	0.2960	1.1911	0.9766	1.2648	0.5332	0.3337	1.1023	1.1984	1.1725	0.2930
8:59:16	30.2	0.2563	1.3522	1.1879	0.9729	1.0087	0.8425	1.1215	0.8967	1.0266	1.1102	0.2623	0.2695	1.4113	1.1983	1.2222	0.2831	1.1762	0.2555	1.1492	1.1696	1.1017	0.2531	0.2573	1.0518	1.4289	0.2632	1.2188	1.2107	1.2994	0.2586	1.1740	1.1279	0.9699	1.0819	0.2659	1.1035	1.1865	0.2587	1.2443	1.2960	1.1522	0.2625	1.1792	1.0828	1.1180	0.9522	0.2604	1.1749	0.2623	1.2226	1.3956	1.3037	1.2935	0.2677	1.2408	0.2766	0.3844	1.1031	0.2642	1.1277	0.3338	1.4057	1.2437	1.2322	0.2586	0.2630	1.1757	0.2888	1.2169	1.1570	0.2686	1.1071	1.1817	1.3472	1.2110	1.3464	1.2047	0.2808	1.0993	0.2718	1.0560	1.1182	0.2749	1.2563	0.2983	1.2410	0.2960	1.2069	0.9738	1.2732	0.5452	0.3336	1.1212	1.2193	1.1950	0.2930
9:09:16	30.2	0.2560	1.3581	1.1931	0.9770	1.0298	0.8532	1.1476	0.9203	1.0581	1.1358	0.2622	0.2694	1.4201	1.2015	1.2284	0.2829	1.2031	0.2554	1.1633	1.1954	1.1184	0.2530	0.2572	1.0789	1.4467	0.2638	1.2332	1.2307	1.3094	0.2586	1.1889	1.1535	1.0009	1.1026	0.2657	1.1201	1.2007	0.2588	1.2644	1.3044	1.1764	0.2624	1.1947	1.1033	1.1377	0.9494	0.2602	1.1949	0.2628	1.2358	1.4009	1.3151	1.2983	0.2676	1.2544	0.2765	0.3908	1.1222	0.2644	1.1515	0.3479	1.4184	1.2623	1.2484	0.2587	0.2630	1.1984	0.2886	1.2366	1.1728	0.2684	1.1308	1.2002	1.3607	1.2290	1.3537	1.2242	0.2807	1.1080	0.2717	1.0842	1.1444	0.2748	1.2642	0.2983	1.2554	0.2960	1.2319	0.9807	1.2962	0.5601	0.3337	1.1344	1.2317	1.2134	0.2929
9:19:16	30.2	0.2562	1.3731	1.2170	0.9817	1.0584	0.8540	1.1786	0.9414	1.0734	1.1657	0.2622	0.2694	1.4338	1.2225	1.2355	0.2832	1.2165	0.2555	1.1778	1.2057	1.1592	0.2532	0.2573	1.0983	1.4621	0.2653	1.2470	1.2369	1.3183	0.2587	1.1944	1.1681	1.0190	1.1263	0.2659	1.1355	1.2180	0.2589	1.2738	1.3137	1.1921	0.2625	1.2102	1.1354	1.1623	0.9588	0.2604	1.2102	0.2640	1.2374	1.4151	1.3280	1.3087	0.2679	1.2653	0.2767	0.4031	1.1524	0.2644	1.1743	0.3427	1.4230	1.2763	1.2645	0.2587	0.2632	1.2039	0.2888	1.2480	1.1914	0.2686	1.1531	1.2111	1.3700	1.2459	1.3594	1.2451	0.2809	1.1302	0.2718	1.1149	1.1665	0.2751	1.2712	0.2986	1.2718	0.2962	1.2474	0.9961	1.3073	0.5909	0.3340	1.1566	1.2505	1.2295	0.2930
9:29:16	30.2	0.2562	1.3960	1.2296	0.9921	1.0891	0.8811	1.1854	0.9692	1.0999	1.1819	0.2622	0.2694	1.4458	1.2426	1.2540	0.2829	1.2207	0.2555	1.1887	1.2272	1.1844	0.2531	0.2573	1.1118	1.4588	0.2659	1.2679	1.2607	1.3382	0.2586	1.2140	1.1965	1.0374	1.1628	0.2659	1.1656	1.2286	0.2588	1.2814	1.3248	1.2071	0.2625	1.2342	1.1561	1.1679	0.9659	0.2604	1.2376	0.2648	1.2653	1.4195	1.3405	1.3210	0.2677	1.2842	0.2765	0.4059	1.1767	0.2643	1.1943	0.3524	1.4366	1.2889	1.2761	0.2586	0.2629	1.2320	0.2885	1.2685	1.2089	0.2685	1.1809	1.2243	1.3805	1.2585	1.3719	1.2632	0.2808	1.1466	0.2718	1.1386	1.1862	0.2749	1.2781	0.2983	1.2943	0.2961	1.2667	0.9912	1.3226	0.6120	0.3340	1.1783	1.2746	1.2415	0.2929
9:39:16	30.2	0.2562	1.3999	1.2525	0.9966	1.1147	0.8841	1.2136	1.0012	1.1203	1.2059	0.2623	0.2695	1.4504	1.2549	1.2535	0.2829	1.2540	0.2555	1.2044	1.2447	1.1827	0.2531	0.2572	1.1419	1.4780	0.2671	1.2794	1.2730	1.3370	0.2587	1.2204	1.2151	1.0591	1.1815	0.2658	1.1959	1.2443	0.2589	1.2943	1.3314	1.2229	0.2624	1.2507	1.1818	1.1834	0.9671	0.2603	1.2583	0.2669	1.2815	1.4309	1.3516	1.3318	0.2678	1.2969	0.2767	0.4074	1.1888	0.2644	1.2061	0.3615	1.4471	1.2993	1.2927	0.2586	0.2631	1.2535	0.2887	1.2830	1.2255	0.2686	1.1854	1.2432	1.3873	1.2740	1.3856	1.2725	0.2808	1.1502	0.2718	1.1668	1.2059	0.2750	1.2816	0.2983	1.3090	0.2959	1.2805	0.9949	1.3356	0.6324	0.3341	1.1973	1.2894	1.2532	0.2929
9:49:16	30.2	0.2562	1.4005	1.2632	0.9967	1.1327	0.8862	1.2342	1.0293	1.1418	1.2160	0.2623	0.2696	1.4619	1.2776	1.2536	0.2830	1.2593	0.2556	1.2206	1.2611	1.2051	0.2532	0.2574	1.1742	1.4846	0.2682	1.2820	1.2813	1.3465	0.2588	1.2344	1.2319	1.0814	1.1961	0.2660	1.1986	1.2578	0.2588	1.3033	1.3388	1.2384	0.2626	1.2740	1.1878	1.2116	0.9697	0.2606	1.2702	0.2685	1.2878	1.4369	1.3628	1.3482	0.2676	1.3114	0.2767	0.4196	1.2024	0.2645	1.2229	0.3674	1.4545	1.3128	1.3076	0.2588	0.2629	1.2691	0.2880	1.2928	1.2385	0.2686	1.1986	1.2627	1.4002	1.2917	1.3925	1.2883	0.2809	1.1558	0.2720	1.1934	1.2221	0.2752	1.2855	0.2985	1.3223	0.2959	1.3004	1.0003	1.3482	0.6584	0.3340	1.2177	1.3032	1.2700	0.2930
9:59:16	30.2	0.2562	1.4112	1.2857	1.0167	1.1646	0.9214	1.2451	1.0584	1.1524	1.2413	0.2622	0.2694	1.4687	1.2849	1.2735	0.2830	1.2721	0.2555	1.2314	1.2743	1.2348	0.2532	0.2572	1.1903	1.4938	0.2705	1.3001	1.3041	1.3486	0.2588	1.2480	1.2429	1.0930	1.2205	0.2659	1.2345	1.2759	0.2589	1.3240	1.3510	1.2526	0.2624	1.2685	1.2132	1.2311	0.9770	0.2604	1.2931	0.2702	1.3044	1.4460	1.3712	1.3468	0.2678	1.3218	0.2765	0.4145	1.2298	0.2643	1.2284	0.3718	1.4528	1.3281	1.3237	0.2587	0.2630	1.2892	0.2878	1.3011	1.2587	0.2685	1.2225	1.2731	1.4094	1.3069	1.4030	1.3010	0.2807	1.1501	0.2717	1.2071	1.2330	0.2749	1.2890	0.2984	1.3419	0.2960	1.3158	1.0011	1.3632	0.6538	0.3336	1.2353	1.3107	1.2904	0.2930
10:09:16	30.2	0.2561	1.4238	1.2997	1.0180	1.1869	0.9478	1.2531	1.0834	1.1742	1.2527	0.2623	0.2696	1.4783	1.2963	1.2697	0.2832	1.2996	0.2557	1.2466	1.2973	1.2386	0.2533	0.2574	1.2142	1.5016	0.2710	1.3048	1.3154	1.3622	0.2585	1.2574	1.2676	1.1199	1.2306	0.2660	1.2513	1.2922	0.2589	1.3315	1.3586	1.2681	0.2625	1.2846	1.2372	1.2324	0.9816	0.2604	1.3046	0.2719	1.3116	1.4515	1.3841	1.3686	0.2679	1.3328	0.2766	0.4224	1.2451	0.2644	1.2428	0.3890	1.4682	1.3357	1.3285	0.2587	0.2629	1.3000	0.2884	1.3166	1.2638	0.2686	1.2321	1.2880	1.4197	1.3281	1.4033	1.3156	0.2808	1.1705	0.2719	1.2312	1.2489	0.2752	1.2938	0.2986	1.3474	0.2958	1.3223	1.0096	1.3699	0.6763	0.3341	1.2482	1.3232	1.3028	0.2931
10:19:16	30.2	0.2564	1.4489	1.3178	1.0263	1.2145	0.9766	1.2599	1.1086	1.1963	1.2806	0.2623	0.2695	1.4915	1.3144	1.2823	0.2831	1.3026	0.2557	1.2698	1.3045	1.2558	0.2531	0.2575	1.2152	1.5113	0.2728	1.3311	1.3230	1.3783	0.2587	1.2731	1.2873	1.1449	1.2492	0.2658	1.2516	1.3005	0.2591	1.3499	1.3724	1.2917	0.2625	1.3010	1.2429	1.2563	0.9909	0.2605	1.3177	0.2738	1.3275	1.4602	1.3902	1.3738	0.2678	1.3442	0.2766	0.4304	1.2621	0.2645	1.2664	0.3953	1.4798	1.3454	1.3495	0.2587	0.2630	1.3104	0.2884	1.3213	1.2836	0.2686	1.2501	1.3014	1.4244	1.3430	1.4167	1.3370	0.2808	1.1868	0.2718	1.2467	1.2627	0.2749	1.2994	0.2985	1.3690	0.2962	1.3441	1.0225	1.3802	0.7070	0.3341	1.2644	1.3330	1.3125	0.2931
10:29:16	30.2	0.2563	1.4553	1.3271	1.0271	1.2341	0.9885	1.2884	1.1206	1.2080	1.2808	0.2623	0.2695	1.5007	1.3272	1.2896	0.2833	1.3245	0.2555	1.2763	1.3121	1.2663	0.2533	0.2574	1.2291	1.5163	0.2746	1.3424	1.3404	1.3931	0.2586	1.2861	1.2996	1.1598	1.2664	0.2658	1.2773	1.3172	0.2589	1.3526	1.3852	1.3032	0.2626	1.3090	1.2650	1.2804	0.9874	0.2606	1.3402	0.2761	1.3425	1.4682	1.4055	1.3722	0.2678	1.3591	0.2765	0.4182	1.2738	0.2644	1.2752	0.4024	1.4794	1.3593	1.3578	0.2588	0.2631	1.3413	0.2883	1.3346	1.2980	0.2687	1.2708	1.3170	1.4339	1.3491	1.4237	1.3431	0.2807	1.1901	0.2719	1.2662	1.2765	0.2750	1.3035	0.2985	1.3819	0.2961	1.3561	1.0261	1.3939	0.7090	0.3337	1.2851	1.3482	1.3299	0.2929
10:39:16	30.2	0.2565	1.4455	1.3384	1.0268	1.2413	1.0116	1.3055	1.1663	1.2280	1.3043	0.2624	0.2697	1.5007	1.3321	1.2797	0.2832	1.3310	0.2559	1.2881	1.3143	1.2827	0.2533	0.2576	1.2640	1.5244	0.2762	1.3537	1.3495	1.3917	0.2590	1.2932	1.3175	1.1878	1.2803	0.2660	1.2881	1.3260	0.2590	1.3614	1.3864	1.3156	0.2627	1.3280	1.2911	1.2851	0.9806	0.2607	1.3441	0.2784	1.3452	1.4722	1.4149	1.3937	0.2679	1.3717	0.2768	0.4468	1.2938	0.2648	1.2865	0.4320	1.4912	1.3721	1.3706	0.2589	0.2633	1.3488	0.2884	1.3515	1.3145	0.2687	1.2841	1.3179	1.4479	1.3567	1.4359	1.3588	0.2810	1.1842	0.2720	1.2779	1.3013	0.2751	1.3104	0.2987	1.3973	0.2962	1.3677	1.0225	1.4079	0.7055	0.3342	1.3085	1.3619	1.3348	0.2931
10:49:16	30.2	0.2561	1.4585	1.3452	1.0368	1.2614	1.0454	1.3240	1.1727	1.2498	1.3170	0.2623	0.2694	1.5081	1.3626	1.2925	0.2831	1.3425	0.2557	1.3010	1.3359	1.3096	0.2533	0.2573	1.2817	1.5298	0.2784	1.3604	1.3685	1.3993	0.2586	1.3067	1.3267	1.2089	1.3041	0.2658	1.3067	1.3367	0.2588	1.3781	1.3997	1.3227	0.2625	1.3445	1.3008	1.3062	0.9847	0.2604	1.3590	0.2813	1.3504	1.4816	1.4254	1.4075	0.2676	1.3819	0.2767	0.4585	1.3140	0.2644	1.3118	0.4530	1.4990	1.3800	1.3782	0.2587	0.2631	1.3636	0.2884	1.3647	1.3225	0.2687	1.2984	1.3278	1.4560	1.3750	1.4367	1.3660	0.2809	1.2067	0.2719	1.2988	1.3190	0.2751	1.3129	0.2985	1.4060	0.2960	1.3768	1.0349	1.4172	0.7191	0.3341	1.3220	1.3713	1.3422	0.2930
10:59:16	30.2	0.2564	1.4617	1.3588	1.0398	1.2781	1.0665	1.3319	1.1890	1.2624	1.3172	0.2622	0.2696	1.5065	1.3678	1.2943	0.2830	1.3563	0.2557	1.3102	1.3482	1.3168	0.2533	0.2573	1.3020	1.5355	0.2807	1.3749	1.3724	1.4045	0.2586	1.3164	1.3525	1.2224	1.3071	0.2659	1.3188	1.3486	0.2588	1.3792	1.4014	1.3393	0.2625	1.3477	1.3039	1.3144	0.9926	0.2605	1.3727	0.2854	1.3695	1.4876	1.4333	1.4052	0.2679	1.3904	0.2767	0.4466	1.3168	0.2644	1.3221	0.4455	1.4988	1.3955	1.3883	0.2585	0.2630	1.3644	0.2882	1.3686	1.3296	0.2686	1.2958	1.3410	1.4628	1.3987	1.4504	1.3773	0.2808	1.1986	0.2718	1.3127	1.3293	0.2750	1.3179	0.2984	1.4175	0.2961	1.3989	1.0412	1.4293	0.7248	0.3336	1.3392	1.3866	1.3504	0.2930
11:09:16	30.2	0.2563	1.4734	1.3707	1.0471	1.2866	1.0948	1.3408	1.2116	1.2819	1.3258	0.2623	0.2696	1.5208	1.3721	1.3037	0.2831	1.3709	0.2558	1.3237	1.3555	1.3116	0.2532	0.2574	1.2931	1.5423	0.2837	1.3825	1.3813	1.4136	0.2588	1.3294	1.3417	1.2414	1.3125	0.2658	1.3267	1.3643	0.2589	1.3940	1.4123	1.3505	0.2625	1.3537	1.3215	1.3200	0.9967	0.2605	1.3870	0.2888	1.3819	1.4950	1.4424	1.4120	0.2678	1.4002	0.2767	0.4690	1.3339	0.2646	1.3092	0.4375	1.5021	1.4094	1.4051	0.2588	0.2632	1.3812	0.2884	1.3772	1.3471	0.2686	1.3116	1.3648	1.4708	1.3945	1.4622	1.3802	0.2809	1.2044	0.2719	1.3256	1.3343	0.2752	1.3239	0.2986	1.4276	0.2961	1.4037	1.0553	1.4385	0.7378	0.3342	1.3522	1.3940	1.3689	0.2938
11:19:16	30.2	0.2565	1.4886	1.3762	1.0535	1.3049	1.1078	1.3588	1.2412	1.2967	1.3421	0.2623	0.2696	1.5245	1.3755	1.3078	0.2830	1.3805	0.2558	1.3358	1.3732	1.3291	0.2533	0.2575	1.3276	1.5468	0.2870	1.3921	1.3908	1.4232	0.2588	1.3412	1.3671	1.2618	1.3325	0.2658	1.3426	1.3742	0.2590	1.4023	1.4248	1.3643	0.2627	1.3742	1.3422	1.3287	0.9998	0.2606	1.4017	0.2913	1.3892	1.4990	1.4537	1.4229	0.2679	1.4116	0.2769	0.4766	1.3496	0.2645	1.3381	0.4400	1.5137	1.4058	1.4108	0.2588	0.2632	1.3916	0.2888	1.3882	1.3620	0.2689	1.3256	1.3661	1.4791	1.4112	1.4631	1.3997	0.2810	1.2244	0.2721	1.3432	1.3517	0.2753	1.3295	0.2986	1.4414	0.2962	1.4113	1.0608	1.4505	0.7568	0.3343	1.3643	1.4023	1.3789	0.2933
11:29:16	30.2	0.2564	1.4896	1.3871	1.0588	1.3105	1.1485	1.3694	1.2628	1.3095	1.3511	0.2622	0.2695	1.5297	1.3863	1.3177	0.2831	1.3954	0.2558	1.3475	1.3878	1.3498	0.2531	0.2574	1.3377	1.5515	0.2903	1.4017	1.4021	1.4338	0.2589	1.3500	1.3743	1.2770	1.3323	0.2658	1.3479	1.3837	0.2588	1.4101	1.4287	1.3744	0.2627	1.3795	1.3603	1.3524	1.0066	0.2605	1.4078	0.2950	1.4050	1.5069	1.4613	1.4299	0.2679	1.4203	0.2767	0.4885	1.3630	0.2647	1.3467	0.4555	1.5188	1.4173	1.4195	0.2587	0.2632	1.4030	0.2885	1.4004	1.3749	0.2687	1.3435	1.3833	1.4851	1.4198	1.4703	1.4029	0.2808	1.2218	0.2720	1.3504	1.3596	0.2752	1.3308	0.2986	1.4486	0.2962	1.4241	1.0675	1.4636	0.7570	0.3342	1.3797	1.4172	1.3918	0.2931
11:39:16	30.2	0.2563	1.4961	1.3946	1.0660	1.3207	1.1731	1.3738	1.2670	1.3267	1.3608	0.2622	0.2696	1.5330	1.3887	1.3183	0.2831	1.3942	0.2558	1.3569	1.3902	1.3458	0.2534	0.2575	1.3532	1.5587	0.2937	1.4183	1.4128	1.4401	0.2588	1.3599	1.3849	1.2971	1.3453	0.2659	1.3564	1.4006	0.2589	1.4163	1.4369	1.3825	0.2627	1.3910	1.3677	1.3589	1.0082	0.2605	1.4251	0.2995	1.4048	1.5150	1.4692	1.4397	0.2682	1.4306	0.2766	0.4977	1.3646	0.2645	1.3550	0.4634	1.5270	1.4265	1.4288	0.2589	0.2633	1.4139	0.2884	1.4106	1.3868	0.2687	1.3534	1.3912	1.4923	1.4310	1.4753	1.4123	0.2810	1.2301	0.2719	1.3668	1.3717	0.2754	1.3371	0.2987	1.4573	0.2962	1.4283	1.0716	1.4716	0.7705	0.3343	1.3942	1.4258	1.4035	0.2932
11:49:16	30.2	0.2562	1.5063	1.4077	1.0748	1.3363	1.1878	1.3778	1.2923	1.3408	1.3759	0.2623	0.2696	1.5486	1.4003	1.3266	0.2832	1.4121	0.2559	1.3699	1.4084	1.3718	0.2533	0.2575	1.3447	1.5636	0.2977	1.4208	1.4297	1.4448	0.2588	1.3703	1.3983	1.3091	1.3601	0.2661	1.3707	1.4083	0.2589	1.4340	1.4451	1.3896	0.2627	1.3988	1.3816	1.3672	1.0167	0.2606	1.4377	0.3039	1.4102	1.5192	1.4751	1.4416	0.2678	1.4388	0.2767	0.5014	1.3767	0.2646	1.3633	0.4768	1.5286	1.4383	1.4431	0.2587	0.2636	1.4167	0.2883	1.4248	1.3882	0.2688	1.3620	1.4116	1.4964	1.4479	1.4817	1.4198	0.2809	1.2376	0.2719	1.3750	1.3829	0.2753	1.3411	0.2986	1.4749	0.2962	1.4466	1.0804	1.4818	0.7782	0.3342	1.4083	1.4331	1.4140	0.2931
11:59:16	30.2	0.2564	1.5026	1.4126	1.0785	1.3459	1.2138	1.4052	1.3094	1.3556	1.3788	0.2624	0.2697	1.5453	1.4145	1.3201	0.2833	1.4205	0.2559	1.3783	1.4078	1.3745	0.2533	0.2575	1.3657	1.5686	0.3020	1.4367	1.4316	1.4530	0.2588	1.3758	1.4141	1.3260	1.3730	0.2661	1.3812	1.4169	0.2591	1.4341	1.4510	1.3994	0.2627	1.4087	1.3822	1.3897	1.0194	0.2606	1.4421	0.3102	1.4282	1.5213	1.4816	1.4526	0.2680	1.4484	0.2768	0.5085	1.3927	0.2647	1.3751	0.4911	1.5348	1.4457	1.4439	0.2588	0.2634	1.4273	0.2884	1.4323	1.4008	0.2689	1.3738	1.4175	1.5008	1.4499	1.4880	1.4272	0.2809	1.2385	0.2720	1.3888	1.3996	0.2753	1.3450	0.2985	1.4723	0.2961	1.4452	1.0883	1.4879	0.7891	0.3343	1.4201	1.4465	1.4194	0.2930
12:09:16	30.2	0.2563	1.5137	1.4166	1.0834	1.3641	1.2367	1.4162	1.3234	1.3676	1.3940	0.2624	0.2697	1.5498	1.4136	1.3313	0.2831	1.4260	0.2558	1.3912	1.4139	1.3966	0.2533	0.2574	1.3831	1.5664	0.3066	1.4458	1.4345	1.4598	0.2587	1.3870	1.4312	1.3409	1.3757	0.2659	1.3990	1.4296	0.2589	1.4425	1.4588	1.4158	0.2627	1.4208	1.4071	1.4024	1.0280	0.2606	1.4452	0.3154	1.4306	1.5277	1.4896	1.4563	0.2679	1.4546	0.2767	0.5056	1.4034	0.2647	1.3934	0.5044	1.5328	1.4498	1.4570	0.2589	0.2634	1.4371	0.2882	1.4424	1.4074	0.2689	1.3934	1.4195	1.5090	1.4627	1.4915	1.4351	0.2810	1.2497	0.2719	1.3911	1.4043	0.2752	1.3484	0.2987	1.4807	0.2962	1.4554	1.0987	1.4978	0.7992	0.3341	1.4308	1.4541	1.4268	0.2931
12:19:16	30.2	0.2563	1.5254	1.4272	1.0919	1.3621	1.2582	1.4224	1.3228	1.3774	1.4003	0.2628	0.2695	1.5563	1.4225	1.3374	0.2831	1.4339	0.2558	1.3991	1.4284	1.3959	0.2534	0.2575	1.4058	1.5764	0.3107	1.4454	1.4462	1.4718	0.2587	1.4004	1.4270	1.3518	1.3920	0.2659	1.4155	1.4405	0.2589	1.4521	1.4664	1.4173	0.2626	1.4263	1.4117	1.4011	1.0352	0.2606	1.4608	0.3206	1.4356	1.5315	1.4966	1.4586	0.2681	1.4632	0.2767	0.5169	1.4189	0.2646	1.4144	0.5121	1.5442	1.4605	1.4705	0.2587	0.2632	1.4411	0.2885	1.4518	1.4218	0.2688	1.4124	1.4273	1.5112	1.4644	1.4974	1.4400	0.2808	1.2588	0.2719	1.4050	1.4130	0.2752	1.3536	0.2986	1.4888	0.2962	1.4626	1.1106	1.5016	0.8205	0.3340	1.4391	1.4629	1.4382	0.2930
12:29:16	30.2	0.2563	1.5260	1.4298	1.0961	1.3854	1.2648	1.4207	1.3587	1.3885	1.4115	0.2628	0.2698	1.5618	1.4295	1.3406	0.2832	1.4429	0.2560	1.4074	1.4371	1.4066	0.2536	0.2577	1.4231	1.5787	0.3164	1.4545	1.4551	1.4758	0.2591	1.4027	1.4374	1.3633	1.4113	0.2662	1.4225	1.4461	0.2591	1.4576	1.4710	1.4226	0.2628	1.4330	1.4227	1.4127	1.0405	0.2609	1.4642	0.3275	1.4497	1.5358	1.5030	1.4745	0.2681	1.4705	0.2772	0.5344	1.4243	0.2649	1.4289	0.5355	1.5480	1.4720	1.4801	0.2589	0.2634	1.4502	0.2884	1.4530	1.4324	0.2691	1.4163	1.4275	1.5166	1.4705	1.5016	1.4493	0.2812	1.2710	0.2721	1.4202	1.4197	0.2755	1.3557	0.2988	1.4886	0.2964	1.4709	1.1136	1.5103	0.8374	0.3343	1.4446	1.4802	1.4508	0.2933
12:39:16	30.1	0.2564	1.5325	1.4475	1.1016	1.3945	1.2777	1.4344	1.3497	1.3981	1.4211	0.2622	0.2696	1.5595	1.4438	1.3474	0.2831	1.4504	0.2559	1.4172	1.4436	1.4126	0.2533	0.2576	1.4285	1.5821	0.3249	1.4660	1.4667	1.4830	0.2591	1.4132	1.4468	1.3723	1.4115	0.2662	1.4305	1.4532	0.2592	1.4637	1.4788	1.4379	0.2626	1.4350	1.4376	1.4196	1.0483	0.2607	1.4746	0.3323	1.4464	1.5405	1.5078	1.4814	0.2677	1.4752	0.2768	0.5372	1.4404	0.2648	1.4224	0.5449	1.5514	1.4750	1.4926	0.2588	0.2633	1.4669	0.2881	1.4581	1.4444	0.2690	1.4249	1.4331	1.5206	1.4850	1.5054	1.4592	0.2810	1.2722	0.2719	1.4271	1.4330	0.2755	1.3591	0.2987	1.5021	0.2963	1.4886	1.1245	1.5174	0.8587	0.3341	1.4514	1.4848	1.4578	0.2931
12:49:16	30.2	0.2566	1.5390	1.4595	1.1098	1.4054	1.2940	1.4422	1.3829	1.4055	1.4386	0.2626	0.2698	1.5685	1.4534	1.3500	0.2832	1.4618	0.2557	1.4260	1.4597	1.4325	0.2536	0.2576	1.4440	1.5858	0.3309	1.4724	1.4794	1.4858	0.2588	1.4217	1.4597	1.3796	1.4299	0.2662	1.4346	1.4513	0.2592	1.4728	1.4845	1.4447	0.2627	1.4488	1.4494	1.4267	1.0633	0.2608	1.4947	0.3368	1.4626	1.5428	1.5151	1.4898	0.2680	1.4799	0.2771	0.5337	1.4498	0.2650	1.4297	0.5490	1.5502	1.4829	1.4903	0.2590	0.2633	1.4793	0.2886	1.4638	1.4721	0.2688	1.4346	1.4351	1.5238	1.4927	1.5082	1.4668	0.2810	1.2767	0.2720	1.4329	1.4384	0.2756	1.3582	0.2988	1.5037	0.2962	1.4901	1.1347	1.5229	0.8676	0.3343	1.4568	1.4923	1.4665	0.2932
12:59:16	30.1	0.2562	1.5454	1.4650	1.1179	1.4124	1.3179	1.4504	1.3898	1.4175	1.4511	0.2627	0.2696	1.5664	1.4663	1.3579	0.2829	1.4745	0.2558	1.4340	1.4709	1.4447	0.2534	0.2573	1.4513	1.5865	0.3407	1.4778	1.4852	1.4879	0.2585	1.4262	1.4793	1.3834	1.4324	0.2660	1.4378	1.4516	0.2589	1.4805	1.4924	1.4498	0.2624	1.4560	1.4575	1.4339	1.0747	0.2605	1.4895	0.3422	1.4581	1.5478	1.5154	1.4842	0.2681	1.4901	0.2767	0.5321	1.4592	0.2646	1.4370	0.5604	1.5587	1.4905	1.4972	0.2586	0.2633	1.4848	0.2880	1.4735	1.4604	0.2687	1.4389	1.4373	1.5271	1.4927	1.5141	1.4728	0.2808	1.2882	0.2718	1.4457	1.4461	0.2751	1.3593	0.2985	1.5010	0.2961	1.4953	1.1468	1.5291	0.8958	0.3341	1.4562	1.4909	1.4692	0.2931
13:09:16	30.2	0.2564	1.5560	1.4727	1.1253	1.4123	1.3210	1.4613	1.3869	1.4311	1.4581	0.2625	0.2697	1.5752	1.4728	1.3668	0.2832	1.4795	0.2561	1.4391	1.4724	1.4493	0.2534	0.2576	1.4363	1.5919	0.3544	1.4904	1.4943	1.4956	0.2590	1.4352	1.4764	1.3949	1.4362	0.2663	1.4426	1.4619	0.2590	1.4740	1.4977	1.4579	0.2627	1.4601	1.4578	1.4405	1.0826	0.2608	1.4948	0.3492	1.4584	1.5540	1.5191	1.4962	0.2680	1.4957	0.2767	0.5433	1.4629	0.2647	1.4376	0.5928	1.5596	1.4915	1.4930	0.2589	0.2636	1.4831	0.2884	1.4811	1.4629	0.2691	1.4228	1.4400	1.5351	1.4909	1.5158	1.4770	0.2810	1.2925	0.2720	1.4587	1.4549	0.2755	1.3634	0.2989	1.5046	0.2963	1.4922	1.1612	1.5328	0.9193	0.3343	1.4568	1.4964	1.4767	0.2936
13:19:16	30.2	0.2564	1.5574	1.4816	1.1285	1.4251	1.3351	1.4727	1.4116	1.4371	1.4654	0.2623	0.2697	1.5766	1.4665	1.3648	0.2833	1.4872	0.2559	1.4465	1.4789	1.4547	0.2535	0.2575	1.4509	1.5975	0.3650	1.4931	1.4963	1.5030	0.2589	1.4444	1.4776	1.3898	1.4561	0.2661	1.4442	1.4710	0.2590	1.4869	1.5043	1.4641	0.2627	1.4669	1.4651	1.4476	1.0920	0.2609	1.4994	0.3567	1.4676	1.5537	1.5273	1.4997	0.2679	1.5029	0.2767	0.5512	1.4701	0.2647	1.4420	0.5826	1.5655	1.4968	1.5045	0.2588	0.2632	1.4881	0.2886	1.4824	1.4681	0.2690	1.4335	1.4423	1.5301	1.5006	1.5193	1.4830	0.2810	1.3031	0.2719	1.4619	1.4636	0.2755	1.3653	0.2988	1.5102	0.2962	1.4910	1.1709	1.5396	0.9461	0.3342	1.4630	1.5000	1.4829	0.2932
13:29:16	30.2	0.2563	1.5618	1.4860	1.1315	1.4319	1.3584	1.4748	1.4219	1.4471	1.4644	0.2623	0.2696	1.5785	1.4724	1.3713	0.2832	1.4937	0.2559	1.4566	1.4826	1.4609	0.2535	0.2576	1.4705	1.6002	0.3782	1.4953	1.4982	1.5025	0.2588	1.4480	1.4864	1.4025	1.4548	0.2660	1.4425	1.4725	0.2590	1.4914	1.5071	1.4705	0.2626	1.4700	1.4685	1.4549	1.1034	0.2608	1.5137	0.3660	1.4647	1.5510	1.5248	1.4989	0.2679	1.5037	0.2770	0.5621	1.4782	0.2646	1.4485	0.6086	1.5712	1.4983	1.5064	0.2588	0.2634	1.4949	0.2885	1.4891	1.4733	0.2686	1.4394	1.4427	1.5290	1.5086	1.5261	1.4879	0.2809	1.3088	0.2720	1.4636	1.4641	0.2753	1.3662	0.2987	1.5176	0.2961	1.4951	1.1781	1.5459	0.9506	0.3345	1.4735	1.5095	1.4838	0.2932
13:39:16	30.2	0.2563	1.5649	1.4890	1.1408	1.4407	1.3671	1.4856	1.4309	1.4333	1.4758	0.2629	0.2696	1.5800	1.4806	1.3755	0.2831	1.4960	0.2559	1.4611	1.4929	1.4677	0.2534	0.2576	1.4699	1.6008	0.3932	1.4966	1.5080	1.5045	0.2589	1.4552	1.4965	1.4046	1.4649	0.2659	1.4554	1.4754	0.2588	1.4899	1.5066	1.4803	0.2625	1.4802	1.4861	1.4641	1.1176	0.2607	1.5135	0.3764	1.4714	1.5549	1.5185	1.5151	0.2678	1.5067	0.2769	0.5580	1.4861	0.2645	1.4565	0.6376	1.5700	1.5048	1.5130	0.2589	0.2633	1.4992	0.2886	1.4982	1.4801	0.2687	1.4406	1.4517	1.5421	1.5072	1.5306	1.4974	0.2808	1.3112	0.2719	1.4767	1.4743	0.2753	1.3679	0.2988	1.5224	0.2961	1.5018	1.1913	1.5534	1.0057	0.3340	1.4749	1.5092	1.4959	0.2932
13:49:16	30.2	0.2562	1.5678	1.4900	1.1532	1.4413	1.3704	1.4899	1.4374	1.4347	1.4862	0.2624	0.2697	1.5792	1.4876	1.3811	0.2832	1.5032	0.2558	1.4581	1.4960	1.4765	0.2533	0.2575	1.4751	1.6035	0.4075	1.5039	1.5118	1.5053	0.2590	1.4556	1.5040	1.4165	1.4688	0.2661	1.4630	1.4816	0.2591	1.5014	1.5166	1.4907	0.2628	1.4864	1.4893	1.4734	1.1336	0.2608	1.5209	0.3865	1.4748	1.5455	1.5457	1.5148	0.2679	1.5078	0.2769	0.5666	1.4863	0.2647	1.4560	0.6454	1.5742	1.5141	1.5198	0.2588	0.2633	1.5064	0.2887	1.5035	1.4877	0.2688	1.4580	1.4565	1.5968	1.5123	1.5386	1.5008	0.2809	1.3246	0.2720	1.4828	1.4824	0.2753	1.3680	0.2989	1.5204	0.2961	1.5048	1.2072	1.5553	1.0369	0.3345	1.4945	1.5122	1.4954	0.2934
13:59:16	30.2	0.2562	1.5650	1.4962	1.1615	1.4581	1.3780	1.4936	1.4502	1.4408	1.4867	0.2624	0.2697	1.5863	1.4931	1.3809	0.2831	1.5065	0.2559	1.4825	1.5036	1.4777	0.2533	0.2575	1.4757	1.6074	0.4270	1.5053	1.5187	1.5150	0.2590	1.4575	1.5045	1.4092	1.4746	0.2659	1.4623	1.4867	0.2590	1.5091	1.5118	1.4929	0.2626	1.4885	1.4957	1.4782	1.1450	0.2608	1.5288	0.4011	1.4775	1.6265	1.6288	1.5200	0.2678	1.5109	0.2768	0.5753	1.4938	0.2647	1.4650	0.6723	1.5771	1.5164	1.5246	0.2587	0.2631	1.5100	0.2883	1.5105	1.4977	0.2689	1.4613	1.4651	1.5957	1.5179	1.5453	1.5071	0.2810	1.3267	0.2720	1.4864	1.4881	0.2752	1.3692	0.2988	1.5237	0.2962	1.5057	1.2239	1.5607	1.0535	0.3340	1.4991	1.5217	1.5020	0.2933
14:09:16	30.2	0.2566	1.5689	1.4946	1.1704	1.4627	1.3890	1.5022	1.4608	1.4637	1.4844	0.2625	0.2698	1.5879	1.4931	1.3870	0.2832	1.5109	0.2559	1.4541	1.5037	1.4785	0.2535	0.2578	1.4765	1.6098	0.4585	1.5086	1.5205	1.5200	0.2590	1.4495	1.5046	1.4518	1.4791	0.2662	1.4616	1.4865	0.2591	1.5023	1.5158	1.4962	0.2629	1.4963	1.4871	1.4803	1.1578	0.2609	1.5306	0.4154	1.4764	1.5857	1.5391	1.5223	0.2682	1.4987	0.2771	0.5837	1.4926	0.2648	1.4648	0.6925	1.5768	1.5156	1.5214	0.2589	0.2634	1.5187	0.2886	1.5112	1.4962	0.2692	1.4581	1.4606	1.5604	1.5164	1.5440	1.5073	0.2810	1.3351	0.2721	1.4883	1.4910	0.2755	1.3740	0.2989	1.5240	0.2962	1.5087	1.2384	1.5670	1.0863	0.3345	1.4977	1.5272	1.5043	0.2936
14:19:16	30.2	0.2563	1.5713	1.5005	1.1845	1.4758	1.4065	1.5062	1.4616	1.4504	1.4931	0.2624	0.2698	1.5879	1.4989	1.3910	0.2832	1.5091	0.2559	1.4824	1.5098	1.4924	0.2533	0.2576	1.4882	1.6130	0.4773	1.5156	1.5220	1.5226	0.2589	1.4396	1.5064	1.5376	1.4816	0.2659	1.4674	1.4849	0.2590	1.5071	1.5226	1.5008	0.2627	1.5000	1.4952	1.4837	1.1725	0.2608	1.5293	0.4321	1.4842	1.5841	1.5870	1.5290	0.2680	1.5407	0.2768	0.5875	1.4962	0.2647	1.4653	0.7243	1.5825	1.5162	1.5202	0.2588	0.2633	1.5176	0.2885	1.5178	1.5020	0.2690	1.4547	1.4643	1.6059	1.5214	1.5485	1.5115	0.2810	1.3447	0.2720	1.4931	1.4979	0.2754	1.3756	0.2987	1.5294	0.2962	1.5082	1.2551	1.5730	1.1170	0.3342	1.5069	1.5288	1.5098	0.2933
14:29:16	30.2	0.2562	1.5762	1.5030	1.1963	1.4783	1.4094	1.5073	1.4710	1.4648	1.4921	0.2623	0.2698	1.5894	1.5016	1.3951	0.2831	1.5105	0.2560	1.4510	1.5125	1.4910	0.2534	0.2577	1.4761	1.6147	0.4973	1.5167	1.5229	1.5219	0.2589	1.4479	1.5128	1.4704	1.4837	0.2658	1.4703	1.4911	0.2590	1.5165	1.5155	1.4948	0.2627	1.4997	1.5037	1.4854	1.1849	0.2607	1.5382	0.4480	1.4841	1.5778	1.5918	1.5277	0.2680	1.5803	0.2769	0.5921	1.5003	0.2648	1.4678	0.7338	1.5849	1.5220	1.5276	0.2588	0.2634	1.5205	0.2885	1.5259	1.5085	0.2689	1.4544	1.4612	1.5544	1.5242	1.5508	1.5065	0.2809	1.3519	0.2721	1.4912	1.4980	0.2753	1.3831	0.2988	1.5347	0.2962	1.5098	1.2702	1.5793	1.1318	0.3345	1.5153	1.5296	1.5115	0.2932
14:39:16	30.2	0.2564	1.5834	1.5009	1.2056	1.4852	1.4132	1.5106	1.4769	1.4762	1.4954	0.2624	0.2699	1.5910	1.5005	1.3982	0.2833	1.5159	0.2559	1.4550	1.5119	1.4913	0.2535	0.2577	1.4851	1.6195	0.5221	1.5191	1.5261	1.5139	0.2590	1.4768	1.5149	1.4655	1.4871	0.2661	1.4681	1.4923	0.2591	1.5127	1.5139	1.5011	0.2629	1.5006	1.5057	1.4816	1.1951	0.2608	1.5471	0.4692	1.4840	1.5950	1.5700	1.5296	0.2681	1.5062	0.2770	0.5977	1.5033	0.2646	1.4796	0.7483	1.5887	1.5248	1.5279	0.2588	0.2633	1.5259	0.2884	1.5305	1.5083	0.2689	1.4582	1.4650	1.5657	1.5230	1.5776	1.5141	0.2811	1.3609	0.2721	1.5031	1.5084	0.2755	1.3858	0.2990	1.5356	0.2963	1.5182	1.2803	1.5835	1.1414	0.3345	1.5223	1.5360	1.5127	0.2935
14:49:16	30.2	0.2564	1.5874	1.5075	1.2192	1.4900	1.4293	1.5095	1.4855	1.4842	1.5042	0.2623	0.2698	1.5930	1.5101	1.4097	0.2832	1.5164	0.2559	1.4587	1.5148	1.4947	0.2535	0.2577	1.4890	1.6164	0.5331	1.5243	1.5280	1.5195	0.2589	1.5247	1.5158	1.4625	1.4939	0.2658	1.4693	1.4964	0.2592	1.5170	1.5557	1.5077	0.2628	1.5069	1.5103	1.4921	1.2083	0.2608	1.5469	0.4900	1.4874	1.6073	1.5564	1.5340	0.2678	1.5488	0.2769	0.6054	1.5056	0.2650	1.4792	0.7879	1.5914	1.5251	1.5316	0.2589	0.2634	1.5287	0.2884	1.5339	1.5141	0.2691	1.4620	1.4740	1.5737	1.5249	1.5934	1.5146	0.2810	1.3641	0.2720	1.5052	1.5106	0.2757	1.3883	0.2989	1.5415	0.2963	1.5148	1.2938	1.5874	1.1722	0.3346	1.5296	1.5376	1.5176	0.2934
14:59:16	30.2	0.2564	1.5948	1.5114	1.2325	1.4888	1.4382	1.5157	1.4879	1.4779	1.5081	0.2624	0.2699	1.5937	1.5095	1.4158	0.2832	1.5214	0.2560	1.5505	1.5148	1.5007	0.2535	0.2578	1.4862	1.6245	0.5558	1.5258	1.5247	1.5194	0.2591	1.6040	1.5175	1.4287	1.4992	0.2660	1.4741	1.4976	0.2589	1.5187	1.5538	1.5087	0.2628	1.5052	1.5115	1.4884	1.2194	0.2610	1.5524	0.5119	1.4922	1.5810	1.5674	1.5303	0.2680	1.5593	0.2769	0.6185	1.5102	0.2648	1.4721	0.8025	1.5926	1.5299	1.5378	0.2589	0.2635	1.5272	0.2884	1.5356	1.5183	0.2691	1.4686	1.4728	1.5556	1.5332	1.5557	1.5090	0.2811	1.3718	0.2720	1.5093	1.5128	0.2754	1.3932	0.2989	1.5402	0.2963	1.5232	1.3063	1.5936	1.1831	0.3346	1.5404	1.5408	1.5172	0.2938
15:09:16	30.2	0.2565	1.5941	1.5160	1.2430	1.4996	1.4440	1.5233	1.4974	1.4769	1.5036	0.2625	0.2700	1.5989	1.5149	1.4241	0.2832	1.5271	0.2560	1.5198	1.5200	1.4981	0.2535	0.2578	1.4956	1.6291	0.5718	1.5310	1.5299	1.5189	0.2591	1.5845	1.5231	1.5007	1.4990	0.2661	1.4741	1.5045	0.2589	1.5233	1.5284	1.5116	0.2629	1.5112	1.5151	1.4999	1.2293	0.2609	1.5568	0.5387	1.4958	1.5732	1.5785	1.5379	0.2680	1.5202	0.2769	0.6209	1.5127	0.2650	1.4753	0.8323	1.5956	1.5353	1.5390	0.2588	0.2637	1.5304	0.2885	1.5413	1.5169	0.2690	1.4619	1.4722	1.5540	1.5341	1.5737	1.5192	0.2810	1.3749	0.2721	1.5159	1.5200	0.2756	1.3955	0.2988	1.5422	0.2963	1.5282	1.3178	1.5986	1.1954	0.3344	1.5526	1.5455	1.5233	0.2932
15:19:16	30.2	0.2564	1.5961	1.5132	1.2529	1.5039	1.4577	1.5236	1.5018	1.5635	1.5084	0.2623	0.2697	1.6008	1.5169	1.4205	0.2831	1.5256	0.2559	1.4700	1.5211	1.5054	0.2533	0.2577	1.4925	1.6362	0.5928	1.5298	1.5317	1.5347	0.2587	1.5163	1.5266	1.5108	1.5004	0.2660	1.4702	1.5077	0.2589	1.5260	1.5573	1.5158	0.2627	1.5148	1.5158	1.5013	1.2394	0.2608	1.5557	0.5644	1.4987	1.6155	1.5776	1.5363	0.2678	1.5357	0.2769	0.6286	1.5169	0.2647	1.4784	0.8557	1.5986	1.5357	1.5392	0.2587	0.2633	1.5328	0.2881	1.5416	1.5234	0.2689	1.4708	1.4835	1.5595	1.5368	1.5620	1.5171	0.2810	1.3829	0.2720	1.5161	1.5235	0.2754	1.4002	0.2988	1.5459	0.2961	1.5274	1.3295	1.6040	1.2093	0.3345	1.5579	1.5449	1.5227	0.2933
15:29:16	30.2	0.2563	1.5992	1.5202	1.2621	1.5093	1.4619	1.5265	1.4987	1.5617	1.5125	0.2623	0.2697	1.6032	1.5178	1.4302	0.2829	1.5285	0.2558	1.4854	1.5236	1.5085	0.2536	0.2577	1.4981	1.6381	0.6229	1.5306	1.5364	1.5785	0.2588	1.5155	1.5264	1.4395	1.5056	0.2659	1.4797	1.5096	0.2590	1.5302	1.5864	1.5151	0.2627	1.5173	1.5218	1.5050	1.2507	0.2609	1.5647	0.5914	1.5039	1.5949	1.5697	1.5418	0.2681	1.5320	0.2770	0.6391	1.5216	0.2647	1.4858	0.8841	1.6018	1.5401	1.5458	0.2588	0.2635	1.5368	0.2885	1.5438	1.5232	0.2690	1.4738	1.4842	1.5587	1.5382	1.6177	1.5235	0.2811	1.3860	0.2720	1.5192	1.5261	0.2755	1.4047	0.2988	1.5436	0.2962	1.5319	1.3428	1.6117	1.2304	0.3343	1.5878	1.5455	1.5241	0.2932
15:39:16	30.2	0.2566	1.6011	1.5157	1.2745	1.5166	1.4702	1.5277	1.5073	1.4978	1.5121	0.2625	0.2700	1.6044	1.5225	1.4320	0.2835	1.5329	0.2560	1.5250	1.5223	1.5063	0.2536	0.2578	1.4919	1.6455	0.6235	1.5368	1.5329	1.5840	0.2590	1.4836	1.5222	1.4483	1.5073	0.2662	1.4778	1.5089	0.2591	1.5297	1.5797	1.5196	0.2629	1.5207	1.5226	1.5030	1.2594	0.2609	1.5702	0.6157	1.5060	1.5803	1.5678	1.5400	0.2681	1.5365	0.2770	0.6512	1.5201	0.2650	1.4828	0.9112	1.6062	1.5438	1.5492	0.2589	0.2634	1.5376	0.2886	1.5470	1.5273	0.2691	1.4733	1.4909	1.5679	1.5443	1.6400	1.5256	0.2809	1.3910	0.2721	1.5225	1.5289	0.2757	1.4053	0.2989	1.5504	0.2963	1.5397	1.3552	1.6146	1.2407	0.3348	1.5617	1.5488	1.5264	0.2933
15:49:16	30.2	0.2565	1.6056	1.5219	1.2833	1.5199	1.4741	1.5286	1.5164	1.5215	1.5129	0.2626	0.2699	1.6157	1.5241	1.4372	0.2834	1.5278	0.2561	1.5344	1.5273	1.5107	0.2537	0.2577	1.4989	1.6538	0.6632	1.5380	1.5369	1.5543	0.2590	1.5151	1.5311	1.4502	1.5165	0.2662	1.4850	1.5148	0.2590	1.5386	1.5482	1.5271	0.2628	1.5195	1.5241	1.5120	1.2685	0.2609	1.5682	0.6392	1.5098	1.5856	1.5751	1.5441	0.2681	1.5340	0.2771	0.6687	1.5251	0.2649	1.4892	0.9361	1.6057	1.5458	1.5522	0.2590	0.2635	1.5440	0.2885	1.5500	1.5310	0.2691	1.4813	1.4949	1.5809	1.5478	1.5875	1.5353	0.2810	1.3983	0.2721	1.5210	1.5337	0.2757	1.4083	0.2989	1.5542	0.2963	1.5403	1.3661	1.6204	1.2572	0.3345	1.5731	1.5532	1.5264	0.2934
15:59:16	30.2	0.2564	1.6063	1.5257	1.2957	1.5174	1.4825	1.5306	1.5159	1.5002	1.5164	0.2627	0.2699	1.6229	1.5263	1.4402	0.2832	1.5367	0.2560	1.4967	1.5268	1.5089	0.2535	0.2578	1.5034	1.6570	0.6587	1.5430	1.5405	1.5581	0.2591	1.4886	1.5331	1.4718	1.5129	0.2660	1.4797	1.5122	0.2590	1.5362	1.5355	1.5215	0.2628	1.5245	1.5271	1.5133	1.2771	0.2609	1.5752	0.6662	1.5034	1.5733	1.5705	1.5463	0.2681	1.5438	0.2770	0.6836	1.5233	0.2649	1.4865	0.9683	1.6081	1.5438	1.5558	0.2590	0.2639	1.5421	0.2864	1.5508	1.5336	0.2691	1.4794	1.4970	1.6106	1.5481	1.6069	1.5343	0.2810	1.3992	0.2721	1.5212	1.5321	0.2755	1.4066	0.2989	1.5596	0.2963	1.5395	1.3757	1.6241	1.2680	0.3347	1.5763	1.5589	1.5275	0.2933
16:09:16	30.2	0.2565	1.6128	1.5326	1.3043	1.5173	1.4894	1.5266	1.5174	1.5200	1.5158	0.2625	0.2698	1.6286	1.5288	1.4460	0.2832	1.5365	0.2560	1.5109	1.5299	1.5163	0.2534	0.2577	1.5055	1.6583	0.6799	1.5421	1.5477	1.5545	0.2590	1.4928	1.5324	1.4670	1.5088	0.2660	1.4830	1.5125	0.2590	1.5394	1.5417	1.5281	0.2628	1.5208	1.5329	1.5174	1.2852	0.2609	1.5761	0.6905	1.5092	1.5730	1.5781	1.5491	0.2682	1.5609	0.2771	0.7042	1.5250	0.2648	1.4951	0.9984	1.6116	1.5505	1.5570	0.2588	0.2634	1.5436	0.2862	1.5531	1.5346	0.2692	1.4808	1.4970	1.5872	1.5492	1.5743	1.5327	0.2810	1.4040	0.2721	1.5264	1.5329	0.2756	1.4041	0.2988	1.5572	0.2963	1.5406	1.3854	1.6300	1.2915	0.3343	1.5798	1.5633	1.5331	0.2934
16:19:16	30.2	0.2565	1.6190	1.5340	1.3113	1.5204	1.4885	1.5366	1.5223	1.5045	1.5228	0.2625	0.2699	1.6396	1.5329	1.4490	0.2831	1.5380	0.2559	1.5047	1.5281	1.5155	0.2535	0.2578	1.5035	1.6678	0.7071	1.5465	1.5426	1.5511	0.2590	1.5031	1.5392	1.4765	1.5150	0.2662	1.4816	1.5156	0.2589	1.5387	1.5406	1.5272	0.2627	1.5272	1.5357	1.5184	1.2930	0.2610	1.5874	0.7139	1.5123	1.6042	1.5738	1.5495	0.2681	1.5512	0.2770	0.7260	1.5207	0.2649	1.4980	1.0198	1.6115	1.5535	1.5582	0.2589	0.2634	1.5477	0.2862	1.5587	1.5409	0.2690	1.4908	1.4961	1.6097	1.5517	1.5943	1.5394	0.2812	1.4097	0.2720	1.5320	1.5375	0.2757	1.3990	0.2989	1.5612	0.2963	1.5403	1.3947	1.6359	1.2867	0.3344	1.5828	1.5602	1.5315	0.2934
16:29:16	30.2	0.2567	1.6302	1.5333	1.3175	1.5212	1.4983	1.5295	1.5226	1.5132	1.5190	0.2627	0.2700	1.6445	1.5333	1.4549	0.2833	1.5405	0.2561	1.5577	1.5393	1.5265	0.2537	0.2579	1.5005	1.6705	0.7464	1.5469	1.5468	1.5510	0.2592	1.5390	1.5395	1.4930	1.5259	0.2661	1.4828	1.5167	0.2593	1.5410	1.5414	1.5348	0.2629	1.5317	1.5410	1.5215	1.3012	0.2611	1.5896	0.7404	1.5086	1.5870	1.5620	1.5528	0.2681	1.5562	0.2773	0.7440	1.5343	0.2649	1.4947	1.0522	1.6168	1.5575	1.5558	0.2591	0.2638	1.5528	0.2866	1.5611	1.5398	0.2692	1.4915	1.4982	1.6112	1.5520	1.6047	1.5458	0.2813	1.4143	0.2721	1.5307	1.5398	0.2758	1.3920	0.2990	1.5631	0.2964	1.5451	1.4030	1.6428	1.3156	0.3345	1.5885	1.5701	1.5365	0.2935
16:39:16	30.2	0.2565	1.6351	1.5342	1.3233	1.5271	1.4943	1.5359	1.5240	1.5282	1.5186	0.2626	0.2700	1.6509	1.5331	1.4576	0.2833	1.5449	0.2560	1.5353	1.5369	1.5238	0.2536	0.2579	1.5027	1.6749	0.7516	1.5482	1.5481	1.5706	0.2590	1.5079	1.5414	1.5245	1.5223	0.2663	1.4846	1.5180	0.2591	1.5448	1.5627	1.5354	0.2628	1.5318	1.5342	1.5294	1.3082	0.2609	1.5952	0.7687	1.5013	1.5838	1.5850	1.5482	0.2682	1.5829	0.2772	0.7681	1.5289	0.2651	1.4984	1.0776	1.6188	1.5590	1.5609	0.2590	0.2637	1.5472	0.2863	1.5605	1.5437	0.2691	1.4909	1.5004	1.5871	1.5577	1.5904	1.5452	0.2810	1.4213	0.2721	1.5375	1.5429	0.2757	1.3860	0.2991	1.5655	0.2964	1.5432	1.4109	1.6479	1.3030	0.3344	1.6041	1.5720	1.5365	0.2934
16:49:16	30.2	0.2563	1.6402	1.5337	1.3340	1.5259	1.5010	1.5372	1.5232	1.5170	1.5208	0.2625	0.2699	1.6497	1.5334	1.4605	0.2831	1.5444	0.2558	1.5321	1.5408	1.5241	0.2533	0.2578	1.5002	1.6708	0.7718	1.5452	1.5526	1.5907	0.2589	1.5488	1.5470	1.5101	1.5229	0.2660	1.4826	1.5164	0.2591	1.5413	1.5620	1.5372	0.2627	1.5272	1.5394	1.5261	1.3144	0.2608	1.5915	0.7917	1.4995	1.6074	1.5623	1.5471	0.2681	1.5934	0.2771	0.7931	1.5285	0.2649	1.4923	1.1069	1.6197	1.5563	1.5618	0.2590	0.2634	1.5459	0.2863	1.5614	1.5430	0.2691	1.4867	1.4998	1.5850	1.5571	1.5875	1.5422	0.2809	1.4230	0.2720	1.5356	1.5436	0.2757	1.3764	0.2990	1.5642	0.2963	1.5471	1.4179	1.6533	1.3286	0.3345	1.5976	1.5653	1.5376	0.2934
16:59:16	30.2	0.2565	1.6418	1.5325	1.3437	1.5264	1.5123	1.5422	1.5273	1.5291	1.5190	0.2624	0.2699	1.6546	1.5363	1.4609	0.2831	1.5426	0.2559	1.5302	1.5436	1.5271	0.2536	0.2578	1.5004	1.6749	0.8127	1.5500	1.5514	1.5621	0.2589	1.5431	1.5457	1.4984	1.5232	0.2661	1.4842	1.5165	0.2590	1.5460	1.5635	1.5383	0.2627	1.5312	1.5376	1.5227	1.3242	0.2610	1.6029	0.8157	1.5003	1.5772	1.5618	1.5506	0.2681	1.5937	0.2769	0.8171	1.5312	0.2649	1.4931	1.1324	1.6194	1.5632	1.5639	0.2590	0.2634	1.5439	0.2862	1.5677	1.5424	0.2691	1.4866	1.4958	1.5865	1.5595	1.5868	1.5442	0.2809	1.4248	0.2720	1.5397	1.5451	0.2757	1.3640	0.2988	1.5653	0.2961	1.5409	1.4280	1.6562	1.3527	0.3344	1.6021	1.5674	1.5344	0.2935
17:09:16	30.1	0.2563	1.6517	1.5389	1.3500	1.5306	1.5126	1.5375	1.5300	1.5773	1.5150	0.2625	0.2698	1.6587	1.5368	1.4728	0.2831	1.5398	0.2560	1.6004	1.5411	1.5255	0.2538	0.2578	1.4967	1.6779	0.8390	1.5495	1.5528	1.5972	0.2591	1.5344	1.5442	1.5476	1.5220	0.2659	1.4838	1.5132	0.2590	1.5472	1.5594	1.5429	0.2627	1.5300	1.5367	1.5272	1.3342	0.2608	1.5975	0.8517	1.5013	1.5779	1.5604	1.5493	0.2683	1.5777	0.2767	0.8419	1.5272	0.2647	1.4939	1.1564	1.6257	1.5655	1.5656	0.2590	0.2634	1.5441	0.2862	1.5656	1.5400	0.2690	1.4861	1.4939	1.5999	1.5572	1.5874	1.5414	0.2809	1.4287	0.2720	1.5395	1.5479	0.2756	1.3557	0.2989	1.5659	0.2962	1.5480	1.4357	1.6587	1.3549	0.3345	1.6125	1.5670	1.5334	0.2934
17:19:16	30.2	0.2566	1.6512	1.5375	1.3588	1.5338	1.5129	1.5433	1.5297	1.5415	1.5172	0.2624	0.2700	1.6587	1.5371	1.4694	0.2833	1.5422	0.2560	1.5776	1.5412	1.5231	0.2536	0.2578	1.4994	1.6830	0.8695	1.5502	1.5545	1.5596	0.2590	1.5512	1.5443	1.5700	1.5182	0.2660	1.4861	1.5150	0.2590	1.5478	1.5503	1.5416	0.2627	1.5324	1.5404	1.5261	1.3388	0.2610	1.6045	0.8752	1.5015	1.6203	1.5625	1.5499	0.2681	1.5652	0.2771	0.8640	1.5241	0.2650	1.4971	1.1770	1.6249	1.5690	1.5630	0.2589	0.2632	1.5423	0.2862	1.5713	1.5356	0.2691	1.4874	1.4955	1.5880	1.5554	1.5879	1.5459	0.2811	1.4347	0.2721	1.5447	1.5493	0.2756	1.3438	0.2991	1.5611	0.2963	1.5483	1.4437	1.6624	1.3599	0.3348	1.6114	1.5604	1.5337	0.2934
17:29:16	30.2	0.2564	1.6563	1.5313	1.3668	1.5379	1.5154	1.5435	1.5310	1.5538	1.5141	0.2626	0.2699	1.6640	1.5338	1.4700	0.2833	1.5395	0.2560	1.5407	1.5412	1.5218	0.2538	0.2579	1.4996	1.6865	0.8937	1.5476	1.5524	1.5737	0.2589	1.5329	1.5451	1.5681	1.5129	0.2660	1.4854	1.5118	0.2591	1.5441	1.5548	1.5404	0.2628	1.5292	1.5363	1.5236	1.3446	0.2610	1.6055	0.9008	1.5015	1.6253	1.5653	1.5475	0.2680	1.5860	0.2767	0.8919	1.5252	0.2648	1.4971	1.2012	1.6264	1.5623	1.5622	0.2590	0.2634	1.5414	0.2864	1.5719	1.5348	0.2693	1.4901	1.4977	1.5894	1.5553	1.5906	1.5444	0.2812	1.4400	0.2722	1.5430	1.5481	0.2757	1.3319	0.2991	1.5629	0.2964	1.5478	1.4510	1.6637	1.3736	0.3345	1.6157	1.5638	1.5346	0.2935
17:39:16	30.2	0.2563	1.6599	1.5316	1.3733	1.5342	1.5158	1.5479	1.5351	1.5877	1.5124	0.2624	0.2697	1.6659	1.5322	1.4727	0.2832	1.5387	0.2559	1.6188	1.5371	1.5193	0.2537	0.2578	1.5006	1.6882	0.9170	1.5458	1.5504	1.5937	0.2588	1.6067	1.5419	1.6025	1.5144	0.2659	1.4825	1.5135	0.2591	1.5454	1.5569	1.5405	0.2627	1.5263	1.5336	1.5183	1.3525	0.2608	1.6105	0.9244	1.5027	1.5807	1.5680	1.5492	0.2681	1.5816	0.2769	0.9161	1.5242	0.2647	1.4952	1.2190	1.6301	1.5615	1.5610	0.2588	0.2638	1.5431	0.2861	1.5678	1.5345	0.2690	1.4907	1.4998	1.5951	1.5554	1.5924	1.5440	0.2810	1.4451	0.2720	1.5434	1.5475	0.2756	1.3182	0.2990	1.5657	0.2963	1.5497	1.4576	1.6685	1.3760	0.3343	1.6264	1.5656	1.5342	0.2935
17:49:16	30.2	0.2564	1.6640	1.5338	1.3799	1.5408	1.5213	1.5467	1.5388	1.5575	1.5120	0.2624	0.2699	1.6691	1.5332	1.4799	0.2833	1.5373	0.2558	1.6040	1.5361	1.5176	0.2537	0.2579	1.5017	1.6904	0.9387	1.5480	1.5473	1.5739	0.2589	1.5374	1.5412	1.5291	1.5161	0.2660	1.4856	1.5155	0.2591	1.5445	1.5620	1.5392	0.2629	1.5255	1.5327	1.5196	1.3608	0.2610	1.6063	0.9493	1.5042	1.5853	1.6032	1.5494	0.2683	1.5957	0.2770	0.9420	1.5256	0.2650	1.4960	1.2424	1.6363	1.5566	1.5621	0.2590	0.2633	1.5458	0.2864	1.5612	1.5347	0.2692	1.4920	1.5006	1.6000	1.5570	1.5997	1.5445	0.2810	1.4474	0.2720	1.5432	1.5500	0.2756	1.3081	0.2990	1.5694	0.2963	1.5511	1.4639	1.6716	1.3813	0.3348	1.6236	1.5660	1.5323	0.2936
17:59:16	30.2	0.2564	1.6678	1.5349	1.3855	1.5420	1.5205	1.5436	1.5371	1.5646	1.5140	0.2626	0.2700	1.6695	1.5304	1.4846	0.2832	1.5371	0.2559	1.5914	1.5359	1.5180	0.2537	0.2579	1.5017	1.6888	0.9579	1.5460	1.5465	1.5900	0.2590	1.5807	1.5411	1.5313	1.5157	0.2657	1.4824	1.5194	0.2591	1.5444	1.5517	1.5382	0.2627	1.5271	1.5307	1.5202	1.3675	0.2610	1.6090	0.9723	1.5024	1.5873	1.5741	1.5461	0.2681	1.6037	0.2771	0.9726	1.5247	0.2648	1.4960	1.2580	1.6403	1.5597	1.5631	0.2589	0.2634	1.5463	0.2864	1.5645	1.5376	0.2690	1.4895	1.5004	1.6065	1.5578	1.6028	1.5437	0.2809	1.4513	0.2720	1.5414	1.5483	0.2757	1.2986	0.2990	1.5685	0.2964	1.5533	1.4679	1.6729	1.3979	0.3347	1.6279	1.5660	1.5322	0.2935
18:09:16	30.1	0.2564	1.6671	1.5364	1.3946	1.5409	1.5247	1.5429	1.5427	1.5725	1.5169	0.2623	0.2698	1.6709	1.5339	1.4794	0.2831	1.5372	0.2559	1.5631	1.5367	1.5195	0.2537	0.2579	1.5023	1.6887	0.9759	1.5453	1.5469	1.5854	0.2590	1.5554	1.5425	1.5404	1.5157	0.2657	1.4878	1.5176	0.2589	1.5438	1.5601	1.5387	0.2625	1.5267	1.5324	1.5209	1.3715	0.2609	1.6158	0.9911	1.5018	1.5916	1.6254	1.5491	0.2682	1.5978	0.2772	0.9962	1.5271	0.2648	1.4991	1.2764	1.6373	1.5589	1.5633	0.2588	0.2635	1.5478	0.2862	1.5597	1.5393	0.2691	1.4946	1.5043	1.6099	1.5595	1.5999	1.5437	0.2809	1.4571	0.2719	1.5432	1.5506	0.2756	1.2852	0.2989	1.5686	0.2963	1.5542	1.4736	1.6759	1.4039	0.3343	1.6330	1.5711	1.5346	0.2935
18:19:16	30.1	0.2564	1.6707	1.5382	1.4001	1.5451	1.5224	1.5423	1.5410	1.6026	1.5165	0.2624	0.2700	1.6722	1.5337	1.4845	0.2832	1.5391	0.2559	1.5568	1.5384	1.5199	0.2536	0.2577	1.5010	1.6910	0.9937	1.5486	1.5498	1.5909	0.2589	1.5481	1.5435	1.5459	1.5160	0.2659	1.4832	1.5203	0.2591	1.5447	1.5620	1.5381	0.2628	1.5276	1.5325	1.5212	1.3823	0.2608	1.6163	1.0118	1.5052	1.5955	1.5760	1.5497	0.2683	1.5992	0.2769	1.0181	1.5261	0.2648	1.4992	1.2910	1.6415	1.5611	1.5649	0.2588	0.2633	1.5476	0.2863	1.5611	1.5391	0.2691	1.4917	1.5059	1.5998	1.5600	1.6018	1.5447	0.2810	1.4564	0.2720	1.5422	1.5505	0.2755	1.2796	0.2991	1.5691	0.2963	1.5556	1.4793	1.6788	1.4102	0.3346	1.6332	1.5693	1.5333	0.2934
18:29:16	30.1	0.2565	1.6715	1.5384	1.4110	1.5470	1.5252	1.5415	1.5451	1.5795	1.5175	0.2623	0.2699	1.6754	1.5346	1.4850	0.2831	1.5387	0.2559	1.5623	1.5385	1.5216	0.2537	0.2579	1.5058	1.6905	1.0119	1.5502	1.5493	1.5832	0.2590	1.5547	1.5455	1.5475	1.5182	0.2658	1.4877	1.5206	0.2591	1.5444	1.5616	1.5383	0.2628	1.5290	1.5341	1.5228	1.3862	0.2610	1.6190	1.0409	1.5030	1.5993	1.5989	1.5501	0.2682	1.6147	0.2773	1.0448	1.5266	0.2650	1.5024	1.3059	1.6392	1.5599	1.5685	0.2590	0.2634	1.5476	0.2861	1.5633	1.5369	0.2691	1.4964	1.5062	1.6053	1.5606	1.6047	1.5470	0.2810	1.4626	0.2721	1.5445	1.5520	0.2756	1.2662	0.2992	1.5705	0.2963	1.5566	1.4862	1.6812	1.4165	0.3347	1.6364	1.5717	1.5349	0.2935
18:39:16	30.1	0.2564	1.6727	1.5380	1.4198	1.5494	1.5237	1.5429	1.5358	1.5838	1.5174	0.2624	0.2700	1.6684	1.5367	1.4899	0.2833	1.5395	0.2559	1.5795	1.5376	1.5231	0.2537	0.2579	1.5060	1.6894	1.0264	1.5485	1.5523	1.5930	0.2591	1.5878	1.5450	1.5543	1.5180	0.2660	1.4868	1.5241	0.2592	1.5458	1.5697	1.5381	0.2628	1.5289	1.5329	1.5232	1.3956	0.2611	1.6225	1.0626	1.5008	1.6008	1.5782	1.5497	0.2684	1.6040	0.2772	1.0627	1.5266	0.2650	1.4994	1.3160	1.6422	1.5615	1.5706	0.2588	0.2635	1.5493	0.2866	1.5622	1.5400	0.2691	1.4958	1.5079	1.6044	1.5622	1.6065	1.5460	0.2810	1.4678	0.2721	1.5451	1.5538	0.2759	1.2564	0.2991	1.5712	0.2964	1.5597	1.4928	1.6856	1.4429	0.3347	1.6364	1.5743	1.5358	0.2935
18:49:16	30.1	0.2564	1.6754	1.5401	1.4252	1.5457	1.5310	1.5440	1.5377	1.5801	1.5197	0.2626	0.2700	1.6717	1.5365	1.4891	0.2833	1.5415	0.2560	1.5886	1.5386	1.5257	0.2535	0.2578	1.5051	1.6904	1.0360	1.5516	1.5519	1.5912	0.2592	1.5754	1.5465	1.5562	1.5189	0.2660	1.4907	1.5229	0.2590	1.5485	1.5683	1.5408	0.2627	1.5316	1.5370	1.5223	1.3979	0.2611	1.6279	1.0817	1.5047	1.6048	1.6055	1.5533	0.2682	1.6020	0.2771	1.0821	1.5289	0.2649	1.5026	1.3267	1.6385	1.5611	1.5699	0.2589	0.2634	1.5500	0.2864	1.5646	1.5375	0.2692	1.4976	1.5050	1.6098	1.5617	1.6091	1.5474	0.2809	1.4666	0.2721	1.5453	1.5557	0.2756	1.2471	0.2990	1.5723	0.2961	1.5602	1.4957	1.6871	1.4491	0.3346	1.6380	1.5745	1.5381	0.2934
18:59:16	30.2	0.2566	1.6788	1.5402	1.4282	1.5432	1.5284	1.5426	1.5362	1.5880	1.5199	0.2625	0.2700	1.6738	1.5367	1.4929	0.2833	1.5415	0.2560	1.5662	1.5377	1.5251	0.2537	0.2580	1.5044	1.6933	1.0688	1.5522	1.5524	1.5937	0.2589	1.5594	1.5455	1.5499	1.5195	0.2660	1.4893	1.5248	0.2592	1.5460	1.5681	1.5384	0.2627	1.5308	1.5363	1.5231	1.4027	0.2610	1.6288	1.1058	1.5035	1.6055	1.5801	1.5548	0.2682	1.6170	0.2769	1.0999	1.5280	0.2649	1.5007	1.3320	1.6379	1.5628	1.5695	0.2589	0.2634	1.5496	0.2863	1.5639	1.5383	0.2692	1.4973	1.5096	1.6114	1.5632	1.6099	1.5477	0.2810	1.4703	0.2721	1.5474	1.5558	0.2758	1.2380	0.2990	1.5738	0.2963	1.5607	1.4994	1.6878	1.4569	0.3346	1.6435	1.5739	1.5373	0.2941
19:09:16	30.1	0.2565	1.6777	1.5386	1.4321	1.5435	1.5309	1.5410	1.5363	1.5922	1.5203	0.2625	0.2698	1.6724	1.5382	1.4931	0.2831	1.5410	0.2559	1.5797	1.5392	1.5240	0.2536	0.2579	1.5069	1.6907	1.0776	1.5502	1.5525	1.5981	0.2592	1.5712	1.5461	1.5538	1.5190	0.2659	1.4895	1.5241	0.2593	1.5474	1.5766	1.5380	0.2628	1.5303	1.5348	1.5225	1.4066	0.2612	1.6282	1.1204	1.5021	1.6105	1.6073	1.5516	0.2682	1.6140	0.2770	1.1150	1.5294	0.2651	1.5010	1.3447	1.6416	1.5626	1.5698	0.2589	0.2634	1.5519	0.2864	1.5641	1.5383	0.2693	1.4960	1.5093	1.6132	1.5631	1.6053	1.5492	0.2808	1.4722	0.2720	1.5468	1.5577	0.2756	1.2298	0.2991	1.5744	0.2962	1.5627	1.5026	1.6917	1.4715	0.3345	1.6427	1.5756	1.5392	0.2936
19:19:16	30.1	0.2563	1.6799	1.5402	1.4343	1.5424	1.5358	1.5447	1.5329	1.6163	1.5228	0.2625	0.2699	1.6745	1.5407	1.4982	0.2833	1.5415	0.2558	1.5705	1.5403	1.5257	0.2535	0.2579	1.5105	1.6920	1.0766	1.5521	1.5541	1.5975	0.2591	1.5651	1.5480	1.6036	1.5227	0.2660	1.4942	1.5252	0.2591	1.5476	1.5763	1.5395	0.2626	1.5323	1.5365	1.5260	1.4113	0.2610	1.6318	1.1441	1.5059	1.6716	1.5912	1.5528	0.2681	1.6050	0.2774	1.1299	1.5305	0.2650	1.5022	1.3482	1.6408	1.5644	1.5732	0.2588	0.2637	1.5520	0.2859	1.5673	1.5402	0.2691	1.4982	1.5101	1.6201	1.5657	1.6129	1.5507	0.2810	1.4697	0.2719	1.5485	1.5591	0.2757	1.2236	0.2991	1.5747	0.2964	1.5634	1.5046	1.6924	1.4779	0.3344	1.6399	1.5770	1.5394	0.2935
19:29:16	30.2	0.2566	1.6838	1.5401	1.4363	1.5433	1.5362	1.5432	1.5319	1.6217	1.5205	0.2625	0.2701	1.6749	1.5407	1.5017	0.2831	1.5418	0.2560	1.5720	1.5407	1.5243	0.2537	0.2580	1.5073	1.6903	1.0990	1.5527	1.5519	1.6092	0.2591	1.6402	1.5478	1.5588	1.5222	0.2662	1.4932	1.5266	0.2590	1.5465	1.5747	1.5396	0.2628	1.5334	1.5372	1.5267	1.4142	0.2611	1.6302	1.1603	1.5056	1.6096	1.5923	1.5527	0.2682	1.6005	0.2772	1.1434	1.5288	0.2651	1.5015	1.3600	1.6446	1.5647	1.5728	0.2590	0.2634	1.5533	0.2861	1.5674	1.5398	0.2694	1.4949	1.5086	1.6245	1.5668	1.6114	1.5510	0.2811	1.4695	0.2721	1.5486	1.5590	0.2757	1.2152	0.2991	1.5770	0.2963	1.5657	1.5071	1.6909	1.4750	0.3346	1.6433	1.5768	1.5390	0.2937
19:39:16	30.2	0.2565	1.6868	1.5413	1.4347	1.5425	1.5385	1.5436	1.5312	1.6220	1.5226	0.2625	0.2700	1.6797	1.5404	1.5033	0.2833	1.5415	0.2560	1.5911	1.5418	1.5233	0.2537	0.2580	1.5089	1.6976	1.1104	1.5534	1.5514	1.5916	0.2592	1.5766	1.5492	1.5654	1.5233	0.2659	1.4926	1.5285	0.2592	1.5480	1.5811	1.5415	0.2629	1.5365	1.5381	1.5273	1.4162	0.2610	1.6332	1.1792	1.5059	1.6615	1.5944	1.5549	0.2684	1.6162	0.2771	1.1584	1.5318	0.2650	1.5022	1.3667	1.6428	1.5673	1.5757	0.2589	0.2635	1.5572	0.2863	1.5682	1.5423	0.2693	1.4955	1.5129	1.6290	1.5675	1.6180	1.5531	0.2811	1.4682	0.2721	1.5487	1.5609	0.2759	1.2117	0.2992	1.5767	0.2964	1.5658	1.5074	1.6862	1.4765	0.3347	1.6478	1.5786	1.5422	0.2935
19:49:16	30.1	0.2565	1.6862	1.5430	1.4382	1.5428	1.5337	1.5446	1.5319	1.5943	1.5225	0.2626	0.2700	1.6786	1.5410	1.5050	0.2833	1.5444	0.2559	1.5858	1.5415	1.5264	0.2536	0.2579	1.5102	1.6970	1.1249	1.5544	1.5529	1.6008	0.2590	1.5686	1.5512	1.5619	1.5242	0.2659	1.4941	1.5303	0.2591	1.5488	1.5816	1.5422	0.2627	1.5373	1.5381	1.5271	1.4175	0.2610	1.6325	1.1871	1.5078	1.6210	1.6288	1.5571	0.2683	1.6244	0.2771	1.1735	1.5336	0.2649	1.5030	1.3762	1.6434	1.5677	1.5775	0.2589	0.2633	1.5561	0.2862	1.5684	1.5429	0.2693	1.4971	1.5145	1.6130	1.5683	1.6174	1.5555	0.2809	1.4643	0.2720	1.5497	1.5629	0.2757	1.2074	0.2991	1.5788	0.2963	1.5657	1.5092	1.6918	1.4802	0.3346	1.6505	1.5817	1.5455	0.2935
19:59:16	30.2	0.2565	1.6879	1.5449	1.4402	1.5442	1.5380	1.5445	1.5303	1.6106	1.5244	0.2625	0.2701	1.6782	1.5451	1.5045	0.2833	1.5452	0.2562	1.5667	1.5436	1.5274	0.2538	0.2579	1.5101	1.6981	1.1353	1.5548	1.5553	1.6636	0.2590	1.6137	1.5527	1.5808	1.5257	0.2662	1.4946	1.5313	0.2591	1.5504	1.5881	1.5448	0.2628	1.5383	1.5387	1.5291	1.4189	0.2610	1.6349	1.1990	1.5091	1.6144	1.6004	1.5572	0.2681	1.5964	0.2770	1.1876	1.5338	0.2649	1.5025	1.3833	1.6435	1.5675	1.5778	0.2590	0.2633	1.5600	0.2865	1.5691	1.5434	0.2693	1.4976	1.5143	1.6136	1.5701	1.6226	1.5559	0.2811	1.4624	0.2722	1.5517	1.5661	0.2758	1.2028	0.2991	1.5770	0.2965	1.5666	1.5104	1.6937	1.4962	0.3345	1.6494	1.5817	1.5454	0.2936
20:09:16	30.2	0.2566	1.6895	1.5452	1.4420	1.5445	1.5348	1.5424	1.5327	1.6223	1.5255	0.2627	0.2701	1.6787	1.5442	1.5047	0.2835	1.5435	0.2559	1.5725	1.5437	1.5242	0.2537	0.2581	1.5109	1.6979	1.1436	1.5536	1.5556	1.6003	0.2594	1.5745	1.5537	1.5798	1.5269	0.2661	1.4936	1.5334	0.2592	1.5503	1.5882	1.5450	0.2628	1.5385	1.5406	1.5302	1.4221	0.2611	1.6357	1.2130	1.5107	1.6166	1.6354	1.5557	0.2683	1.6071	0.2772	1.2021	1.5346	0.2652	1.5014	1.3973	1.6430	1.5702	1.5783	0.2590	0.2636	1.5596	0.2864	1.5716	1.5425	0.2692	1.4977	1.5178	1.6178	1.5693	1.6154	1.5569	0.2809	1.4620	0.2721	1.5520	1.5635	0.2758	1.1956	0.2991	1.5801	0.2965	1.5658	1.5119	1.6952	1.5044	0.3345	1.6465	1.5803	1.5462	0.2934
20:19:16	30.1	0.2564	1.6902	1.5458	1.4429	1.5466	1.5327	1.5446	1.5344	1.6129	1.5261	0.2625	0.2702	1.6775	1.5478	1.5054	0.2834	1.5432	0.2563	1.5749	1.5446	1.5287	0.2537	0.2580	1.5116	1.7004	1.1626	1.5548	1.5547	1.5996	0.2591	1.5913	1.5544	1.5627	1.5293	0.2661	1.4986	1.5333	0.2592	1.5519	1.5913	1.5478	0.2628	1.5397	1.5426	1.5310	1.4242	0.2613	1.6353	1.2249	1.5113	1.6161	1.6152	1.5576	0.2684	1.5985	0.2772	1.2175	1.5381	0.2651	1.5038	1.4026	1.6423	1.5717	1.5797	0.2590	0.2637	1.5614	0.2863	1.5724	1.5440	0.2692	1.5019	1.5180	1.6171	1.5694	1.6211	1.5581	0.2812	1.4620	0.2722	1.5537	1.5696	0.2761	1.1906	0.2992	1.5803	0.2963	1.5697	1.5133	1.6990	1.5092	0.3346	1.6491	1.5828	1.5487	0.2938
20:29:16	30.2	0.2566	1.6857	1.5466	1.4441	1.5472	1.5353	1.5461	1.5336	1.6110	1.5275	0.2626	0.2702	1.6787	1.5475	1.5108	0.2833	1.5468	0.2561	1.5818	1.5441	1.5289	0.2539	0.2580	1.5109	1.6979	1.1703	1.5552	1.5544	1.6233	0.2592	1.5853	1.5555	1.5750	1.5289	0.2664	1.4987	1.5333	0.2592	1.5514	1.5888	1.5470	0.2629	1.5410	1.5413	1.5311	1.4307	0.2611	1.6345	1.2435	1.5108	1.6664	1.6036	1.5561	0.2683	1.6178	0.2772	1.2302	1.5369	0.2650	1.5028	1.4096	1.6429	1.5718	1.5801	0.2590	0.2636	1.5611	0.2865	1.5713	1.5455	0.2694	1.5012	1.5189	1.6153	1.5705	1.6195	1.5586	0.2812	1.4625	0.2721	1.5526	1.5698	0.2760	1.1865	0.2992	1.5835	0.2966	1.5715	1.5161	1.6964	1.5162	0.3349	1.6507	1.5833	1.5486	0.2935
20:39:16	30.2	0.2565	1.6850	1.5473	1.4433	1.5464	1.5327	1.5460	1.5345	1.6100	1.5280	0.2626	0.2701	1.6791	1.5498	1.5100	0.2833	1.5474	0.2561	1.5858	1.5448	1.5306	0.2535	0.2580	1.5129	1.7012	1.1836	1.5565	1.5534	1.5992	0.2591	1.6167	1.5545	1.5773	1.5315	0.2662	1.4954	1.5324	0.2591	1.5542	1.5943	1.5481	0.2628	1.5417	1.5431	1.5316	1.4313	0.2610	1.6349	1.2566	1.5119	1.6342	1.6083	1.5580	0.2683	1.6063	0.2771	1.2458	1.5381	0.2651	1.5032	1.4137	1.6474	1.5719	1.5822	0.2589	0.2638	1.5633	0.2861	1.5730	1.5488	0.2693	1.5027	1.5206	1.6198	1.5713	1.6239	1.5586	0.2812	1.4619	0.2720	1.5549	1.5644	0.2760	1.1803	0.2992	1.5847	0.2964	1.5735	1.5148	1.6962	1.5169	0.3347	1.6521	1.5835	1.5497	0.2933
20:49:16	30.2	0.2567	1.6798	1.5475	1.4450	1.5480	1.5337	1.5466	1.5344	1.6102	1.5288	0.2626	0.2702	1.6813	1.5498	1.5111	0.2833	1.5494	0.2560	1.5842	1.5452	1.5309	0.2538	0.2580	1.5106	1.7013	1.1931	1.5576	1.5545	1.5965	0.2591	1.5805	1.5546	1.5707	1.5317	0.2663	1.4921	1.5361	0.2592	1.5545	1.5936	1.5487	0.2628	1.5410	1.5430	1.5342	1.4340	0.2611	1.6338	1.2621	1.5113	1.6202	1.6087	1.5568	0.2685	1.6143	0.2771	1.2579	1.5401	0.2650	1.5014	1.4247	1.6466	1.5720	1.5819	0.2591	0.2634	1.5629	0.2865	1.5740	1.5482	0.2695	1.5032	1.5211	1.6416	1.5714	1.6261	1.5588	0.2811	1.4630	0.2720	1.5517	1.5639	0.2759	1.1780	0.2991	1.5874	0.2963	1.5733	1.5158	1.6961	1.5161	0.3348	1.6542	1.5823	1.5479	0.2939
20:59:16	30.2	0.2566	1.6783	1.5487	1.4461	1.5477	1.5351	1.5495	1.5324	1.6145	1.5306	0.2626	0.2702	1.6769	1.5512	1.5115	0.2835	1.5507	0.2562	1.6586	1.5463	1.5340	0.2538	0.2582	1.5118	1.6996	1.2016	1.5583	1.5547	1.6083	0.2590	1.5867	1.5561	1.5736	1.5332	0.2663	1.4931	1.5354	0.2592	1.5560	1.5963	1.5504	0.2630	1.5417	1.5434	1.5336	1.4387	0.2612	1.6338	1.2722	1.5100	1.6184	1.6283	1.5593	0.2682	1.6074	0.2772	1.2715	1.5432	0.2651	1.5013	1.4319	1.6481	1.5742	1.5827	0.2591	0.2637	1.5638	0.2865	1.5753	1.5513	0.2695	1.5038	1.5207	1.6176	1.5715	1.6140	1.5606	0.2811	1.4627	0.2722	1.5549	1.5674	0.2757	1.1754	0.2992	1.5849	0.2965	1.5735	1.5168	1.6972	1.5309	0.3347	1.6550	1.5839	1.5490	0.2938
21:09:16	30.2	0.2565	1.6764	1.5496	1.4490	1.5485	1.5374	1.5489	1.5332	1.6148	1.5297	0.2625	0.2702	1.6736	1.5504	1.5130	0.2833	1.5524	0.2560	1.5874	1.5473	1.5347	0.2539	0.2579	1.5130	1.6980	1.2190	1.5597	1.5562	1.6005	0.2590	1.5971	1.5561	1.5745	1.5340	0.2661	1.4971	1.5359	0.2591	1.5550	1.6019	1.5514	0.2627	1.5424	1.5433	1.5340	1.4413	0.2610	1.6342	1.2850	1.5118	1.6470	1.6071	1.5594	0.2682	1.6161	0.2771	1.2861	1.5419	0.2649	1.5005	1.4366	1.6451	1.5743	1.5852	0.2590	0.2636	1.5659	0.2861	1.5760	1.5494	0.2693	1.5025	1.5210	1.6185	1.5738	1.6224	1.5596	0.2810	1.4651	0.2721	1.5560	1.5703	0.2759	1.1707	0.2991	1.5866	0.2964	1.5753	1.5159	1.6951	1.5446	0.3344	1.6548	1.5862	1.5508	0.2935
21:19:16	30.2	0.2566	1.6756	1.5501	1.4484	1.5498	1.5353	1.5486	1.5318	1.6149	1.5309	0.2626	0.2702	1.6697	1.5497	1.5136	0.2835	1.5531	0.2560	1.5887	1.5487	1.5364	0.2538	0.2581	1.5140	1.6968	1.2302	1.5600	1.5565	1.6027	0.2592	1.5847	1.5568	1.5713	1.5361	0.2663	1.4972	1.5369	0.2593	1.5571	1.6025	1.5516	0.2628	1.5416	1.5435	1.5349	1.4433	0.2611	1.6345	1.2956	1.5123	1.6258	1.6068	1.5604	0.2683	1.6388	0.2772	1.2964	1.5435	0.2651	1.4999	1.4460	1.6446	1.5745	1.5854	0.2590	0.2636	1.5662	0.2864	1.5770	1.5502	0.2693	1.5023	1.5225	1.6192	1.5750	1.6233	1.5601	0.2811	1.4676	0.2722	1.5561	1.5708	0.2759	1.1684	0.2993	1.5861	0.2964	1.5773	1.5163	1.6953	1.5363	0.3345	1.6541	1.5871	1.5519	0.2940
21:29:16	30.1	0.2565	1.6748	1.5511	1.4499	1.5476	1.5329	1.5489	1.5318	1.6217	1.5322	0.2626	0.2702	1.6648	1.5498	1.5182	0.2834	1.5539	0.2561	1.6240	1.5480	1.5333	0.2538	0.2581	1.5102	1.6920	1.2431	1.5614	1.5567	1.6066	0.2591	1.5756	1.5594	1.5815	1.5358	0.2664	1.4958	1.5384	0.2592	1.5564	1.5926	1.5531	0.2628	1.5426	1.5463	1.5365	1.4478	0.2611	1.6330	1.3101	1.5109	1.6235	1.6382	1.5585	0.2681	1.6117	0.2773	1.3054	1.5427	0.2652	1.5004	1.4496	1.6444	1.5750	1.5859	0.2591	0.2634	1.5645	0.2865	1.5769	1.5500	0.2693	1.5047	1.5231	1.6292	1.5762	1.6213	1.5613	0.2811	1.4667	0.2721	1.5559	1.5710	0.2758	1.1654	0.2992	1.5899	0.2963	1.5767	1.5173	1.6946	1.5387	0.3347	1.6527	1.5876	1.5525	0.2936
21:39:16	30.2	0.2565	1.6745	1.5508	1.4504	1.5456	1.5288	1.5496	1.5310	1.6164	1.5337	0.2624	0.2701	1.6635	1.5504	1.5214	0.2833	1.5536	0.2561	1.6124	1.5479	1.5332	0.2535	0.2579	1.5093	1.6887	1.2544	1.5616	1.5561	1.6311	0.2590	1.5896	1.5556	1.5751	1.5348	0.2662	1.4931	1.5378	0.2590	1.5561	1.6041	1.5535	0.2629	1.5423	1.5475	1.5330	1.4503	0.2610	1.6335	1.3171	1.5084	1.6222	1.6211	1.5583	0.2682	1.6022	0.2772	1.3168	1.5383	0.2650	1.4987	1.4563	1.6525	1.5754	1.5862	0.2590	0.2634	1.5642	0.2864	1.5788	1.5439	0.2692	1.5027	1.5255	1.6261	1.5762	1.6233	1.5614	0.2810	1.4682	0.2721	1.5576	1.5679	0.2758	1.1626	0.2991	1.5899	0.2962	1.5783	1.5185	1.6931	1.5629	0.3347	1.6524	1.5858	1.5488	0.2935
21:49:16	30.2	0.2564	1.6732	1.5521	1.4517	1.5495	1.5298	1.5518	1.5313	1.5954	1.5353	0.2625	0.2701	1.6631	1.5529	1.5216	0.2834	1.5555	0.2560	1.5852	1.5505	1.5358	0.2536	0.2580	1.5106	1.6838	1.2643	1.5625	1.5578	1.6054	0.2590	1.5839	1.5570	1.5816	1.5361	0.2661	1.4958	1.5375	0.2592	1.5576	1.6044	1.5546	0.2628	1.5447	1.5473	1.5333	1.4525	0.2610	1.6320	1.3276	1.5074	1.6362	1.6083	1.5595	0.2681	1.6236	0.2771	1.3289	1.5396	0.2651	1.4988	1.4662	1.6487	1.5746	1.5874	0.2590	0.2634	1.5666	0.2863	1.5802	1.5472	0.2692	1.5043	1.5257	1.6241	1.5777	1.6249	1.5627	0.2811	1.4705	0.2721	1.5566	1.5691	0.2759	1.1612	0.2991	1.5887	0.2962	1.5791	1.5191	1.6936	1.5539	0.3349	1.6524	1.5874	1.5550	0.2935
21:59:16	30.2	0.2565	1.6724	1.5524	1.4546	1.5490	1.5332	1.5538	1.5298	1.6193	1.5362	0.2626	0.2702	1.6599	1.5520	1.5188	0.2834	1.5531	0.2561	1.5877	1.5510	1.5374	0.2538	0.2580	1.5128	1.6813	1.2720	1.5640	1.5576	1.6037	0.2591	1.5880	1.5577	1.5723	1.5389	0.2663	1.4936	1.5350	0.2591	1.5580	1.6039	1.5543	0.2632	1.5460	1.5480	1.5336	1.4514	0.2611	1.6326	1.3293	1.5079	1.6264	1.6204	1.5608	0.2682	1.6078	0.2772	1.3437	1.5441	0.2651	1.5000	1.4736	1.6432	1.5755	1.5896	0.2592	0.2636	1.5704	0.2866	1.5822	1.5513	0.2691	1.5072	1.5267	1.6210	1.5775	1.6273	1.5639	0.2813	1.4714	0.2722	1.5589	1.5748	0.2758	1.1550	0.2993	1.5898	0.2964	1.5777	1.5183	1.6932	1.5605	0.3347	1.6530	1.5891	1.5558	0.2936
22:09:16	30.2	0.2565	1.6716	1.5548	1.4591	1.5521	1.5359	1.5527	1.5320	1.5981	1.5377	0.2625	0.2702	1.6587	1.5539	1.5222	0.2833	1.5571	0.2562	1.6140	1.5517	1.5395	0.2535	0.2580	1.5123	1.6771	1.2764	1.5647	1.5609	1.6155	0.2591	1.5834	1.5597	1.5718	1.5376	0.2662	1.4961	1.5380	0.2590	1.5564	1.6033	1.5563	0.2629	1.5472	1.5495	1.5384	1.4538	0.2610	1.6322	1.3434	1.5083	1.6166	1.6716	1.5601	0.2682	1.6256	0.2773	1.3529	1.5459	0.2650	1.4992	1.4740	1.6444	1.5777	1.5877	0.2591	0.2635	1.5724	0.2864	1.5814	1.5533	0.2692	1.5063	1.5257	1.6228	1.5809	1.6188	1.5650	0.2810	1.4721	0.2722	1.5613	1.5751	0.2759	1.1563	0.2993	1.5910	0.2963	1.5795	1.5160	1.6935	1.5611	0.3348	1.6530	1.5911	1.5532	0.2936
22:19:16	30.2	0.2563	1.6715	1.5558	1.4601	1.5529	1.5344	1.5532	1.5325	1.5978	1.5372	0.2623	0.2702	1.6570	1.5561	1.5203	0.2832	1.5593	0.2561	1.6038	1.5519	1.5393	0.2536	0.2579	1.5134	1.6760	1.2889	1.5662	1.5630	1.6309	0.2590	1.5938	1.5592	1.5812	1.5386	0.2662	1.4954	1.5404	0.2591	1.5584	1.6048	1.5569	0.2629	1.5479	1.5496	1.5355	1.4562	0.2609	1.6323	1.3471	1.5095	1.6666	1.6081	1.5615	0.2683	1.6115	0.2772	1.3640	1.5418	0.2650	1.4973	1.4815	1.6432	1.5782	1.5885	0.2590	0.2634	1.5689	0.2861	1.5809	1.5492	0.2691	1.5046	1.5252	1.6151	1.5804	1.6261	1.5652	0.2810	1.4759	0.2721	1.5594	1.5750	0.2757	1.1541	0.2991	1.5918	0.2961	1.5815	1.5172	1.6929	1.5692	0.3345	1.6515	1.5923	1.5522	0.2934
22:29:16	30.2	0.2565	1.6715	1.5557	1.4647	1.5521	1.5358	1.5531	1.5319	1.5977	1.5387	0.2625	0.2702	1.6549	1.5547	1.5224	0.2833	1.5581	0.2561	1.6004	1.5523	1.5403	0.2537	0.2581	1.5098	1.6756	1.2976	1.5676	1.5615	1.6072	0.2591	1.6051	1.5599	1.5986	1.5378	0.2664	1.4934	1.5388	0.2590	1.5587	1.6022	1.5578	0.2629	1.5479	1.5490	1.5356	1.4591	0.2610	1.6312	1.3590	1.5076	1.6373	1.6118	1.5608	0.2683	1.6078	0.2773	1.3729	1.5410	0.2652	1.4964	1.4850	1.6392	1.5784	1.5897	0.2590	0.2636	1.5710	0.2863	1.5821	1.5511	0.2693	1.5031	1.5273	1.6247	1.5835	1.6224	1.5647	0.2810	1.4781	0.2722	1.5601	1.5742	0.2758	1.1529	0.2992	1.5937	0.2964	1.5830	1.5173	1.6930	1.5735	0.3349	1.6517	1.5902	1.5522	0.2936
22:39:16	30.2	0.2565	1.6701	1.5572	1.4663	1.5539	1.5394	1.5556	1.5313	1.5939	1.5398	0.2624	0.2702	1.6534	1.5550	1.5237	0.2835	1.5571	0.2562	1.6170	1.5533	1.5405	0.2537	0.2582	1.5127	1.6727	1.3062	1.5687	1.5627	1.6097	0.2590	1.6350	1.5601	1.5814	1.5416	0.2664	1.4940	1.5384	0.2591	1.5596	1.6039	1.5576	0.2629	1.5478	1.5520	1.5369	1.4598	0.2612	1.6314	1.3660	1.5069	1.6098	1.6051	1.5632	0.2682	1.6168	0.2773	1.3820	1.5459	0.2651	1.4980	1.4895	1.6423	1.5787	1.5900	0.2590	0.2637	1.5718	0.2866	1.5832	1.5559	0.2693	1.5022	1.5278	1.6317	1.5826	1.6289	1.5674	0.2811	1.4789	0.2721	1.5618	1.5756	0.2759	1.1527	0.2993	1.5935	0.2963	1.5830	1.5163	1.6915	1.5778	0.3352	1.6506	1.5892	1.5517	0.2936
22:49:16	30.1	0.2565	1.6693	1.5564	1.4671	1.5552	1.5392	1.5578	1.5325	1.5914	1.5391	0.2623	0.2702	1.6518	1.5542	1.5240	0.2831	1.5585	0.2560	1.5968	1.5539	1.5410	0.2538	0.2580	1.5121	1.6712	1.3175	1.5689	1.5631	1.6011	0.2590	1.5990	1.5585	1.5681	1.5403	0.2663	1.4945	1.5392	0.2590	1.5592	1.6126	1.5588	0.2630	1.5496	1.5543	1.5359	1.4608	0.2610	1.6305	1.3727	1.5047	1.6456	1.6016	1.5628	0.2683	1.6085	0.2772	1.3918	1.5457	0.2649	1.4976	1.4940	1.6467	1.5788	1.5911	0.2590	0.2635	1.5719	0.2867	1.5842	1.5561	0.2691	1.4995	1.5283	1.6213	1.5830	1.6293	1.5662	0.2812	1.4816	0.2721	1.5602	1.5786	0.2758	1.1513	0.2992	1.5937	0.2961	1.5836	1.5171	1.6922	1.5841	0.3348	1.6512	1.5877	1.5520	0.2937
22:59:16	30.2	0.2566	1.6667	1.5593	1.4664	1.5570	1.5404	1.5574	1.5339	1.5885	1.5406	0.2624	0.2702	1.6495	1.5581	1.5290	0.2831	1.5625	0.2560	1.5912	1.5566	1.5428	0.2535	0.2580	1.5118	1.6687	1.3251	1.5693	1.5666	1.6163	0.2589	1.5889	1.5594	1.5707	1.5408	0.2661	1.4983	1.5413	0.2591	1.5618	1.6114	1.5604	0.2628	1.5500	1.5575	1.5378	1.4641	0.2611	1.6291	1.3852	1.5051	1.6218	1.6135	1.5641	0.2681	1.6094	0.2772	1.3986	1.5478	0.2651	1.5007	1.4922	1.6494	1.5792	1.5910	0.2589	0.2636	1.5726	0.2864	1.5827	1.5605	0.2691	1.5013	1.5281	1.6197	1.5857	1.6227	1.5691	0.2810	1.4815	0.2721	1.5622	1.5783	0.2757	1.1503	0.2992	1.5962	0.2964	1.5854	1.5170	1.6894	1.5898	0.3346	1.6503	1.5904	1.5526	0.2935
23:09:16	30.2	0.2565	1.6679	1.5560	1.4703	1.5560	1.5362	1.5569	1.5330	1.5878	1.5394	0.2625	0.2703	1.6483	1.5563	1.5283	0.2833	1.5603	0.2561	1.5882	1.5543	1.5424	0.2537	0.2580	1.5142	1.6673	1.3328	1.5701	1.5623	1.6241	0.2590	1.5902	1.5583	1.5607	1.5378	0.2664	1.4934	1.5414	0.2593	1.5597	1.6107	1.5595	0.2629	1.5495	1.5554	1.5346	1.4629	0.2611	1.6288	1.3861	1.5065	1.6146	1.6244	1.5624	0.2685	1.6387	0.2774	1.4073	1.5459	0.2651	1.5010	1.5000	1.6503	1.5789	1.5917	0.2591	0.2634	1.5735	0.2866	1.5848	1.5570	0.2694	1.4984	1.5288	1.6160	1.5839	1.6206	1.5669	0.2811	1.4809	0.2721	1.5622	1.5803	0.2759	1.1500	0.2992	1.5972	0.2963	1.5845	1.5168	1.6905	1.5921	0.3346	1.6494	1.5854	1.5548	0.2935
23:19:16	30.2	0.2563	1.6667	1.5561	1.4715	1.5574	1.5379	1.5586	1.5333	1.5877	1.5403	0.2622	0.2702	1.6477	1.5557	1.5288	0.2835	1.5595	0.2560	1.5892	1.5571	1.5432	0.2534	0.2579	1.5123	1.6668	1.3402	1.5684	1.5653	1.6295	0.2590	1.5857	1.5614	1.5858	1.5388	0.2662	1.4959	1.5409	0.2589	1.5609	1.6168	1.5598	0.2629	1.5532	1.5521	1.5346	1.4638	0.2610	1.6280	1.3914	1.5104	1.6088	1.6002	1.5622	0.2682	1.6050	0.2770	1.4135	1.5506	0.2650	1.5031	1.5049	1.6463	1.5806	1.5911	0.2589	0.2635	1.5766	0.2861	1.5850	1.5576	0.2692	1.5039	1.5298	1.6159	1.5856	1.6185	1.5699	0.2811	1.4801	0.2721	1.5649	1.5799	0.2757	1.1507	0.2993	1.5983	0.2961	1.5844	1.5144	1.6890	1.5935	0.3348	1.6496	1.5933	1.5561	0.2935
