

Software Version	3.14.03



Experiment File Path:	C:\Users\Public\Documents\Experiments\Hermina\serial_passage\8July24\day3--8July24.xpt
Protocol File Path:	C:\Users\Public\Documents\Protocols\rough_growth_curve.prt



Plate Number	Plate 1
Date	10/07/2024
Time	13:23:04
Reader Type:	Epoch 2
Reader Serial Number:	23053024
Reading Type	Reader

Procedure Details

Plate Type	96 WELL PLATE (Use plate lid)
Well Selection	Runtime
Eject plate on completion	
Set Temperature	Setpoint 30°C, Gradient 1 °C
	Preheat before moving to next step
Read	OD 600
	Absorbance Endpoint
	Full Plate
	Wavelengths:  600
	Read Speed: Normal,  Delay: 100 msec,  Measurements/Data Point: 8
Start Kinetic	Runtime 24:00:00 (HH:MM:SS), Interval 0:10:00, 145 Reads
    Shake	Double Orbital: Continuous
	Frequency: 205 cpm (5 mm)
    Read	Absorbance Endpoint
	Full Plate
	Wavelengths:  600
	Read Speed: Normal,  Delay: 100 msec,  Measurements/Data Point: 8
End Kinetic	

OD 600:600

0:09:16	30.1	0.2520	0.2675	0.3017	0.2808	0.2852	0.2598	0.2935	0.2724	0.2624	0.2650	0.2630	0.2623	0.2616	0.2590	0.2968	0.2700	0.2757	0.2536	0.2803	0.2645	0.2602	0.2445	0.2542	0.2867	0.2652	0.9081	0.2730	0.7283	0.2671	0.2619	0.2792	0.2681	0.2757	0.2642	0.2692	0.2779	0.2769	0.2787	0.2710	0.2810	0.2717	0.2568	0.2816	0.2809	0.2734	0.2668	0.2607	0.2802	0.2760	0.2772	0.2597	0.2673	0.2674	0.2604	0.2876	0.2563	0.2821	0.2722	0.2586	0.2747	0.2889	0.2614	0.2658	0.2683	0.2544	0.2473	0.2802	0.2515	0.2612	0.2687	0.2574	0.2773	0.2724	0.2613	0.2483	0.2632	0.2629	0.2544	0.2843	0.2648	0.2594	0.2761	0.2637	0.3078	0.2649	0.2847	0.2640	0.3092	0.3145	0.3142	0.2896	0.2913	0.3045	0.2936	0.2876	0.2751
0:19:16	30.1	0.2502	0.2681	0.3016	0.2808	0.2849	0.2601	0.2926	0.2722	0.2625	0.2648	0.2630	0.2622	0.2616	0.2584	0.2979	0.2717	0.2754	0.2535	0.2808	0.2630	0.2595	0.2444	0.2543	0.2868	0.2652	0.8951	0.2679	0.6985	0.2673	0.2621	0.2795	0.2659	0.2724	0.2644	0.2694	0.2760	0.2760	0.2805	0.2685	0.2816	0.2697	0.2566	0.2755	0.2753	0.2667	0.2670	0.2607	0.2793	0.2769	0.2771	0.2604	0.2662	0.2647	0.2608	0.2898	0.2561	0.2815	0.2699	0.2586	0.2737	0.2895	0.2614	0.2667	0.2685	0.2544	0.2474	0.2790	0.2512	0.2611	0.2679	0.2575	0.2748	0.2710	0.2614	0.2473	0.2635	0.2621	0.2546	0.2845	0.2645	0.2590	0.2762	0.2637	0.3090	0.2649	0.2825	0.2638	0.3076	0.3141	0.3141	0.2900	0.2913	0.3043	0.2914	0.2859	0.2757
0:29:16	30.2	0.2515	0.2687	0.3023	0.2809	0.2856	0.2607	0.2937	0.2725	0.2626	0.2656	0.2631	0.2622	0.2614	0.2591	0.2987	0.2721	0.2749	0.2536	0.2822	0.2633	0.2598	0.2445	0.2541	0.2869	0.2659	0.9423	0.2714	0.6579	0.2682	0.2619	0.2803	0.2665	0.2728	0.2647	0.2692	0.2760	0.2750	0.2811	0.2688	0.2820	0.2682	0.2565	0.2767	0.2756	0.2677	0.2673	0.2606	0.2799	0.2788	0.2763	0.2598	0.2652	0.2637	0.2605	0.2886	0.2559	0.2822	0.2700	0.2586	0.2749	0.2906	0.2614	0.2659	0.2685	0.2542	0.2472	0.2786	0.2510	0.2619	0.2677	0.2572	0.2745	0.2708	0.2617	0.2473	0.2642	0.2622	0.2546	0.2861	0.2643	0.2587	0.2769	0.2635	0.3103	0.2649	0.2825	0.2635	0.3063	0.3147	0.3151	0.2912	0.2912	0.3050	0.2917	0.2861	0.2757
0:39:16	30.2	0.2523	0.2696	0.3053	0.2821	0.2878	0.2601	0.2965	0.2733	0.2628	0.2661	0.2631	0.2623	0.2617	0.2608	0.3006	0.2715	0.2756	0.2534	0.2836	0.2631	0.2601	0.2445	0.2542	0.2881	0.2666	0.8818	0.2718	0.6445	0.2695	0.2618	0.2823	0.2663	0.2732	0.2646	0.2690	0.2779	0.2751	0.2830	0.2680	0.2848	0.2709	0.2563	0.2779	0.2758	0.2689	0.2677	0.2604	0.2808	0.2804	0.2761	0.2601	0.2653	0.2655	0.2604	0.2903	0.2556	0.2836	0.2711	0.2585	0.2744	0.2921	0.2611	0.2666	0.2686	0.2543	0.2471	0.2790	0.2508	0.2625	0.2677	0.2575	0.2769	0.2712	0.2620	0.2472	0.2651	0.2625	0.2544	0.2877	0.2642	0.2590	0.2782	0.2634	0.3122	0.2648	0.2850	0.2634	0.3077	0.3161	0.3175	0.2927	0.2912	0.3065	0.2947	0.2865	0.2756
0:49:16	30.2	0.2514	0.2715	0.3076	0.2840	0.2898	0.2616	0.2998	0.2745	0.2641	0.2679	0.2632	0.2624	0.2630	0.2603	0.3034	0.2726	0.2770	0.2533	0.2863	0.2638	0.2608	0.2445	0.2541	0.2896	0.2687	0.9016	0.2728	0.6409	0.2714	0.2617	0.2846	0.2677	0.2742	0.2655	0.2690	0.2805	0.2750	0.2849	0.2698	0.2863	0.2721	0.2564	0.2801	0.2783	0.2701	0.2680	0.2604	0.2824	0.2839	0.2772	0.2608	0.2675	0.2670	0.2603	0.2929	0.2556	0.2851	0.2719	0.2583	0.2762	0.2940	0.2615	0.2670	0.2691	0.2542	0.2472	0.2810	0.2507	0.2630	0.2686	0.2573	0.2801	0.2715	0.2632	0.2482	0.2664	0.2625	0.2544	0.2905	0.2641	0.2593	0.2798	0.2635	0.3144	0.2649	0.2873	0.2632	0.3103	0.3185	0.3200	0.2947	0.2911	0.3082	0.2963	0.2882	0.2757
0:59:16	30.2	0.2503	0.2730	0.3099	0.2855	0.2917	0.2611	0.3030	0.2766	0.2661	0.2703	0.2631	0.2622	0.2654	0.2611	0.3059	0.2737	0.2782	0.2534	0.2896	0.2648	0.2619	0.2445	0.2542	0.2914	0.2705	0.9083	0.2741	0.6381	0.2737	0.2617	0.2880	0.2680	0.2756	0.2673	0.2690	0.2837	0.2759	0.2868	0.2711	0.2873	0.2738	0.2561	0.2826	0.2792	0.2716	0.2689	0.2604	0.2848	0.2872	0.2783	0.2615	0.2687	0.2680	0.2604	0.2960	0.2556	0.2871	0.2732	0.2584	0.2776	0.2958	0.2621	0.2691	0.2697	0.2541	0.2473	0.2835	0.2507	0.2642	0.2691	0.2572	0.2834	0.2724	0.2656	0.2490	0.2680	0.2631	0.2545	0.2936	0.2639	0.2599	0.2825	0.2636	0.3175	0.2647	0.2889	0.2631	0.3131	0.3201	0.3235	0.2969	0.2911	0.3106	0.2996	0.2895	0.2756
1:09:16	30.2	0.2489	0.2760	0.3113	0.2892	0.2928	0.2616	0.3050	0.2779	0.2684	0.2724	0.2631	0.2623	0.2688	0.2609	0.3099	0.2734	0.2794	0.2534	0.2952	0.2658	0.2630	0.2446	0.2541	0.2928	0.2724	0.8884	0.2751	0.6408	0.2771	0.2617	0.2931	0.2694	0.2784	0.2691	0.2689	0.2860	0.2764	0.2909	0.2722	0.2918	0.2752	0.2561	0.2855	0.2815	0.2735	0.2699	0.2605	0.2885	0.2919	0.2793	0.2631	0.2691	0.2702	0.2602	0.3022	0.2555	0.2890	0.2749	0.2584	0.2787	0.2978	0.2627	0.2702	0.2707	0.2541	0.2471	0.2843	0.2507	0.2652	0.2697	0.2569	0.2864	0.2746	0.2681	0.2496	0.2701	0.2653	0.2544	0.2962	0.2640	0.2604	0.2860	0.2635	0.3204	0.2649	0.2906	0.2630	0.3149	0.3220	0.3280	0.2999	0.2912	0.3141	0.3016	0.2913	0.2757
1:19:16	30.2	0.2491	0.2803	0.3123	0.2935	0.2939	0.2625	0.3067	0.2796	0.2720	0.2745	0.2630	0.2624	0.2734	0.2616	0.3142	0.2759	0.2807	0.2533	0.3019	0.2669	0.2641	0.2447	0.2542	0.2950	0.2761	0.8944	0.2761	0.6416	0.2811	0.2617	0.2999	0.2702	0.2815	0.2708	0.2687	0.2886	0.2773	0.2932	0.2724	0.2940	0.2760	0.2561	0.2876	0.2824	0.2747	0.2707	0.2604	0.2929	0.2978	0.2802	0.2646	0.2697	0.2706	0.2602	0.3084	0.2555	0.2913	0.2758	0.2582	0.2805	0.3005	0.2635	0.2711	0.2718	0.2541	0.2472	0.2862	0.2505	0.2663	0.2704	0.2568	0.2889	0.2753	0.2714	0.2502	0.2728	0.2647	0.2544	0.2997	0.2639	0.2609	0.2906	0.2637	0.3244	0.2650	0.2925	0.2630	0.3166	0.3250	0.3336	0.3035	0.2910	0.3187	0.3042	0.2933	0.2756
1:29:16	30.1	0.2499	0.2850	0.3138	0.2990	0.2947	0.2626	0.3082	0.2816	0.2768	0.2765	0.2630	0.2623	0.2803	0.2617	0.3206	0.2741	0.2819	0.2533	0.3105	0.2684	0.2655	0.2446	0.2541	0.2968	0.2795	0.8979	0.2761	0.6459	0.2873	0.2618	0.3088	0.2712	0.2858	0.2721	0.2687	0.2908	0.2778	0.2982	0.2735	0.2971	0.2767	0.2561	0.2899	0.2841	0.2765	0.2726	0.2605	0.2988	0.3067	0.2815	0.2667	0.2702	0.2719	0.2601	0.3220	0.2555	0.2942	0.2781	0.2584	0.2821	0.3036	0.2650	0.2726	0.2734	0.2542	0.2473	0.2878	0.2507	0.2691	0.2706	0.2568	0.2906	0.2778	0.2764	0.2510	0.2761	0.2654	0.2544	0.3036	0.2640	0.2614	0.2955	0.2635	0.3294	0.2646	0.2937	0.2630	0.3184	0.3284	0.3420	0.3076	0.2912	0.3249	0.3067	0.2942	0.2756
1:39:16	30.2	0.2519	0.2922	0.3143	0.3081	0.2956	0.2635	0.3096	0.2826	0.2839	0.2777	0.2631	0.2622	0.2881	0.2629	0.3269	0.2756	0.2830	0.2533	0.3209	0.2690	0.2660	0.2446	0.2542	0.2983	0.2848	0.8836	0.2768	0.6502	0.2945	0.2616	0.3209	0.2721	0.2926	0.2731	0.2688	0.2923	0.2786	0.3018	0.2736	0.3002	0.2771	0.2561	0.2902	0.2839	0.2763	0.2747	0.2606	0.3080	0.3172	0.2822	0.2692	0.2714	0.2721	0.2601	0.3256	0.2555	0.2970	0.2786	0.2582	0.2835	0.3070	0.2665	0.2740	0.2754	0.2541	0.2472	0.2895	0.2509	0.2701	0.2711	0.2567	0.2934	0.2776	0.2824	0.2511	0.2808	0.2667	0.2544	0.3081	0.2637	0.2619	0.3046	0.2635	0.3352	0.2648	0.2947	0.2630	0.3195	0.3317	0.3502	0.3121	0.2910	0.3320	0.3083	0.2953	0.2757
1:49:16	30.2	0.2494	0.3023	0.3160	0.3188	0.2962	0.2629	0.3109	0.2832	0.2917	0.2791	0.2632	0.2624	0.2991	0.2629	0.3350	0.2768	0.2841	0.2533	0.3356	0.2697	0.2663	0.2447	0.2544	0.2997	0.2909	0.8893	0.2779	0.6565	0.3035	0.2618	0.3349	0.2723	0.3000	0.2742	0.2690	0.2943	0.2786	0.3090	0.2738	0.3040	0.2774	0.2560	0.2922	0.2854	0.2784	0.2768	0.2606	0.3167	0.3279	0.2837	0.2732	0.2715	0.2731	0.2602	0.3522	0.2556	0.3005	0.2795	0.2583	0.2847	0.3116	0.2690	0.2732	0.2781	0.2542	0.2474	0.2892	0.2509	0.2734	0.2713	0.2569	0.2950	0.2791	0.2906	0.2512	0.2871	0.2671	0.2545	0.3117	0.2639	0.2622	0.3127	0.2637	0.3411	0.2649	0.2955	0.2631	0.3205	0.3371	0.3621	0.3187	0.2912	0.3418	0.3099	0.2961	0.2758
1:59:16	30.2	0.2524	0.3165	0.3164	0.3337	0.2970	0.2639	0.3124	0.2839	0.3027	0.2800	0.2633	0.2623	0.3125	0.2638	0.3424	0.2776	0.2845	0.2533	0.3563	0.2704	0.2677	0.2446	0.2542	0.3006	0.2992	0.8920	0.2775	0.6628	0.3201	0.2614	0.3538	0.2727	0.3113	0.2745	0.2688	0.2956	0.2793	0.3144	0.2748	0.3091	0.2771	0.2561	0.2937	0.2852	0.2783	0.2796	0.2605	0.3322	0.3373	0.2844	0.2776	0.2714	0.2732	0.2599	0.3590	0.2554	0.3032	0.2798	0.2582	0.2856	0.3159	0.2724	0.2759	0.2817	0.2541	0.2472	0.2918	0.2509	0.2752	0.2714	0.2568	0.2980	0.2802	0.3019	0.2523	0.2951	0.2680	0.2545	0.3177	0.2638	0.2624	0.3286	0.2636	0.3472	0.2647	0.2966	0.2629	0.3222	0.3425	0.3753	0.3247	0.2911	0.3528	0.3121	0.2971	0.2757
2:09:16	30.2	0.2506	0.3371	0.3178	0.3544	0.2991	0.2648	0.3148	0.2856	0.3162	0.2818	0.2631	0.2622	0.3312	0.2621	0.3528	0.2794	0.2860	0.2533	0.3846	0.2708	0.2688	0.2448	0.2542	0.3027	0.3087	0.9043	0.2790	0.6707	0.3364	0.2614	0.3787	0.2736	0.3257	0.2756	0.2689	0.2986	0.2801	0.3215	0.2749	0.3159	0.2796	0.2561	0.2962	0.2878	0.2801	0.2821	0.2604	0.3484	0.3525	0.2863	0.2843	0.2731	0.2746	0.2602	0.3774	0.2556	0.3068	0.2814	0.2582	0.2874	0.3211	0.2773	0.2777	0.2865	0.2542	0.2474	0.2919	0.2508	0.2786	0.2717	0.2561	0.3029	0.2817	0.3145	0.2522	0.3053	0.2683	0.2544	0.3221	0.2637	0.2630	0.3435	0.2635	0.3531	0.2647	0.2988	0.2630	0.3245	0.3488	0.3988	0.3335	0.2912	0.3685	0.3159	0.2989	0.2758
2:19:16	30.2	0.2493	0.3689	0.3207	0.3806	0.3009	0.2636	0.3163	0.2865	0.3318	0.2839	0.2633	0.2624	0.3581	0.2641	0.3618	0.2794	0.2879	0.2532	0.4084	0.2723	0.2692	0.2448	0.2544	0.3046	0.3203	0.9039	0.2801	0.6781	0.3550	0.2616	0.4074	0.2752	0.3429	0.2770	0.2688	0.3020	0.2815	0.3277	0.2754	0.3222	0.2818	0.2560	0.3014	0.2892	0.2827	0.2854	0.2605	0.3727	0.3658	0.2890	0.2918	0.2752	0.2768	0.2600	0.4444	0.2554	0.3114	0.2833	0.2581	0.2899	0.3268	0.2840	0.2789	0.2934	0.2542	0.2472	0.2946	0.2512	0.2833	0.2729	0.2561	0.3091	0.2845	0.3295	0.2530	0.3199	0.2687	0.2545	0.3270	0.2637	0.2641	0.3610	0.2635	0.3602	0.2649	0.3022	0.2629	0.3280	0.3579	0.4347	0.3434	0.2912	0.3905	0.3202	0.3019	0.2759
2:29:16	30.2	0.2522	0.4116	0.3242	0.4080	0.3039	0.2659	0.3190	0.2904	0.3593	0.2870	0.2634	0.2624	0.4053	0.2651	0.3737	0.2835	0.2899	0.2532	0.4422	0.2741	0.2715	0.2448	0.2543	0.3080	0.3326	0.8555	0.2819	0.6870	0.3827	0.2614	0.4466	0.2768	0.3649	0.2792	0.2686	0.3050	0.2822	0.3352	0.2766	0.3442	0.2835	0.2559	0.3048	0.2924	0.2852	0.2897	0.2604	0.4104	0.3803	0.2918	0.3005	0.2771	0.2776	0.2600	0.4609	0.2554	0.3151	0.2858	0.2582	0.2930	0.3331	0.2922	0.2823	0.3022	0.2541	0.2472	0.3008	0.2509	0.2875	0.2734	0.2563	0.3179	0.2875	0.3525	0.2541	0.3497	0.2695	0.2544	0.3360	0.2637	0.2651	0.3993	0.2635	0.3707	0.2648	0.3046	0.2628	0.3298	0.3653	0.4538	0.3539	0.2912	0.4370	0.3259	0.3044	0.2758
2:39:16	30.2	0.2507	0.4471	0.3284	0.4185	0.3078	0.2671	0.3189	0.2932	0.3851	0.2911	0.2633	0.2624	0.4436	0.2657	0.3881	0.2850	0.2936	0.2532	0.4589	0.2764	0.2748	0.2447	0.2544	0.3108	0.3622	0.8519	0.2855	0.6963	0.4236	0.2615	0.4663	0.2793	0.3938	0.2820	0.2687	0.3090	0.2842	0.3428	0.2783	0.3485	0.2890	0.2560	0.3268	0.2970	0.2904	0.2942	0.2602	0.4399	0.3977	0.2952	0.3106	0.2843	0.2824	0.2600	0.4809	0.2555	0.3204	0.2905	0.2582	0.2957	0.3417	0.3009	0.2850	0.3111	0.2542	0.2472	0.3062	0.2510	0.2943	0.2746	0.2563	0.3329	0.2899	0.4115	0.2552	0.3820	0.2710	0.2545	0.3430	0.2638	0.2661	0.4238	0.2636	0.3785	0.2648	0.3100	0.2629	0.3320	0.3748	0.4662	0.3649	0.2911	0.4580	0.3370	0.3079	0.2759
2:49:16	30.2	0.2503	0.4657	0.3304	0.4310	0.3153	0.2680	0.3269	0.2970	0.4119	0.2941	0.2632	0.2622	0.4757	0.2659	0.4044	0.2850	0.2957	0.2531	0.4766	0.2791	0.2767	0.2446	0.2543	0.3133	0.4128	0.8503	0.2898	0.7081	0.4661	0.2612	0.4923	0.2819	0.4430	0.2858	0.2687	0.3177	0.2856	0.3506	0.2805	0.3472	0.2967	0.2558	0.3455	0.3054	0.2974	0.2985	0.2601	0.4567	0.4137	0.3021	0.3223	0.2900	0.2880	0.2599	0.5099	0.2553	0.3262	0.2946	0.2581	0.2985	0.3485	0.3062	0.2879	0.3276	0.2542	0.2471	0.3159	0.2509	0.3010	0.2759	0.2564	0.3545	0.2905	0.4573	0.2568	0.4011	0.2732	0.2544	0.3532	0.2636	0.2673	0.4670	0.2636	0.3926	0.2648	0.3122	0.2627	0.3438	0.3859	0.4866	0.3761	0.2911	0.4827	0.3584	0.3120	0.2758
2:59:16	30.2	0.2523	0.4533	0.3939	0.4361	0.3241	0.2695	0.3697	0.3043	0.4157	0.3025	0.2632	0.2623	0.4952	0.2675	0.4200	0.2908	0.3046	0.2533	0.4825	0.2828	0.2815	0.2447	0.2544	0.3204	0.4549	0.8526	0.2993	0.7173	0.4837	0.2618	0.5078	0.2859	0.4722	0.2898	0.2687	0.3279	0.2887	0.3611	0.2832	0.3643	0.3121	0.2558	0.3785	0.3196	0.3085	0.3038	0.2603	0.4707	0.4312	0.3129	0.3601	0.2935	0.2963	0.2599	0.5388	0.2554	0.3346	0.3122	0.2582	0.3054	0.3571	0.3133	0.3010	0.3686	0.2542	0.2472	0.3361	0.2510	0.3103	0.2792	0.2562	0.4037	0.2904	0.4847	0.2590	0.4295	0.2759	0.2543	0.3626	0.2638	0.2691	0.4830	0.2634	0.4055	0.2649	0.3431	0.2628	0.3922	0.3990	0.5098	0.3899	0.2912	0.4944	0.3989	0.3176	0.2760
3:09:16	30.2	0.2506	0.4780	0.4387	0.4537	0.3694	0.2713	0.4093	0.3136	0.4293	0.3184	0.2632	0.2623	0.5145	0.2695	0.4359	0.2920	0.3176	0.2531	0.5016	0.2905	0.2878	0.2449	0.2545	0.3293	0.4918	0.8551	0.3152	0.7303	0.5057	0.2612	0.5249	0.2921	0.4948	0.2973	0.2688	0.3496	0.2960	0.3727	0.2895	0.3679	0.3467	0.2559	0.4131	0.3428	0.3387	0.3107	0.2602	0.4849	0.4481	0.3267	0.4004	0.3125	0.3196	0.2599	0.5573	0.2553	0.3424	0.3452	0.2581	0.3137	0.3701	0.3283	0.3044	0.4107	0.2542	0.2473	0.3502	0.2511	0.3198	0.2821	0.2561	0.4380	0.2889	0.5057	0.2658	0.4602	0.2810	0.2544	0.3817	0.2637	0.2727	0.5181	0.2636	0.4228	0.2649	0.3781	0.2628	0.4340	0.4138	0.5147	0.4028	0.2912	0.5098	0.4324	0.3273	0.2758
3:19:16	30.2	0.2526	0.5008	0.4363	0.4748	0.4124	0.2723	0.4339	0.3232	0.4447	0.3317	0.2632	0.2624	0.5412	0.2709	0.4516	0.2971	0.3459	0.2531	0.5155	0.2964	0.2935	0.2448	0.2545	0.3425	0.5016	0.8576	0.3434	0.7423	0.5232	0.2617	0.5428	0.3000	0.5100	0.3123	0.2687	0.3511	0.3118	0.3867	0.3010	0.3786	0.3790	0.2559	0.4341	0.3809	0.3743	0.3168	0.2603	0.5017	0.4736	0.3530	0.4270	0.3511	0.3703	0.2601	0.5818	0.2555	0.3556	0.3983	0.2582	0.3260	0.3813	0.4044	0.3270	0.4302	0.2542	0.2473	0.3902	0.2511	0.3328	0.2884	0.2561	0.4491	0.2955	0.5100	0.2675	0.4964	0.2859	0.2545	0.3865	0.2640	0.2752	0.5274	0.2636	0.4361	0.2649	0.4170	0.2628	0.4583	0.4299	0.5441	0.4207	0.2912	0.5325	0.4446	0.3357	0.2760
3:29:16	30.2	0.2514	0.5273	0.4794	0.4969	0.4448	0.2782	0.4799	0.3579	0.4631	0.3371	0.2632	0.2625	0.5722	0.2736	0.4651	0.3145	0.3908	0.2533	0.5461	0.3204	0.3106	0.2448	0.2545	0.3612	0.5374	0.8599	0.3768	0.7535	0.5490	0.2616	0.5648	0.3290	0.5297	0.3209	0.2688	0.4848	0.3512	0.4015	0.3288	0.3998	0.3946	0.2561	0.4474	0.4200	0.4194	0.3247	0.2603	0.5330	0.4965	0.3510	0.4590	0.3626	0.3742	0.2601	0.5961	0.2554	0.3672	0.4039	0.2583	0.3741	0.3990	0.4390	0.3747	0.4510	0.2542	0.2474	0.4328	0.2511	0.3441	0.2897	0.2561	0.4667	0.3796	0.5361	0.2744	0.5516	0.3001	0.2545	0.4132	0.2638	0.2806	0.5313	0.2636	0.4575	0.2648	0.4416	0.2628	0.4727	0.4520	0.5672	0.4368	0.2912	0.5445	0.4588	0.3468	0.2760
3:39:16	30.2	0.2522	0.5432	0.4843	0.5091	0.4493	0.2818	0.4592	0.3579	0.4774	0.3745	0.2632	0.2623	0.6119	0.2770	0.4789	0.3389	0.4129	0.2532	0.5506	0.3442	0.3229	0.2449	0.2545	0.3656	0.5593	0.8649	0.3942	0.7665	0.5813	0.2614	0.5670	0.3769	0.5321	0.3472	0.2687	0.3851	0.3719	0.4188	0.3627	0.4083	0.4096	0.2558	0.4574	0.4466	0.4395	0.3333	0.2603	0.5458	0.5199	0.3536	0.4797	0.3840	0.3857	0.2599	0.6062	0.2555	0.3805	0.4452	0.2581	0.3505	0.4117	0.4593	0.3962	0.4785	0.2542	0.2473	0.4478	0.2511	0.3557	0.2936	0.2562	0.4910	0.3892	0.5489	0.2849	0.6058	0.3199	0.2544	0.4349	0.2637	0.2899	0.5498	0.2635	0.4767	0.2646	0.4533	0.2627	0.4802	0.4734	0.5787	0.4563	0.2912	0.5660	0.4738	0.3700	0.2761
3:49:16	30.2	0.2502	0.5759	0.5043	0.5410	0.4735	0.2870	0.5083	0.4506	0.5096	0.3944	0.2633	0.2624	0.6631	0.2781	0.4952	0.3616	0.4399	0.2532	0.5750	0.4043	0.3826	0.2448	0.2544	0.4182	0.6153	0.8698	0.4030	0.7788	0.6272	0.2616	0.5783	0.4091	0.5527	0.4087	0.2687	0.5316	0.3761	0.4451	0.3761	0.5092	0.4286	0.2559	0.4788	0.4500	0.4694	0.3436	0.2603	0.5772	0.5545	0.4042	0.4953	0.4149	0.4006	0.2599	0.6268	0.2555	0.3991	0.4474	0.2582	0.4909	0.4372	0.4694	0.4136	0.4989	0.2541	0.2474	0.4668	0.2512	0.3716	0.3144	0.2562	0.5015	0.4342	0.5578	0.3106	0.6589	0.3532	0.2546	0.4551	0.2638	0.2971	0.5685	0.2636	0.4957	0.2648	0.4632	0.2628	0.4909	0.4883	0.6039	0.4768	0.2912	0.5862	0.4913	0.4229	0.2761
3:59:16	30.2	0.2512	0.6076	0.5212	0.5664	0.4773	0.2924	0.5066	0.4767	0.5260	0.3722	0.2633	0.2624	0.7094	0.2854	0.5100	0.4169	0.4533	0.2531	0.5869	0.4358	0.4096	0.2447	0.2544	0.4709	0.6413	0.8776	0.4220	0.7968	0.6644	0.2617	0.5894	0.4269	0.5575	0.4897	0.2687	0.5111	0.4077	0.4725	0.3888	0.5060	0.4510	0.2558	0.4989	0.4553	0.4773	0.3534	0.2602	0.5876	0.5812	0.4311	0.5075	0.4296	0.4272	0.2598	0.6367	0.2554	0.4176	0.4653	0.2580	0.4937	0.4632	0.4830	0.4315	0.5390	0.2542	0.2472	0.4849	0.2510	0.3867	0.3269	0.2560	0.5084	0.4534	0.6015	0.3370	0.7152	0.3692	0.2545	0.4863	0.2636	0.3170	0.5749	0.2635	0.5147	0.2648	0.4652	0.2627	0.5080	0.5075	0.6100	0.5025	0.2911	0.5941	0.5088	0.4360	0.2760
4:09:16	30.2	0.2526	0.6167	0.5377	0.5643	0.4948	0.3053	0.5299	0.5038	0.5219	0.4664	0.2633	0.2623	0.7602	0.2919	0.5248	0.4385	0.4711	0.2531	0.5779	0.4550	0.4420	0.2450	0.2547	0.5209	0.6741	0.8868	0.4422	0.8193	0.6622	0.2619	0.5928	0.4671	0.5530	0.4764	0.2688	0.5173	0.4395	0.5042	0.4295	0.6148	0.4721	0.2560	0.4912	0.4717	0.4801	0.3629	0.2604	0.5766	0.6214	0.4511	0.4964	0.4442	0.4231	0.2600	0.6193	0.2557	0.4435	0.4553	0.2581	0.4987	0.4825	0.4978	0.4591	0.6032	0.2542	0.2474	0.5197	0.2510	0.4066	0.3535	0.2561	0.5306	0.4806	0.6608	0.3614	0.7675	0.4078	0.2545	0.5158	0.2639	0.3478	0.5941	0.2638	0.5314	0.2649	0.5003	0.2629	0.5224	0.5256	0.6235	0.5265	0.2913	0.6112	0.5304	0.4860	0.2762
4:19:16	30.2	0.2510	0.6585	0.5537	0.5975	0.5145	0.3312	0.5473	0.5344	0.5597	0.5407	0.2632	0.2623	0.8327	0.3216	0.5449	0.4605	0.4916	0.2531	0.6184	0.4673	0.4847	0.2449	0.2545	0.5479	0.7184	0.8999	0.4576	0.8425	0.7333	0.2616	0.6123	0.4716	0.5959	0.5056	0.2687	0.5565	0.4669	0.5388	0.4420	0.6027	0.4996	0.2559	0.5239	0.4982	0.4955	0.3783	0.2603	0.6050	0.6460	0.4849	0.5269	0.4755	0.4837	0.2600	0.6620	0.2555	0.4497	0.4973	0.2580	0.4990	0.5091	0.5204	0.4625	0.6686	0.2541	0.2473	0.5484	0.2508	0.4224	0.4184	0.2560	0.5553	0.5157	0.6825	0.3893	0.8109	0.4274	0.2544	0.5651	0.2637	0.3803	0.5842	0.2636	0.5543	0.2647	0.5170	0.2626	0.5577	0.5317	0.5982	0.5507	0.2910	0.5874	0.5502	0.5081	0.2761
4:29:16	30.2	0.2494	0.6745	0.5688	0.6153	0.5209	0.3605	0.5593	0.5446	0.5631	0.5458	0.2633	0.2623	0.8588	0.3662	0.5697	0.4862	0.4945	0.2532	0.6101	0.4952	0.4939	0.2449	0.2546	0.5470	0.7326	0.9115	0.4412	0.8601	0.7628	0.2616	0.6084	0.4651	0.5991	0.5087	0.2687	0.5787	0.4738	0.5745	0.4230	0.6223	0.4966	0.2558	0.5584	0.5305	0.5290	0.3913	0.2603	0.6159	0.6794	0.4979	0.5274	0.4978	0.4534	0.2600	0.6431	0.2553	0.4781	0.4736	0.2581	0.5262	0.5435	0.5328	0.5036	0.7238	0.2541	0.2474	0.5703	0.2507	0.4454	0.4230	0.2559	0.5649	0.5431	0.7137	0.3977	0.8655	0.4386	0.2543	0.5830	0.2638	0.4198	0.6056	0.2637	0.5778	0.2649	0.5273	0.2628	0.5629	0.5529	0.6475	0.5789	0.2913	0.6195	0.5758	0.5316	0.2760
4:39:16	30.2	0.2507	0.7184	0.5943	0.6429	0.5428	0.4118	0.5864	0.5358	0.5613	0.5708	0.2631	0.2623	0.9468	0.3421	0.5926	0.4944	0.5079	0.2532	0.6335	0.5291	0.5188	0.2448	0.2545	0.5660	0.8208	0.9225	0.4930	0.8830	0.8110	0.2614	0.6189	0.4690	0.6313	0.5314	0.2687	0.5865	0.4943	0.6161	0.4371	0.6602	0.5114	0.2559	0.5618	0.5368	0.5110	0.4083	0.2601	0.6183	0.7073	0.5125	0.5619	0.5107	0.4879	0.2598	0.6755	0.2555	0.4935	0.4968	0.2581	0.5388	0.5811	0.5807	0.5119	0.7738	0.2540	0.2473	0.5780	0.2507	0.4640	0.4583	0.2561	0.5579	0.5759	0.7496	0.4285	0.9139	0.4780	0.2544	0.6247	0.2637	0.4662	0.5946	0.2635	0.5813	0.2648	0.5413	0.2627	0.5762	0.5722	0.6345	0.6183	0.2911	0.6075	0.5717	0.5438	0.2758
4:49:16	30.3	0.2504	0.7221	0.6101	0.6440	0.5659	0.4499	0.5971	0.5587	0.5626	0.5865	0.2633	0.2623	0.9853	0.4045	0.6155	0.5225	0.5286	0.2530	0.6021	0.5232	0.5294	0.2446	0.2544	0.5825	0.8602	0.9382	0.5390	0.9053	0.8538	0.2614	0.6203	0.5446	0.5906	0.5411	0.2687	0.5916	0.5255	0.6535	0.4998	0.6632	0.5226	0.2558	0.5837	0.4755	0.4587	0.4159	0.2603	0.6089	0.7360	0.5492	0.5650	0.5266	0.4734	0.2600	0.6511	0.2553	0.5316	0.5580	0.2580	0.5438	0.6055	0.5825	0.5400	0.8331	0.2541	0.2471	0.5978	0.2508	0.4982	0.4762	0.2557	0.6086	0.6185	0.7677	0.4348	0.9794	0.4285	0.2545	0.6521	0.2636	0.4697	0.6089	0.2636	0.5951	0.2647	0.5382	0.2633	0.5795	0.5979	0.6538	0.6494	0.2911	0.6301	0.5705	0.5730	0.2759
4:59:16	30.2	0.2517	0.7830	0.6552	0.6710	0.5837	0.4801	0.6154	0.6100	0.5857	0.6149	0.2634	0.2624	1.0508	0.4171	0.6477	0.5453	0.5478	0.2531	0.6284	0.5716	0.5715	0.2450	0.2545	0.5981	0.9231	0.9514	0.5568	0.9271	0.8950	0.2616	0.6236	0.5212	0.6428	0.5983	0.2687	0.6238	0.5485	0.6966	0.4904	0.6986	0.5352	0.2559	0.6119	0.5896	0.5426	0.4374	0.2603	0.6442	0.7656	0.5870	0.6113	0.5592	0.5348	0.2598	0.6724	0.2554	0.5550	0.5954	0.2585	0.5759	0.6341	0.5905	0.5586	0.8653	0.2542	0.2474	0.6078	0.2509	0.5233	0.4997	0.2559	0.6187	0.6520	0.8192	0.4603	1.0284	0.4726	0.2545	0.6894	0.2638	0.4909	0.6176	0.2637	0.6173	0.2647	0.5587	0.2627	0.6035	0.6241	0.6664	0.6856	0.2912	0.6431	0.6064	0.6041	0.2762
5:09:16	30.2	0.2522	0.8194	0.6504	0.6935	0.5990	0.4798	0.6141	0.6149	0.5761	0.6209	0.2634	0.2623	1.0875	0.4480	0.6704	0.5651	0.5636	0.2531	0.6461	0.5902	0.5716	0.2449	0.2545	0.6082	0.9558	0.9608	0.5805	0.9474	0.9379	0.2617	0.6406	0.5505	0.6535	0.6005	0.2687	0.6284	0.5847	0.7371	0.5032	0.7319	0.5697	0.2557	0.5961	0.6084	0.5615	0.4507	0.2602	0.6443	0.7979	0.6187	0.6465	0.5782	0.5756	0.2600	0.6904	0.2554	0.5721	0.5928	0.2581	0.5919	0.6603	0.7002	0.5833	0.9264	0.2542	0.2472	0.6344	0.2507	0.5465	0.4981	0.2559	0.6337	0.6879	0.8705	0.5033	1.0642	0.5431	0.2544	0.7287	0.2637	0.5097	0.6094	0.2636	0.6296	0.2649	0.5856	0.2628	0.6191	0.6434	0.6553	0.7134	0.2912	0.6420	0.5992	0.5947	0.2761
5:19:16	30.2	0.2517	0.8701	0.6833	0.7163	0.6122	0.5068	0.6316	0.6445	0.5882	0.6291	0.2632	0.2623	1.1278	0.4626	0.6972	0.5914	0.5831	0.2530	0.6576	0.6266	0.5930	0.2449	0.2544	0.6053	0.9985	0.9731	0.6084	0.9677	0.9724	0.2618	0.6419	0.5952	0.6589	0.6279	0.2687	0.6426	0.6196	0.7805	0.5473	0.7654	0.5896	0.2557	0.6422	0.6284	0.5765	0.4653	0.2603	0.6470	0.8329	0.6569	0.6344	0.5981	0.5928	0.2599	0.7120	0.2553	0.6100	0.6185	0.2583	0.5838	0.6903	0.7507	0.6043	0.9691	0.2542	0.2472	0.6548	0.2506	0.5830	0.5289	0.2559	0.6531	0.7329	0.9127	0.5243	1.1001	0.5688	0.2544	0.7640	0.2636	0.5534	0.6199	0.2636	0.6546	0.2648	0.5978	0.2627	0.6387	0.6697	0.6571	0.7380	0.2910	0.6528	0.6203	0.6236	0.2760
5:29:16	30.3	0.2523	0.9103	0.7141	0.7290	0.6327	0.5308	0.6451	0.6652	0.6098	0.6508	0.2631	0.2622	1.1577	0.4737	0.7240	0.6243	0.5929	0.2530	0.6588	0.6537	0.6389	0.2448	0.2545	0.6406	1.0334	0.9861	0.6248	0.9917	1.0067	0.2617	0.6626	0.6116	0.6546	0.6578	0.2686	0.6642	0.6522	0.8199	0.5743	0.7918	0.5962	0.2558	0.6488	0.6160	0.5817	0.4813	0.2601	0.6372	0.8670	0.6862	0.6640	0.6139	0.6222	0.2598	0.7325	0.2555	0.6555	0.6146	0.2581	0.6232	0.7207	0.7252	0.6249	1.0031	0.2541	0.2471	0.6690	0.2506	0.6066	0.5533	0.2559	0.6644	0.7709	0.9477	0.5449	1.1314	0.5909	0.2543	0.7991	0.2636	0.5796	0.6320	0.2634	0.6868	0.2648	0.6045	0.2630	0.6507	0.6981	0.6765	0.7600	0.2910	0.6614	0.6316	0.6324	0.2761
5:39:16	30.2	0.2518	0.9576	0.7372	0.7596	0.6506	0.5857	0.6602	0.6806	0.6287	0.6556	0.2632	0.2622	1.1811	0.5140	0.7543	0.6460	0.6123	0.2530	0.6700	0.6709	0.6646	0.2449	0.2544	0.6495	1.0623	0.9984	0.6251	1.0104	1.0325	0.2620	0.6691	0.6408	0.6347	0.6692	0.2687	0.6693	0.7008	0.8499	0.5991	0.8221	0.6330	0.2558	0.6692	0.6617	0.6338	0.4957	0.2602	0.6632	0.8968	0.7186	0.6675	0.6524	0.6265	0.2598	0.7665	0.2554	0.7004	0.6108	0.2581	0.6221	0.7564	0.7263	0.6457	1.0391	0.2541	0.2474	0.6747	0.2507	0.6630	0.6285	0.2557	0.6850	0.8074	0.9896	0.5702	1.1600	0.6002	0.2542	0.8380	0.2636	0.5801	0.6494	0.2636	0.7224	0.2648	0.6247	0.2626	0.6771	0.7293	0.6932	0.7863	0.2910	0.6675	0.6416	0.6464	0.2761
5:49:16	30.2	0.2501	0.9967	0.7571	0.7843	0.6754	0.6087	0.6837	0.6903	0.6392	0.6580	0.2632	0.2624	1.2049	0.5333	0.7847	0.6622	0.6233	0.2531	0.6946	0.6635	0.6668	0.2450	0.2545	0.6517	1.0893	1.0138	0.6340	1.0294	1.0658	0.2621	0.6748	0.6747	0.6592	0.6753	0.2688	0.6747	0.7186	0.8828	0.6308	0.8475	0.6486	0.2558	0.6795	0.6753	0.6492	0.5056	0.2602	0.6687	0.9321	0.7503	0.6836	0.6712	0.6481	0.2599	0.8096	0.2555	0.7459	0.6271	0.2582	0.6138	0.7914	0.7578	0.6722	1.0717	0.2542	0.2474	0.6854	0.2510	0.6984	0.6116	0.2560	0.6820	0.8395	1.0247	0.5940	1.1845	0.6205	0.2545	0.8812	0.2638	0.6319	0.6487	0.2636	0.7583	0.2648	0.6387	0.2628	0.6924	0.7583	0.7007	0.8089	0.2912	0.6805	0.6498	0.6598	0.2760
5:59:16	30.2	0.2510	1.0409	0.7870	0.8102	0.7090	0.6429	0.6937	0.6666	0.6396	0.6779	0.2632	0.2623	1.2276	0.5440	0.8196	0.6690	0.6344	0.2530	0.7165	0.6851	0.6937	0.2449	0.2545	0.6741	1.1249	1.0316	0.6673	1.0491	1.0895	0.2623	0.6889	0.6704	0.7028	0.7149	0.2686	0.6898	0.7448	0.9145	0.6614	0.8756	0.6621	0.2558	0.7114	0.6887	0.6603	0.5317	0.2601	0.6798	0.9686	0.7803	0.7018	0.6672	0.6776	0.2599	0.8493	0.2555	0.7847	0.6488	0.2582	0.6265	0.8521	0.7834	0.6839	1.1013	0.2541	0.2473	0.6870	0.2509	0.7345	0.6073	0.2558	0.6991	0.8786	1.0605	0.6023	1.2075	0.6209	0.2544	0.9243	0.2635	0.6492	0.6640	0.2638	0.7957	0.2648	0.6546	0.2627	0.6900	0.7926	0.7252	0.8396	0.2911	0.7010	0.6643	0.6694	0.2760
6:09:16	30.2	0.2506	1.0737	0.8111	0.8326	0.7404	0.6823	0.7112	0.6800	0.6475	0.6882	0.2632	0.2622	1.2453	0.5950	0.8492	0.6908	0.6437	0.2531	0.7348	0.7092	0.7040	0.2449	0.2545	0.6954	1.1575	1.0533	0.6777	1.0667	1.1145	0.2624	0.7061	0.6957	0.7101	0.7305	0.2687	0.6942	0.7856	0.9384	0.6791	0.9046	0.6885	0.2558	0.7241	0.6831	0.6746	0.5533	0.2603	0.7143	0.9988	0.8048	0.7305	0.6767	0.6940	0.2600	0.8724	0.2554	0.8228	0.7042	0.2582	0.6602	0.8869	0.8194	0.7173	1.1285	0.2542	0.2471	0.7075	0.2508	0.7599	0.6700	0.2558	0.6820	0.9100	1.0940	0.6236	1.2268	0.6555	0.2544	0.9568	0.2637	0.6812	0.6677	0.2636	0.8317	0.2648	0.6662	0.2627	0.7147	0.8266	0.7455	0.8497	0.2912	0.7063	0.6740	0.6759	0.2761
6:19:16	30.2	0.2522	1.0910	0.8271	0.8537	0.7596	0.6839	0.7182	0.7096	0.6454	0.6920	0.2631	0.2622	1.2536	0.5884	0.8736	0.6992	0.6723	0.2529	0.7556	0.6889	0.6813	0.2449	0.2544	0.7150	1.1631	1.0718	0.6672	1.0902	1.1314	0.2625	0.7294	0.6798	0.6923	0.6901	0.2688	0.6938	0.8360	0.9595	0.7100	0.9175	0.6936	0.2558	0.7070	0.7102	0.7288	0.5646	0.2602	0.6844	1.0216	0.8326	0.7711	0.7038	0.7062	0.2598	0.9185	0.2553	0.8618	0.6663	0.2580	0.6794	0.9261	0.8482	0.7390	1.1487	0.2541	0.2471	0.7084	0.2507	0.7852	0.6944	0.2557	0.7014	0.9336	1.1102	0.6504	1.2481	0.6699	0.2543	0.9858	0.2635	0.6735	0.6780	0.2635	0.8597	0.2648	0.6874	0.2626	0.7182	0.8538	0.7733	0.8637	0.2910	0.7122	0.6721	0.6683	0.2760
6:29:16	30.2	0.2510	1.1182	0.8459	0.8795	0.7763	0.6896	0.7298	0.7052	0.6566	0.6932	0.2633	0.2624	1.2644	0.5912	0.9028	0.7073	0.6627	0.2531	0.7925	0.7049	0.7000	0.2449	0.2546	0.6997	1.1803	1.0907	0.6755	1.1039	1.1503	0.2630	0.7446	0.6992	0.6999	0.7124	0.2687	0.6981	0.8518	0.9857	0.7288	0.9361	0.7080	0.2560	0.7224	0.7520	0.7322	0.5847	0.2603	0.7066	1.0435	0.8619	0.8089	0.7043	0.7267	0.2600	0.9504	0.2555	0.8918	0.7249	0.2582	0.6718	0.9518	0.8895	0.7490	1.1680	0.2541	0.2472	0.7092	0.2507	0.8203	0.7027	0.2560	0.6874	0.9609	1.1333	0.6534	1.2568	0.6904	0.2543	1.0197	0.2637	0.7030	0.6887	0.2635	0.8867	0.2649	0.7154	0.2628	0.7509	0.8895	0.7992	0.8816	0.2912	0.7161	0.6877	0.6815	0.2762
6:39:16	30.2	0.2509	1.1446	0.8774	0.9026	0.8048	0.7116	0.7375	0.7166	0.6655	0.6980	0.2631	0.2624	1.2781	0.6096	0.9266	0.7240	0.6557	0.2531	0.8222	0.7215	0.6987	0.2448	0.2545	0.7250	1.2023	1.1097	0.6805	1.1154	1.1708	0.2632	0.7852	0.7154	0.7071	0.7247	0.2687	0.7043	0.8862	1.0132	0.7478	0.9464	0.7254	0.2557	0.7310	0.7728	0.7362	0.6036	0.2603	0.7351	1.0651	0.8866	0.8444	0.7180	0.7448	0.2598	1.0008	0.2553	0.9314	0.7229	0.2580	0.6946	0.9865	0.9258	0.7658	1.1930	0.2542	0.2472	0.7191	0.2507	0.8579	0.7280	0.2558	0.7304	0.9856	1.1506	0.6712	1.2688	0.7032	0.2544	1.0492	0.2636	0.7157	0.6973	0.2634	0.9129	0.2648	0.7198	0.2627	0.7758	0.9218	0.8305	0.8982	0.2911	0.7302	0.6917	0.6866	0.2760
6:49:16	30.2	0.2513	1.1598	0.8843	0.9253	0.8200	0.7316	0.7521	0.7204	0.6700	0.7045	0.2634	0.2624	1.2844	0.6350	0.9541	0.7173	0.6853	0.2531	0.8451	0.6926	0.7072	0.2451	0.2547	0.7149	1.2137	1.1301	0.7008	1.1288	1.1887	0.2637	0.8038	0.7166	0.7042	0.7153	0.2687	0.7104	0.9112	1.0377	0.7655	0.9601	0.6971	0.2562	0.7249	0.7382	0.7276	0.6111	0.2603	0.7079	1.0862	0.9131	0.8722	0.7091	0.7474	0.2600	1.0212	0.2555	0.9513	0.7361	0.2582	0.6881	1.0174	0.9619	0.7870	1.2108	0.2542	0.2474	0.7184	0.2505	0.8733	0.7310	0.2559	0.7052	1.0058	1.1702	0.6902	1.2822	0.7090	0.2544	1.0785	0.2636	0.7260	0.7056	0.2636	0.9374	0.2650	0.7354	0.2628	0.7778	0.9477	0.8544	0.9052	0.2912	0.7415	0.7092	0.6893	0.2762
6:59:16	30.2	0.2515	1.1768	0.9134	0.9435	0.8412	0.7431	0.7620	0.7225	0.6745	0.7023	0.2632	0.2624	1.2932	0.6571	0.9792	0.7292	0.6869	0.2531	0.8665	0.7111	0.7088	0.2448	0.2545	0.7245	1.2272	1.1464	0.7254	1.1459	1.2058	0.2640	0.8260	0.7375	0.7036	0.7249	0.2687	0.7255	0.9378	1.0577	0.7866	0.9674	0.7112	0.2557	0.7274	0.7400	0.7747	0.6260	0.2603	0.7392	1.1052	0.9335	0.8981	0.6999	0.7332	0.2597	1.0442	0.2553	0.9780	0.7449	0.2579	0.6953	1.0495	0.9942	0.7936	1.2305	0.2541	0.2471	0.7089	0.2503	0.8956	0.7472	0.2559	0.7138	1.0335	1.1867	0.7091	1.2933	0.7226	0.2543	1.1024	0.2636	0.7300	0.7183	0.2635	0.9583	0.2649	0.7355	0.2628	0.7850	0.9754	0.8843	0.9198	0.2911	0.7513	0.7568	0.6798	0.2760
7:09:16	30.3	0.2524	1.1875	0.9261	0.9679	0.8516	0.7526	0.7793	0.7185	0.6975	0.7052	0.2632	0.2624	1.2990	0.6910	0.9945	0.7393	0.7133	0.2531	0.8850	0.7235	0.7450	0.2450	0.2545	0.7387	1.2418	1.1581	0.7536	1.1627	1.2258	0.2643	0.8401	0.7422	0.6904	0.7380	0.2687	0.7353	0.9789	1.0676	0.7878	0.9745	0.7115	0.2560	0.7210	0.7365	0.7442	0.6296	0.2602	0.7251	1.1226	0.9559	0.9117	0.7136	0.7388	0.2598	1.0595	0.2554	1.0067	0.7399	0.2582	0.7028	1.0825	1.0186	0.8079	1.2485	0.2543	0.2473	0.7164	0.2507	0.9066	0.7278	0.2557	0.7293	1.0571	1.1992	0.7168	1.3087	0.7335	0.2544	1.1253	0.2637	0.7405	0.7278	0.2635	0.9833	0.2650	0.7743	0.2627	0.7914	1.0072	0.9142	0.9419	0.2912	0.7631	0.7698	0.6906	0.2761
7:19:16	30.2	0.2487	1.1951	0.9520	0.9827	0.8679	0.7556	0.8129	0.7279	0.6808	0.7369	0.2635	0.2624	1.3028	0.6981	1.0183	0.7387	0.7267	0.2532	0.9154	0.7211	0.7369	0.2451	0.2546	0.7443	1.2639	1.1759	0.7591	1.1792	1.2317	0.2650	0.8675	0.7255	0.6963	0.7337	0.2690	0.7433	0.9752	1.0858	0.7771	0.9812	0.7192	0.2561	0.7216	0.7440	0.7386	0.6394	0.2605	0.7446	1.1405	0.9917	0.9365	0.7230	0.7239	0.2599	1.0852	0.2556	1.0345	0.7168	0.2582	0.6895	1.1021	1.0456	0.7960	1.2629	0.2543	0.2475	0.6889	0.2508	0.9158	0.7412	0.2560	0.7522	1.0750	1.2160	0.7317	1.3138	0.7301	0.2546	1.1454	0.2637	0.7238	0.7339	0.2637	1.0012	0.2652	0.7970	0.2628	0.8153	1.0290	0.9374	0.9619	0.2913	0.7716	0.7792	0.6971	0.2763
7:29:16	30.2	0.2502	1.2145	0.9585	1.0095	0.8925	0.7632	0.8285	0.7296	0.7115	0.7240	0.2633	0.2624	1.3176	0.7032	1.0430	0.7454	0.7524	0.2531	0.9295	0.7193	0.7395	0.2451	0.2546	0.7340	1.2783	1.1915	0.7972	1.1933	1.2502	0.2656	0.8899	0.7565	0.7183	0.7615	0.2687	0.7430	1.0201	1.0969	0.8091	1.0021	0.7261	0.2560	0.7317	0.7374	0.7775	0.6594	0.2605	0.7307	1.1606	1.0103	0.9591	0.7429	0.7420	0.2600	1.1051	0.2555	1.0524	0.7388	0.2582	0.6963	1.1240	1.0808	0.8107	1.2766	0.2542	0.2475	0.7006	0.2509	0.9556	0.7462	0.2559	0.7581	1.0966	1.2294	0.7476	1.3252	0.7535	0.2546	1.1628	0.2637	0.7524	0.7465	0.2636	1.0178	0.2652	0.8126	0.2633	0.8365	1.0603	0.9765	0.9833	0.2913	0.7814	0.7830	0.7235	0.2763
7:39:16	30.2	0.2509	1.2195	0.9790	1.0210	0.9133	0.7626	0.8628	0.7588	0.7144	0.7312	0.2632	0.2623	1.3168	0.7214	1.0588	0.7578	0.7737	0.2531	0.9597	0.7219	0.7458	0.2450	0.2545	0.7577	1.2812	1.2068	0.8298	1.2062	1.2632	0.2666	0.9101	0.7660	0.7181	0.7287	0.2688	0.7600	1.0562	1.1182	0.8025	1.0076	0.7391	0.2559	0.7544	0.7329	0.7786	0.6496	0.2604	0.7417	1.1769	1.0373	0.9821	0.7933	0.7636	0.2599	1.1256	0.2555	1.0615	0.7326	0.2581	0.7198	1.1491	1.1046	0.7979	1.2885	0.2541	0.2473	0.7220	0.2507	0.9415	0.7458	0.2559	0.7784	1.1119	1.2382	0.7648	1.3322	0.7513	0.2545	1.1826	0.2637	0.7198	0.7493	0.2636	1.0325	0.2652	0.8523	0.2627	0.8575	1.0770	0.9944	0.9978	0.2911	0.7990	0.7820	0.7505	0.2762
7:49:16	30.2	0.2509	1.2238	0.9879	1.0331	0.9453	0.7616	0.8894	0.7534	0.6878	0.7445	0.2633	0.2625	1.3198	0.7197	1.0741	0.7596	0.8058	0.2531	0.9715	0.7154	0.7407	0.2449	0.2545	0.7617	1.2937	1.2225	0.8462	1.2237	1.2819	0.2677	0.9230	0.7380	0.7077	0.7417	0.2688	0.7775	1.0645	1.1254	0.8076	1.0081	0.7547	0.2560	0.7541	0.7579	0.7775	0.6576	0.2604	0.7625	1.1934	1.0543	0.9998	0.8173	0.7709	0.2598	1.1358	0.2554	1.0853	0.7296	0.2582	0.7220	1.1709	1.1217	0.8171	1.3029	0.2542	0.2472	0.7227	0.2506	0.9499	0.7473	0.2559	0.7646	1.1373	1.2499	0.7533	1.3402	0.7440	0.2544	1.1995	0.2636	0.7499	0.7662	0.2635	1.0486	0.2654	0.8811	0.2628	0.8910	1.0983	1.0241	1.0077	0.2913	0.8121	0.8007	0.7647	0.2763
7:59:16	30.2	0.2522	1.2408	1.0253	1.0490	0.9528	0.7678	0.9144	0.7943	0.7037	0.7685	0.2633	0.2623	1.3289	0.7441	1.0961	0.7818	0.8433	0.2530	0.9982	0.7231	0.7349	0.2449	0.2545	0.8046	1.3151	1.2368	0.8775	1.2423	1.2835	0.2692	0.9410	0.7513	0.7240	0.7572	0.2687	0.7875	1.0782	1.1463	0.8455	1.0345	0.7926	0.2558	0.8030	0.7765	0.7920	0.6715	0.2603	0.7874	1.2101	1.0655	1.0217	0.8391	0.8186	0.2598	1.1562	0.2556	1.1115	0.7548	0.2581	0.7432	1.1878	1.1453	0.8652	1.3106	0.2542	0.2472	0.7887	0.2508	0.9523	0.7587	0.2559	0.7946	1.1316	1.2651	0.7595	1.3540	0.7625	0.2545	1.2143	0.2636	0.7468	0.7807	0.2635	1.0623	0.2654	0.9106	0.2628	0.9001	1.1124	1.0473	1.0253	0.2912	0.8394	0.8246	0.7799	0.2763
8:09:16	30.2	0.2526	1.2470	1.0332	1.0635	0.9553	0.7756	0.9300	0.8133	0.7085	0.7771	0.2632	0.2623	1.3331	0.7552	1.1099	0.7852	0.8536	0.2531	1.0081	0.7475	0.7308	0.2450	0.2546	0.8108	1.3180	1.2493	0.8839	1.2582	1.2952	0.2701	0.9549	0.7556	0.7214	0.7466	0.2688	0.7962	1.0989	1.1596	0.8713	1.0142	0.8025	0.2561	0.8102	0.7874	0.7787	0.6714	0.2604	0.7586	1.2256	1.0871	1.0210	0.8574	0.8291	0.2599	1.1657	0.2554	1.1232	0.7493	0.2581	0.7514	1.2084	1.1569	0.9185	1.3277	0.2543	0.2472	0.7851	0.2505	0.9593	0.7441	0.2560	0.7931	1.1601	1.2683	0.7606	1.3622	0.7476	0.2545	1.2332	0.2637	0.7302	0.7902	0.2635	1.0809	0.2658	0.9277	0.2629	0.9276	1.1395	1.0624	1.0422	0.2913	0.8634	0.8521	0.8133	0.2767
8:19:16	30.2	0.2523	1.2523	1.0447	1.0774	0.9946	0.7711	0.9446	0.8414	0.7120	0.8138	0.2632	0.2623	1.3355	0.7819	1.1279	0.8091	0.8808	0.2529	1.0221	0.7574	0.7539	0.2448	0.2544	0.8268	1.3300	1.2660	0.9015	1.2719	1.3077	0.2717	0.9683	0.7637	0.7260	0.7441	0.2687	0.7876	1.1075	1.1666	0.8955	1.0198	0.8494	0.2558	0.8268	0.7932	0.7672	0.6898	0.2603	0.7571	1.2363	1.0976	1.0336	0.8717	0.8419	0.2597	1.1740	0.2554	1.1439	0.7694	0.2580	0.7718	1.2240	1.1706	0.9371	1.3354	0.2542	0.2473	0.8118	0.2502	0.9563	0.7612	0.2558	0.8083	1.1741	1.2765	0.8189	1.3688	0.7380	0.2544	1.2488	0.2637	0.6988	0.7973	0.2635	1.0944	0.2660	0.9582	0.2627	0.9570	1.1583	1.0775	1.0538	0.2912	0.8731	0.8896	0.8182	0.2765
8:29:16	30.2	0.2526	1.2590	1.0723	1.0907	0.9997	0.7697	0.9551	0.8564	0.7264	0.7964	0.2634	0.2624	1.3383	0.7887	1.1431	0.8509	0.8798	0.2531	1.0374	0.7775	0.7765	0.2451	0.2547	0.8225	1.3410	1.2816	0.9079	1.2859	1.3198	0.2734	0.9820	0.7913	0.7223	0.7703	0.2688	0.8389	1.1281	1.1749	0.9180	1.0388	0.8724	0.2560	0.8688	0.8140	0.8027	0.6962	0.2604	0.7697	1.2504	1.1049	1.0431	0.9130	0.8918	0.2597	1.1798	0.2555	1.1560	0.7855	0.2583	0.7932	1.2394	1.1797	0.9727	1.3448	0.2543	0.2474	0.8360	0.2502	0.9568	0.7470	0.2559	0.8332	1.1891	1.2841	0.8579	1.3704	0.7607	0.2544	1.2617	0.2637	0.7257	0.8006	0.2636	1.1092	0.2661	0.9983	0.2628	1.0022	1.1750	1.0952	1.0659	0.2912	0.8833	0.9206	0.8147	0.2763
8:39:16	30.2	0.2526	1.2786	1.1088	1.1092	1.0307	0.7712	1.0163	0.8902	0.7343	0.8167	0.2634	0.2625	1.3538	0.8139	1.1684	0.8871	0.9112	0.2533	1.0613	0.8029	0.7847	0.2451	0.2545	0.8393	1.3518	1.2989	0.9463	1.3009	1.3171	0.2769	1.0100	0.8038	0.7468	0.7617	0.2688	0.8479	1.1441	1.2011	0.9375	1.0474	0.8806	0.2560	0.8894	0.8431	0.8063	0.7149	0.2605	0.7842	1.2626	1.1290	1.0680	0.9462	0.8943	0.2599	1.1961	0.2557	1.1728	0.7754	0.2582	0.7888	1.2567	1.2021	0.9720	1.3514	0.2543	0.2475	0.8563	0.2505	0.9753	0.7386	0.2561	0.8611	1.2054	1.2999	0.8596	1.3830	0.7811	0.2545	1.2725	0.2638	0.7305	0.8140	0.2638	1.1218	0.2667	1.0265	0.2629	1.0148	1.1909	1.1104	1.0818	0.2913	0.9050	0.9472	0.8074	0.2762
8:49:16	30.2	0.2527	1.2786	1.1087	1.1170	1.0702	0.7649	1.0484	0.9032	0.7528	0.8232	0.2632	0.2623	1.3529	0.8222	1.1835	0.8898	0.9243	0.2532	1.0756	0.8281	0.8112	0.2451	0.2547	0.8496	1.3624	1.3132	0.9576	1.3137	1.3332	0.2804	1.0266	0.8488	0.7423	0.7849	0.2688	0.9143	1.1689	1.2109	0.9504	1.0576	0.9069	0.2560	0.9202	0.8734	0.8421	0.7260	0.2604	0.7776	1.2721	1.1420	1.0811	0.9745	0.9195	0.2598	1.2186	0.2556	1.1811	0.8140	0.2583	0.8137	1.2692	1.2225	0.9954	1.3603	0.2543	0.2473	0.8692	0.2506	0.9739	0.7416	0.2559	0.8981	1.2166	1.3109	0.8764	1.3885	0.8099	0.2545	1.2825	0.2637	0.7246	0.8303	0.2634	1.1320	0.2666	1.0364	0.2628	1.0430	1.2096	1.1196	1.0944	0.2911	0.9228	0.9677	0.8416	0.2763
8:59:16	30.2	0.2524	1.2867	1.1240	1.1297	1.1117	0.7605	1.0724	0.9228	0.7523	0.8544	0.2634	0.2623	1.3619	0.8337	1.1945	0.9085	0.9461	0.2532	1.0908	0.8599	0.8261	0.2451	0.2548	0.8676	1.3733	1.3300	0.9922	1.3259	1.3407	0.2844	1.0484	0.8607	0.7649	0.8015	0.2689	0.9449	1.1797	1.2264	0.9755	1.0780	0.9329	0.2559	0.9635	0.9091	0.8703	0.7217	0.2606	0.8371	1.2802	1.1630	1.0954	1.0048	0.9500	0.2598	1.2247	0.2554	1.1873	0.8369	0.2584	0.8359	1.2808	1.2343	1.0204	1.3697	0.2543	0.2474	0.9233	0.2506	0.9838	0.7483	0.2560	0.9213	1.2236	1.3174	0.9275	1.3943	0.8046	0.2545	1.2958	0.2638	0.7482	0.8496	0.2637	1.1484	0.2672	1.0732	0.2632	1.0689	1.2240	1.1355	1.1140	0.2912	0.9504	1.0034	0.8786	0.2765
9:09:16	30.2	0.2528	1.2960	1.1573	1.1451	1.1266	0.7920	1.0930	0.9641	0.7614	0.8873	0.2635	0.2626	1.3677	0.8606	1.2053	0.9294	0.9883	0.2535	1.1080	0.8825	0.8622	0.2452	0.2547	0.9026	1.3869	1.3448	1.0001	1.3381	1.3506	0.2880	1.0723	0.9099	0.7697	0.8038	0.2690	0.9758	1.2019	1.2325	1.0028	1.0824	0.9659	0.2562	0.9954	0.9421	0.8885	0.7294	0.2607	0.8417	1.2891	1.1760	1.1060	1.0312	0.9775	0.2600	1.2408	0.2556	1.1944	0.8499	0.2583	0.8644	1.2965	1.2482	1.0366	1.3761	0.2544	0.2475	0.9513	0.2509	0.9899	0.7538	0.2561	0.9528	1.2398	1.3294	0.9612	1.4008	0.8499	0.2546	1.3047	0.2639	0.7464	0.8575	0.2638	1.1562	0.2680	1.0956	0.2630	1.0992	1.2359	1.1500	1.1259	0.2914	0.9690	1.0327	0.9054	0.2766
9:19:16	30.2	0.2499	1.3200	1.1758	1.1674	1.1337	0.8161	1.1196	0.9987	0.7985	0.9276	0.2633	0.2625	1.3836	0.8832	1.2222	0.9650	1.0302	0.2532	1.1265	0.9082	0.8779	0.2450	0.2547	0.9214	1.3974	1.3555	1.0560	1.3468	1.3528	0.2934	1.0933	0.9385	0.7864	0.8121	0.2688	0.9910	1.2204	1.2419	1.0294	1.0960	1.0037	0.2560	1.0377	0.9924	0.9276	0.7414	0.2603	0.8486	1.2969	1.1884	1.1213	1.0657	1.0215	0.2599	1.2512	0.2554	1.1988	0.8873	0.2583	0.8952	1.3116	1.2570	1.0603	1.3818	0.2543	0.2473	1.0084	0.2508	1.0195	0.7851	0.2560	0.9796	1.2481	1.3380	0.9787	1.4080	0.8935	0.2545	1.3162	0.2638	0.7739	0.8889	0.2636	1.1665	0.2684	1.1209	0.2628	1.1262	1.2503	1.1772	1.1457	0.2912	1.0038	1.0528	0.9364	0.2764
9:29:16	30.3	0.2513	1.3174	1.1913	1.1694	1.1664	0.8178	1.1483	1.0303	0.7928	0.9565	0.2636	0.2626	1.3816	0.9026	1.2348	0.9978	1.0552	0.2532	1.1453	0.9446	0.9141	0.2452	0.2548	0.9602	1.4042	1.3714	1.0850	1.3577	1.3683	0.2962	1.1130	0.9648	0.8030	0.8330	0.2689	1.0167	1.2352	1.2557	1.0552	1.1086	1.0349	0.2560	1.0697	1.0273	0.9577	0.7507	0.2606	0.8810	1.3001	1.2031	1.1353	1.0996	1.0506	0.2599	1.2747	0.2554	1.2153	0.9300	0.2584	0.9270	1.3208	1.2695	1.0835	1.3861	0.2544	0.2474	1.0454	0.2508	1.0188	0.7843	0.2561	1.0021	1.2569	1.3459	1.0095	1.4113	0.9329	0.2545	1.3260	0.2638	0.7688	0.9074	0.2638	1.1786	0.2689	1.1442	0.2628	1.1541	1.2636	1.1917	1.1555	0.2914	1.0243	1.0956	0.9743	0.2766
9:39:16	30.2	0.2515	1.3284	1.2143	1.1965	1.1761	0.8334	1.1633	1.0521	0.8283	0.9938	0.2636	0.2624	1.3913	0.9273	1.2453	1.0273	1.0799	0.2531	1.1582	0.9752	0.9423	0.2451	0.2547	0.9768	1.4157	1.3812	1.1101	1.3651	1.3759	0.3027	1.1393	1.0067	0.8253	0.8638	0.2688	1.0486	1.2456	1.2675	1.0878	1.1245	1.0690	0.2560	1.0976	1.0605	1.0009	0.7580	0.2605	0.8974	1.3106	1.2187	1.1498	1.1167	1.0862	0.2598	1.2857	0.2557	1.2206	0.9763	0.2583	0.9466	1.3331	1.2827	1.1142	1.3981	0.2543	0.2474	1.0736	0.2505	1.0377	0.7714	0.2560	1.0272	1.2725	1.3512	1.0428	1.4215	0.9697	0.2546	1.3351	0.2638	0.8158	0.9250	0.2635	1.1905	0.2698	1.1533	0.2629	1.1764	1.2749	1.2142	1.1690	0.2912	1.0528	1.1076	1.0001	0.2764
9:49:16	30.2	0.2527	1.3387	1.2165	1.2050	1.1914	0.8778	1.1710	1.0760	0.8306	1.0243	0.2638	0.2624	1.4004	0.9584	1.2566	1.0612	1.1076	0.2532	1.1812	1.0086	0.9829	0.2451	0.2547	0.9968	1.4256	1.3957	1.1219	1.3753	1.3835	0.3098	1.1607	1.0434	0.8435	0.8932	0.2688	1.0533	1.2539	1.2815	1.0989	1.1306	1.0982	0.2559	1.1095	1.0833	1.0311	0.7624	0.2605	0.9234	1.3132	1.2346	1.1586	1.1258	1.1003	0.2599	1.3086	0.2554	1.2356	1.0054	0.2582	0.9668	1.3437	1.2953	1.1294	1.4016	0.2544	0.2474	1.0999	0.2507	1.0382	0.8095	0.2560	1.0448	1.2729	1.3603	1.0675	1.4288	1.0017	0.2546	1.3477	0.2638	0.8396	0.9430	0.2638	1.2026	0.2703	1.1747	0.2628	1.1894	1.2889	1.2189	1.1794	0.2913	1.0734	1.1223	1.0192	0.2764
9:59:16	30.2	0.2525	1.3466	1.2320	1.2282	1.2106	0.8916	1.1852	1.1029	0.8606	1.0535	0.2635	0.2624	1.4058	0.9831	1.2731	1.0835	1.1264	0.2531	1.2016	1.0401	1.0098	0.2452	0.2546	1.0148	1.4374	1.4030	1.1609	1.3829	1.3933	0.3150	1.1731	1.0802	0.8720	0.9402	0.2688	1.0868	1.2737	1.2800	1.1315	1.1441	1.1266	0.2560	1.1391	1.1211	1.0772	0.7638	0.2603	0.9393	1.3211	1.2466	1.1802	1.1643	1.1365	0.2598	1.3130	0.2555	1.2404	1.0463	0.2583	1.0040	1.3544	1.3034	1.1507	1.4076	0.2543	0.2472	1.1350	0.2507	1.0495	0.8296	0.2559	1.0720	1.2856	1.3686	1.0964	1.4316	1.0463	0.2545	1.3561	0.2639	0.8576	0.9784	0.2637	1.2119	0.2724	1.2060	0.2628	1.2094	1.3008	1.2423	1.1994	0.2912	1.0990	1.1473	1.0564	0.2763
10:09:16	30.2	0.2512	1.3402	1.2463	1.2349	1.2261	0.9188	1.2012	1.1327	0.8656	1.0896	0.2637	0.2625	1.4086	1.0112	1.2840	1.1090	1.1436	0.2532	1.2093	1.0825	1.0485	0.2452	0.2547	1.0483	1.4432	1.4141	1.1755	1.3925	1.4046	0.3213	1.1927	1.1073	0.9036	0.9762	0.2689	1.1012	1.2895	1.2818	1.1573	1.1601	1.1524	0.2560	1.1619	1.1310	1.0989	0.7744	0.2604	0.9582	1.3174	1.2575	1.1952	1.1793	1.1531	0.2598	1.3331	0.2555	1.2539	1.0701	0.2580	1.0212	1.3640	1.3175	1.1727	1.4145	0.2543	0.2473	1.1606	0.2509	1.0538	0.8742	0.2561	1.0816	1.2937	1.3768	1.1242	1.4410	1.0748	0.2544	1.3684	0.2637	0.8931	0.9930	0.2636	1.2254	0.2738	1.2072	0.2627	1.2265	1.3107	1.2586	1.2089	0.2912	1.1235	1.1636	1.0799	0.2762
10:19:16	30.2	0.2514	1.3489	1.2536	1.2522	1.2268	0.9591	1.2028	1.1348	0.8951	1.0918	0.2636	0.2624	1.4192	1.0269	1.2935	1.1403	1.1580	0.2531	1.2274	1.0893	1.0655	0.2452	0.2547	1.0771	1.4537	1.4211	1.1919	1.3998	1.4111	0.3273	1.2090	1.1208	0.8965	1.0104	0.2689	1.1217	1.2956	1.2863	1.1718	1.1595	1.1689	0.2560	1.1773	1.1509	1.1200	0.7708	0.2606	0.9835	1.3284	1.2681	1.2038	1.2002	1.1793	0.2598	1.3294	0.2555	1.2630	1.1042	0.2582	1.0471	1.3735	1.3236	1.1743	1.4195	0.2542	0.2474	1.1757	0.2507	1.0647	0.9209	0.2559	1.1176	1.3046	1.3766	1.1408	1.4465	1.1096	0.2545	1.3741	0.2639	0.9449	1.0107	0.2635	1.2261	0.2754	1.2281	0.2637	1.2379	1.3183	1.2640	1.2199	0.2913	1.1415	1.1961	1.1081	0.2765
10:29:16	30.2	0.2527	1.3691	1.2608	1.2698	1.2397	1.0073	1.2197	1.1464	0.9205	1.0978	0.2637	0.2625	1.4253	1.0607	1.3057	1.1463	1.1591	0.2532	1.2435	1.1019	1.0899	0.2451	0.2545	1.0882	1.4610	1.4299	1.1943	1.4065	1.4212	0.3240	1.2343	1.1338	0.9348	1.0390	0.2688	1.1447	1.2970	1.3097	1.1774	1.1773	1.1753	0.2560	1.1845	1.1603	1.1395	0.7785	0.2605	0.9908	1.3387	1.2705	1.2218	1.2030	1.1851	0.2598	1.3501	0.2555	1.2717	1.1180	0.2583	1.0664	1.3818	1.3285	1.1966	1.4275	0.2543	0.2474	1.1896	0.2506	1.0752	0.9546	0.2559	1.1264	1.3087	1.3852	1.1541	1.4495	1.1237	0.2545	1.3813	0.2640	0.9851	1.0294	0.2639	1.2383	0.2779	1.2388	0.2633	1.2463	1.3272	1.2819	1.2253	0.2913	1.1634	1.2016	1.1270	0.2763
10:39:16	30.2	0.2508	1.3584	1.2737	1.2804	1.2532	1.0357	1.2362	1.1782	0.9406	1.1410	0.2635	0.2623	1.4300	1.0920	1.3168	1.1714	1.1818	0.2531	1.2600	1.1328	1.1083	0.2450	0.2546	1.1023	1.4651	1.4356	1.2078	1.4132	1.4275	0.3529	1.2409	1.1632	0.9526	1.0741	0.2689	1.1433	1.3086	1.3094	1.1919	1.1787	1.1976	0.2559	1.2017	1.1722	1.1588	0.7862	0.2603	1.0113	1.3346	1.2833	1.2307	1.2213	1.2006	0.2596	1.3612	0.2552	1.2800	1.1313	0.2580	1.0954	1.3931	1.3346	1.2068	1.4332	0.2542	0.2473	1.2100	0.2506	1.0821	0.9966	0.2559	1.1340	1.3172	1.3895	1.1767	1.4576	1.1497	0.2544	1.3909	0.2636	1.0279	1.0634	0.2637	1.2505	0.2793	1.2577	0.2627	1.2635	1.3418	1.2977	1.2405	0.2911	1.1868	1.2170	1.1527	0.2763
10:49:16	30.2	0.2518	1.3850	1.2675	1.3038	1.2666	1.0663	1.2361	1.1823	0.9713	1.1436	0.2637	0.2625	1.4411	1.0959	1.3285	1.1731	1.1912	0.2530	1.2785	1.1291	1.1042	0.2451	0.2547	1.1034	1.4736	1.4425	1.2077	1.4213	1.4324	0.3686	1.2589	1.1721	0.9792	1.0667	0.2690	1.1565	1.3258	1.3189	1.2158	1.1907	1.2110	0.2560	1.2141	1.1852	1.1659	0.7924	0.2606	1.0595	1.3460	1.2990	1.2570	1.2414	1.2217	0.2598	1.3654	0.2556	1.2899	1.1435	0.2584	1.1082	1.3984	1.3492	1.2191	1.4380	0.2543	0.2474	1.2239	0.2508	1.1023	1.0303	0.2562	1.1497	1.3332	1.4045	1.1965	1.4648	1.1787	0.2546	1.3979	0.2639	1.0596	1.0873	0.2636	1.2619	0.2840	1.2765	0.2629	1.2736	1.3477	1.3120	1.2575	0.2912	1.2146	1.2290	1.1691	0.2766
10:59:16	30.2	0.2515	1.3753	1.2947	1.3032	1.2751	1.0913	1.2618	1.1799	0.9909	1.1600	0.2638	0.2626	1.4414	1.1366	1.3378	1.2038	1.2055	0.2533	1.2918	1.1584	1.1347	0.2451	0.2549	1.1336	1.4787	1.4487	1.2392	1.4276	1.4446	0.3861	1.2764	1.1979	1.0170	1.1051	0.2690	1.1746	1.3287	1.3167	1.2240	1.1957	1.2226	0.2560	1.2357	1.2075	1.1911	0.7992	0.2606	1.0809	1.3466	1.3057	1.2580	1.2529	1.2284	0.2597	1.3779	0.2556	1.3000	1.1844	0.2583	1.1399	1.4081	1.3534	1.2425	1.4459	0.2545	0.2473	1.2405	0.2512	1.1083	1.0670	0.2561	1.1852	1.3413	1.3998	1.2011	1.4704	1.1852	0.2545	1.4072	0.2638	1.0861	1.1144	0.2639	1.2749	0.2826	1.2789	0.2629	1.2924	1.3634	1.3348	1.2663	0.2912	1.2356	1.2392	1.1821	0.2766
11:09:16	30.2	0.2528	1.3856	1.3087	1.3183	1.2863	1.1225	1.2612	1.2040	1.0115	1.1535	0.2637	0.2625	1.4471	1.1604	1.3485	1.2192	1.2208	0.2534	1.3069	1.1719	1.1463	0.2452	0.2546	1.1264	1.4896	1.4577	1.2479	1.4347	1.4537	0.4125	1.2888	1.2037	1.0501	1.1283	0.2689	1.1905	1.3375	1.3238	1.2374	1.2053	1.2365	0.2559	1.2493	1.2251	1.1936	0.7994	0.2606	1.1161	1.3471	1.3138	1.2773	1.2701	1.2452	0.2598	1.3890	0.2556	1.3119	1.1898	0.2583	1.1414	1.4114	1.3601	1.2540	1.4527	0.2544	0.2475	1.2502	0.2499	1.1212	1.0888	0.2560	1.1878	1.3504	1.4097	1.2237	1.4790	1.2104	0.2545	1.4145	0.2640	1.1128	1.1331	0.2636	1.2872	0.2900	1.2993	0.2631	1.3014	1.3710	1.3436	1.2755	0.2912	1.2545	1.2564	1.1918	0.2765
11:19:16	30.2	0.2517	1.3891	1.2988	1.3255	1.2947	1.1503	1.2709	1.1902	1.0351	1.1854	0.2637	0.2627	1.4507	1.1714	1.3591	1.2233	1.2276	0.2533	1.3130	1.1890	1.1576	0.2452	0.2547	1.1490	1.4968	1.4612	1.2571	1.4382	1.4621	0.4223	1.3045	1.2046	1.0640	1.1384	0.2690	1.1926	1.3412	1.3081	1.2380	1.2135	1.2511	0.2561	1.2563	1.2363	1.2078	0.8079	0.2607	1.1174	1.3516	1.3166	1.2781	1.2738	1.2538	0.2598	1.3954	0.2557	1.3206	1.2019	0.2585	1.1497	1.4245	1.3697	1.2625	1.4600	0.2544	0.2474	1.2625	0.2498	1.1334	1.1192	0.2561	1.1867	1.3548	1.4151	1.2271	1.4802	1.2323	0.2544	1.4251	0.2639	1.1370	1.1547	0.2638	1.2990	0.2962	1.3005	0.2630	1.3097	1.3834	1.3550	1.2823	0.2913	1.2698	1.2699	1.1967	0.2765
11:29:16	30.2	0.2522	1.4001	1.3103	1.3367	1.3002	1.1368	1.2708	1.2148	1.0531	1.1918	0.2637	0.2625	1.4600	1.1879	1.3684	1.2371	1.2357	0.2532	1.3301	1.2004	1.1696	0.2452	0.2548	1.1537	1.5011	1.4679	1.2728	1.4459	1.4683	0.4155	1.3147	1.2119	1.0999	1.1379	0.2690	1.2095	1.3543	1.3355	1.2582	1.2167	1.2473	0.2559	1.2564	1.2483	1.2287	0.8076	0.2607	1.1394	1.3625	1.3271	1.2959	1.2904	1.2619	0.2598	1.4022	0.2557	1.3267	1.2141	0.2583	1.1621	1.4263	1.3740	1.2728	1.4636	0.2543	0.2475	1.2739	0.2498	1.1484	1.1298	0.2561	1.2102	1.3641	1.4179	1.2487	1.4892	1.2432	0.2544	1.4278	0.2640	1.1535	1.1702	0.2637	1.3115	0.2982	1.3302	0.2629	1.3233	1.3909	1.3713	1.2883	0.2913	1.2870	1.2776	1.2180	0.2765
11:39:16	30.2	0.2534	1.4037	1.3221	1.3454	1.3165	1.1676	1.2888	1.2416	1.0737	1.2207	0.2639	0.2628	1.4648	1.2026	1.3771	1.2488	1.2355	0.2532	1.3413	1.2123	1.2016	0.2454	0.2549	1.1744	1.5031	1.4729	1.2869	1.4501	1.4750	0.4486	1.3267	1.2341	1.0993	1.1656	0.2690	1.2193	1.3637	1.3451	1.2718	1.2282	1.2655	0.2561	1.2735	1.2547	1.2442	0.8174	0.2607	1.1593	1.3664	1.3461	1.3042	1.3054	1.2803	0.2599	1.4162	0.2556	1.3356	1.2348	0.2583	1.1771	1.4341	1.3823	1.2923	1.4699	0.2544	0.2474	1.2852	0.2499	1.1495	1.1588	0.2562	1.2255	1.3721	1.4242	1.2653	1.4970	1.2520	0.2545	1.4351	0.2640	1.1743	1.1872	0.2638	1.3233	0.3057	1.3429	0.2630	1.3334	1.3998	1.3778	1.3009	0.2914	1.3019	1.2960	1.2412	0.2765
11:49:16	30.3	0.2529	1.4129	1.3331	1.3590	1.3270	1.1979	1.3075	1.2569	1.0987	1.2383	0.2636	0.2624	1.4692	1.2223	1.3856	1.2627	1.2667	0.2531	1.3585	1.2231	1.2087	0.2451	0.2547	1.2043	1.5060	1.4748	1.2995	1.4548	1.4794	0.4992	1.3395	1.2566	1.1207	1.2008	0.2689	1.2469	1.3773	1.3517	1.2802	1.2330	1.2853	0.2560	1.2996	1.2765	1.2520	0.8257	0.2607	1.1763	1.3725	1.3525	1.3176	1.3145	1.2936	0.2598	1.4196	0.2555	1.3420	1.2543	0.2582	1.2020	1.4431	1.3880	1.2986	1.4781	0.2545	0.2474	1.2970	0.2498	1.1655	1.1907	0.2561	1.2351	1.3792	1.4283	1.2788	1.5011	1.2686	0.2544	1.4405	0.2639	1.1962	1.2081	0.2637	1.3332	0.3112	1.3459	0.2628	1.3538	1.4065	1.3885	1.3163	0.2912	1.3202	1.3015	1.2570	0.2766
11:59:16	30.2	0.2531	1.4127	1.3468	1.3647	1.3305	1.2115	1.3087	1.2385	1.1195	1.2419	0.2639	0.2626	1.4712	1.2193	1.3904	1.2694	1.2701	0.2532	1.3645	1.2156	1.2104	0.2454	0.2548	1.2034	1.5084	1.4784	1.3069	1.4599	1.4840	0.5091	1.3504	1.2596	1.1469	1.2093	0.2690	1.2558	1.3774	1.3470	1.2919	1.2439	1.2843	0.2561	1.3025	1.2827	1.2681	0.8277	0.2608	1.1901	1.3741	1.3504	1.3247	1.3217	1.2982	0.2599	1.4287	0.2557	1.3501	1.2567	0.2582	1.2161	1.4490	1.4008	1.2988	1.4840	0.2544	0.2476	1.3082	0.2500	1.1685	1.2032	0.2562	1.2452	1.3836	1.4430	1.2813	1.5041	1.2764	0.2545	1.4470	0.2642	1.2081	1.2230	0.2637	1.3394	0.3228	1.3597	0.2630	1.3489	1.4156	1.4009	1.3139	0.2913	1.3279	1.3181	1.2634	0.2765
12:09:16	30.2	0.2532	1.4138	1.3597	1.3757	1.3297	1.2250	1.3177	1.2790	1.1407	1.2556	0.2638	0.2626	1.4776	1.2486	1.3956	1.2807	1.2835	0.2533	1.3710	1.2382	1.2333	0.2452	0.2548	1.2236	1.5144	1.4828	1.3131	1.4644	1.4903	0.5366	1.3653	1.2727	1.1876	1.2261	0.2689	1.2523	1.3844	1.3550	1.2982	1.2501	1.3005	0.2562	1.3107	1.2950	1.2798	0.8374	0.2607	1.2243	1.3815	1.3600	1.3377	1.3366	1.3137	0.2598	1.4314	0.2558	1.3590	1.2719	0.2583	1.2069	1.4560	1.3954	1.3198	1.4907	0.2544	0.2474	1.3149	0.2499	1.1751	1.1966	0.2562	1.2542	1.3927	1.4372	1.3000	1.5095	1.2922	0.2545	1.4536	0.2642	1.2288	1.2355	0.2638	1.3484	0.3172	1.3639	0.2629	1.3630	1.4240	1.4124	1.3265	0.2912	1.3493	1.3260	1.2780	0.2764
12:19:16	30.2	0.2509	1.4251	1.3673	1.3888	1.3480	1.2293	1.3210	1.2941	1.1610	1.2689	0.2637	0.2626	1.4841	1.2547	1.4062	1.2948	1.2915	0.2530	1.3830	1.2403	1.2458	0.2452	0.2548	1.2265	1.5172	1.4846	1.3254	1.4676	1.4952	0.5466	1.3751	1.2791	1.1929	1.2241	0.2691	1.2636	1.3871	1.3614	1.3139	1.2515	1.3117	0.2559	1.3210	1.2979	1.2862	0.8427	0.2606	1.2156	1.3895	1.3720	1.3476	1.3441	1.3206	0.2597	1.4439	0.2556	1.3662	1.2821	0.2583	1.2293	1.4610	1.4063	1.3327	1.4971	0.2543	0.2475	1.3261	0.2497	1.2007	1.2211	0.2561	1.2754	1.3975	1.4480	1.3115	1.5139	1.3063	0.2546	1.4581	0.2642	1.2404	1.2548	0.2636	1.3574	0.3223	1.3785	0.2632	1.3744	1.4296	1.4247	1.3311	0.2913	1.3632	1.3403	1.2949	0.2766
12:29:16	30.2	0.2518	1.4278	1.3727	1.3946	1.3545	1.2494	1.3347	1.2865	1.1814	1.2840	0.2638	0.2626	1.4893	1.2756	1.4126	1.3072	1.3046	0.2532	1.3917	1.2682	1.2503	0.2453	0.2550	1.2382	1.5215	1.4863	1.3403	1.4724	1.5008	0.5549	1.3867	1.2921	1.2111	1.2432	0.2692	1.2735	1.3987	1.3683	1.3179	1.2595	1.3215	0.2560	1.3413	1.3076	1.2972	0.8464	0.2608	1.2252	1.3929	1.3817	1.3538	1.3579	1.3346	0.2600	1.4504	0.2557	1.3740	1.2957	0.2582	1.2468	1.4644	1.4124	1.3416	1.5014	0.2545	0.2475	1.3433	0.2501	1.2022	1.2375	0.2562	1.2825	1.4065	1.4551	1.3275	1.5228	1.3160	0.2547	1.4627	0.2645	1.2565	1.2708	0.2639	1.3652	0.3533	1.3899	0.2630	1.3840	1.4359	1.4336	1.3423	0.2914	1.3737	1.3493	1.3003	0.2767
12:39:16	30.2	0.2516	1.4320	1.3776	1.4036	1.3632	1.2703	1.3442	1.2989	1.2026	1.2815	0.2638	0.2625	1.4925	1.2822	1.4202	1.3097	1.3142	0.2533	1.3957	1.2687	1.2683	0.2452	0.2548	1.2518	1.5237	1.4910	1.3511	1.4752	1.5087	0.5661	1.3963	1.2996	1.2267	1.2538	0.2689	1.2847	1.4055	1.3728	1.3316	1.2721	1.3323	0.2561	1.3377	1.3171	1.3107	0.8582	0.2607	1.2388	1.3972	1.3837	1.3645	1.3657	1.3499	0.2598	1.4524	0.2556	1.3801	1.3049	0.2585	1.2561	1.4704	1.4221	1.3484	1.5051	0.2545	0.2475	1.3505	0.2498	1.2155	1.2538	0.2561	1.2903	1.4138	1.4552	1.3357	1.5262	1.3254	0.2547	1.4693	0.2645	1.2672	1.2864	0.2640	1.3727	0.3669	1.3959	0.2629	1.3920	1.4436	1.4469	1.3498	0.2913	1.3872	1.3551	1.3073	0.2764
12:49:16	30.3	0.2521	1.4397	1.3905	1.4149	1.3768	1.2718	1.3634	1.3218	1.2207	1.2962	0.2637	0.2626	1.4997	1.2971	1.4264	1.3248	1.3290	0.2533	1.4033	1.2890	1.2779	0.2452	0.2549	1.2578	1.5307	1.4903	1.3611	1.4779	1.5119	0.5677	1.4094	1.3084	1.2432	1.2676	0.2691	1.2976	1.4085	1.3832	1.3485	1.2712	1.3461	0.2562	1.3566	1.3375	1.3321	0.8602	0.2607	1.2582	1.4044	1.3984	1.3724	1.3747	1.3645	0.2598	1.4607	0.2556	1.3856	1.3168	0.2585	1.2666	1.4722	1.4279	1.3600	1.5102	0.2544	0.2474	1.3656	0.2500	1.2275	1.2683	0.2562	1.2956	1.4121	1.4647	1.3471	1.5329	1.3414	0.2546	1.4733	0.2646	1.2848	1.2992	0.2638	1.3785	0.3985	1.4097	0.2629	1.4076	1.4488	1.4512	1.3562	0.2914	1.3989	1.3658	1.3221	0.2766
12:59:16	30.2	0.2521	1.4439	1.4168	1.4262	1.3859	1.2989	1.3630	1.3350	1.2425	1.3088	0.2637	0.2626	1.5058	1.3115	1.4301	1.3389	1.3398	0.2531	1.4087	1.3075	1.2933	0.2452	0.2547	1.2718	1.5315	1.4919	1.3657	1.4813	1.5156	0.5680	1.4184	1.3255	1.2581	1.2763	0.2690	1.3060	1.4195	1.3844	1.3527	1.2851	1.3505	0.2560	1.3644	1.3471	1.3361	0.8696	0.2607	1.2643	1.4083	1.4012	1.3836	1.3875	1.3651	0.2597	1.4712	0.2557	1.3925	1.3232	0.2583	1.2773	1.4764	1.4298	1.3661	1.5167	0.2544	0.2475	1.3721	0.2501	1.2465	1.2894	0.2562	1.3079	1.4214	1.4681	1.3545	1.5380	1.3556	0.2545	1.4762	0.2645	1.2920	1.3159	0.2639	1.3837	0.4226	1.4147	0.2629	1.4106	1.4541	1.4624	1.3666	0.2913	1.4101	1.3749	1.3307	0.2766
13:09:16	30.2	0.2522	1.4452	1.4199	1.4314	1.3901	1.2958	1.3698	1.3437	1.2597	1.3302	0.2637	0.2626	1.5087	1.3150	1.4344	1.3362	1.3430	0.2533	1.4120	1.3071	1.3008	0.2452	0.2548	1.2795	1.5337	1.4954	1.3763	1.4843	1.5228	0.5580	1.4282	1.3414	1.2809	1.3083	0.2690	1.3257	1.4228	1.3872	1.3609	1.2913	1.3563	0.2560	1.3677	1.3608	1.3511	0.8855	0.2607	1.2695	1.4015	1.4053	1.3862	1.3893	1.3740	0.2597	1.4816	0.2558	1.3998	1.3333	0.2584	1.2860	1.4823	1.4342	1.3721	1.5207	0.2544	0.2476	1.3829	0.2498	1.2479	1.2943	0.2562	1.3184	1.4339	1.4725	1.3661	1.5386	1.3594	0.2545	1.4822	0.2647	1.3045	1.3303	0.2639	1.3904	0.4386	1.4252	0.2629	1.4200	1.4613	1.4706	1.3696	0.2914	1.4167	1.3833	1.3421	0.2765
13:19:16	30.2	0.2530	1.4504	1.4254	1.4421	1.4068	1.3178	1.3866	1.3534	1.2732	1.3294	0.2638	0.2626	1.5119	1.3183	1.4411	1.3489	1.3529	0.2531	1.4242	1.3302	1.3114	0.2454	0.2548	1.2966	1.5373	1.4969	1.3878	1.4876	1.5241	0.5835	1.4365	1.3547	1.3085	1.3092	0.2691	1.3345	1.4311	1.3927	1.3713	1.2877	1.3720	0.2560	1.3864	1.3661	1.3576	0.8925	0.2608	1.2897	1.4107	1.4154	1.4006	1.3998	1.3861	0.2600	1.4821	0.2557	1.4053	1.3451	0.2584	1.2962	1.4854	1.4435	1.3821	1.5294	0.2545	0.2476	1.3873	0.2499	1.2529	1.3087	0.2561	1.3300	1.4377	1.4804	1.3753	1.5477	1.3725	0.2545	1.4869	0.2650	1.3158	1.3443	0.2639	1.4000	0.4605	1.4330	0.2632	1.4262	1.4669	1.4798	1.3786	0.2913	1.4305	1.3864	1.3577	0.2766
13:29:16	30.2	0.2525	1.4531	1.4367	1.4490	1.4317	1.3286	1.4106	1.3668	1.2924	1.3509	0.2637	0.2625	1.5173	1.3367	1.4485	1.3599	1.3630	0.2531	1.4324	1.3340	1.3291	0.2452	0.2547	1.3114	1.5374	1.4964	1.3871	1.4885	1.5288	0.5531	1.4452	1.3687	1.3068	1.3287	0.2689	1.3421	1.4381	1.3864	1.3778	1.3119	1.3833	0.2560	1.3967	1.3777	1.3690	0.9001	0.2605	1.2958	1.4105	1.4241	1.4062	1.4109	1.3921	0.2596	1.4880	0.2556	1.4136	1.3545	0.2582	1.3061	1.4894	1.4537	1.3902	1.5377	0.2543	0.2475	1.3972	0.2498	1.2782	1.3278	0.2561	1.3425	1.4438	1.4904	1.3847	1.5468	1.3809	0.2545	1.4913	0.2650	1.3305	1.3591	0.2637	1.4057	0.4759	1.4415	0.2628	1.4355	1.4726	1.4877	1.3859	0.2913	1.4398	1.3980	1.3653	0.2765
13:39:16	30.2	0.2522	1.4589	1.4369	1.4584	1.4205	1.3371	1.4010	1.3721	1.3058	1.3592	0.2639	0.2626	1.5215	1.3489	1.4539	1.3697	1.3726	0.2533	1.4387	1.3354	1.3347	0.2452	0.2549	1.3268	1.5397	1.4971	1.4125	1.4911	1.5310	0.5536	1.4530	1.3777	1.3217	1.3378	0.2691	1.3410	1.4477	1.3854	1.3844	1.3140	1.3863	0.2561	1.4043	1.3890	1.3776	0.8961	0.2608	1.3015	1.4230	1.4286	1.4126	1.4225	1.3992	0.2600	1.4960	0.2557	1.4190	1.3645	0.2583	1.3158	1.4928	1.4588	1.3957	1.5429	0.2544	0.2475	1.4046	0.2499	1.2705	1.3291	0.2562	1.3456	1.4510	1.4958	1.3945	1.5523	1.3907	0.2546	1.4957	0.2653	1.3438	1.3707	0.2639	1.4131	0.4838	1.4490	0.2630	1.4424	1.4790	1.4962	1.3961	0.2914	1.4533	1.4034	1.3692	0.2768
13:49:16	30.2	0.2534	1.4604	1.4419	1.4620	1.4295	1.3395	1.4115	1.3785	1.3153	1.3632	0.2638	0.2626	1.5236	1.3480	1.4602	1.3740	1.3880	0.2532	1.4430	1.3519	1.3475	0.2453	0.2548	1.3362	1.5452	1.4993	1.4190	1.4933	1.5349	0.5508	1.4588	1.3883	1.3350	1.3542	0.2690	1.3479	1.4544	1.3914	1.3943	1.3249	1.3959	0.2561	1.4117	1.3954	1.3854	0.9082	0.2608	1.3151	1.4141	1.4433	1.4218	1.4411	1.4133	0.2599	1.4981	0.2560	1.4270	1.3687	0.2584	1.3148	1.4952	1.4643	1.4070	1.5446	0.2544	0.2475	1.4095	0.2499	1.2921	1.3446	0.2563	1.3507	1.4598	1.4998	1.4022	1.5593	1.4028	0.2546	1.5006	0.2653	1.3462	1.3800	0.2638	1.4203	0.5018	1.4612	0.2632	1.4530	1.4830	1.5034	1.3993	0.2913	1.4601	1.4256	1.3801	0.2766
13:59:16	30.2	0.2503	1.4635	1.4442	1.4730	1.4251	1.3585	1.4180	1.3856	1.3273	1.3695	0.2640	0.2627	1.5319	1.3623	1.4641	1.3780	1.3955	0.2533	1.4509	1.3568	1.3532	0.2454	0.2551	1.3397	1.5458	1.4978	1.4317	1.4945	1.5408	0.5446	1.4673	1.3874	1.3515	1.3583	0.2691	1.3655	1.4606	1.3996	1.3967	1.3137	1.3985	0.2562	1.4249	1.3962	1.3901	0.8986	0.2609	1.3225	1.4340	1.4373	1.4315	1.4410	1.4171	0.2599	1.5030	0.2558	1.4311	1.3827	0.2582	1.3280	1.4977	1.4704	1.4075	1.5490	0.2545	0.2475	1.4160	0.2499	1.2864	1.3604	0.2562	1.3740	1.4658	1.5062	1.4109	1.5608	1.4090	0.2548	1.5029	0.2656	1.3656	1.3883	0.2640	1.4207	0.5165	1.4595	0.2630	1.4507	1.4880	1.5121	1.4058	0.2914	1.4718	1.4291	1.3889	0.2769
14:09:16	30.2	0.2524	1.4647	1.4504	1.4746	1.4369	1.3576	1.4181	1.3948	1.3359	1.3830	0.2638	0.2627	1.5314	1.3648	1.4699	1.3885	1.4031	0.2532	1.4597	1.3593	1.3610	0.2453	0.2548	1.3523	1.5496	1.5001	1.4225	1.4959	1.5466	0.5642	1.4677	1.3976	1.3583	1.3725	0.2692	1.3811	1.4588	1.4056	1.4112	1.3288	1.4168	0.2561	1.4267	1.4139	1.3930	0.9111	0.2610	1.3402	1.4228	1.4424	1.4388	1.4394	1.4365	0.2599	1.5069	0.2558	1.4367	1.3930	0.2584	1.3518	1.5009	1.4771	1.4190	1.5524	0.2544	0.2476	1.4402	0.2500	1.3039	1.3708	0.2563	1.3856	1.4729	1.5076	1.4172	1.5575	1.4139	0.2546	1.5081	0.2657	1.3692	1.3939	0.2638	1.4293	0.5372	1.4713	0.2630	1.4540	1.4928	1.5175	1.4096	0.2914	1.4838	1.4388	1.3907	0.2767
14:19:16	30.2	0.2533	1.4699	1.4549	1.4841	1.4398	1.3601	1.4326	1.4042	1.3436	1.3850	0.2639	0.2627	1.5363	1.3760	1.4749	1.3996	1.4127	0.2533	1.4677	1.3722	1.3684	0.2453	0.2548	1.3711	1.5530	1.4991	1.4300	1.4978	1.5477	0.5845	1.4705	1.4104	1.3761	1.3888	0.2692	1.3800	1.4718	1.4113	1.4244	1.3371	1.4254	0.2561	1.4398	1.4217	1.4014	0.9099	0.2608	1.3612	1.4216	1.4459	1.4476	1.4496	1.4372	0.2600	1.5161	0.2559	1.4431	1.4026	0.2584	1.3608	1.5040	1.4818	1.4292	1.5593	0.2544	0.2475	1.4423	0.2500	1.3088	1.3740	0.2563	1.3783	1.4879	1.5145	1.4184	1.5693	1.4250	0.2546	1.5123	0.2659	1.3754	1.4022	0.2638	1.4366	0.5475	1.4705	0.2628	1.4626	1.4981	1.5239	1.4145	0.2915	1.4933	1.4387	1.3932	0.2768
14:29:16	30.2	0.2522	1.4712	1.4581	1.4860	1.4388	1.3751	1.4338	1.4108	1.3511	1.4031	0.2637	0.2627	1.5387	1.3807	1.4788	1.4055	1.4154	0.2532	1.4798	1.3851	1.3786	0.2453	0.2548	1.3764	1.5558	1.5001	1.4304	1.4990	1.5552	0.5505	1.4804	1.4115	1.3730	1.3845	0.2691	1.3876	1.4778	1.3988	1.4283	1.3476	1.4348	0.2560	1.4446	1.4218	1.4100	0.9059	0.2608	1.3745	1.4381	1.4617	1.4511	1.4594	1.4477	0.2600	1.5185	0.2559	1.4522	1.4187	0.2585	1.3599	1.5077	1.4885	1.4261	1.5620	0.2545	0.2475	1.4554	0.2499	1.3265	1.3766	0.2562	1.3878	1.4893	1.5199	1.4266	1.5681	1.4357	0.2548	1.5169	0.2665	1.3789	1.4071	0.2639	1.4453	0.5264	1.4779	0.2631	1.4865	1.5039	1.5311	1.4191	0.2914	1.5038	1.4464	1.4034	0.2768
14:39:16	30.2	0.2530	1.4757	1.4639	1.4960	1.4477	1.3911	1.4390	1.4256	1.3573	1.4058	0.2638	0.2627	1.5438	1.3926	1.4823	1.4193	1.4233	0.2533	1.4903	1.3970	1.3807	0.2455	0.2549	1.3738	1.5545	1.4989	1.4532	1.5001	1.5551	0.6028	1.4763	1.4272	1.3860	1.3962	0.2692	1.3892	1.4793	1.4156	1.4293	1.3627	1.4386	0.2562	1.4551	1.4413	1.4245	0.9222	0.2608	1.3845	1.4344	1.4663	1.4618	1.4640	1.4554	0.2599	1.5186	0.2562	1.4568	1.4314	0.2584	1.3602	1.5103	1.4916	1.4380	1.5673	0.2547	0.2474	1.4545	0.2500	1.3427	1.3853	0.2563	1.3930	1.4925	1.5226	1.4377	1.5742	1.4367	0.2547	1.5197	0.2666	1.3889	1.4147	0.2637	1.4508	0.5671	1.4701	0.2629	1.4769	1.5060	1.5391	1.4259	0.2914	1.5128	1.4495	1.4176	0.2768
14:49:16	30.3	0.2531	1.4786	1.4662	1.4966	1.4494	1.3909	1.4407	1.4274	1.3549	1.4126	0.2640	0.2626	1.5458	1.3943	1.4860	1.4253	1.4200	0.2532	1.4970	1.3999	1.3922	0.2454	0.2549	1.3773	1.5574	1.4988	1.4461	1.5006	1.5634	0.5876	1.4746	1.4407	1.3940	1.4061	0.2691	1.4000	1.4868	1.4132	1.4357	1.3634	1.4434	0.2560	1.4534	1.4380	1.4316	0.9220	0.2608	1.3987	1.4371	1.4722	1.4661	1.4731	1.4540	0.2600	1.5235	0.2563	1.4614	1.4307	0.2585	1.3729	1.5098	1.4891	1.4380	1.5705	0.2546	0.2476	1.4598	0.2499	1.3432	1.3939	0.2562	1.3950	1.4868	1.5264	1.4452	1.5759	1.4465	0.2547	1.5230	0.2669	1.4087	1.4154	0.2639	1.4556	0.5694	1.4855	0.2630	1.4748	1.5106	1.5401	1.4268	0.2913	1.5211	1.4570	1.4297	0.2768
14:59:16	30.2	0.2531	1.4816	1.4725	1.5035	1.4579	1.4105	1.4443	1.4351	1.3624	1.4228	0.2639	0.2626	1.5495	1.4099	1.4897	1.4307	1.4283	0.2531	1.5038	1.4059	1.4015	0.2454	0.2548	1.3857	1.5590	1.4981	1.4511	1.5011	1.5650	0.6093	1.4782	1.4447	1.3939	1.4103	0.2692	1.4024	1.4879	1.4209	1.4439	1.3620	1.4471	0.2562	1.4552	1.4494	1.4321	0.9258	0.2607	1.4079	1.4347	1.4731	1.4739	1.4749	1.4544	0.2598	1.5214	0.2562	1.4658	1.4343	0.2584	1.3824	1.5103	1.4996	1.4472	1.5756	0.2546	0.2475	1.4645	0.2500	1.3584	1.4054	0.2563	1.4036	1.4878	1.5331	1.4438	1.5757	1.4478	0.2548	1.5260	0.2674	1.4114	1.4194	0.2637	1.4605	0.5794	1.4875	0.2630	1.4774	1.5139	1.5475	1.4317	0.2915	1.5288	1.4586	1.4282	0.2769
15:09:16	30.2	0.2520	1.4901	1.4793	1.5118	1.4558	1.4162	1.4525	1.4336	1.3699	1.4225	0.2640	0.2628	1.5525	1.4181	1.4928	1.4281	1.4389	0.2532	1.5065	1.4047	1.4069	0.2455	0.2550	1.3991	1.5643	1.4972	1.4556	1.5010	1.5640	0.6082	1.4723	1.4378	1.3985	1.4188	0.2692	1.4035	1.4900	1.4272	1.4491	1.3763	1.4536	0.2560	1.4656	1.4505	1.4412	0.9165	0.2609	1.4216	1.4289	1.4799	1.4727	1.4791	1.4641	0.2599	1.5311	0.2563	1.4715	1.4406	0.2585	1.3780	1.5125	1.5051	1.4565	1.5805	0.2544	0.2475	1.4755	0.2500	1.3677	1.4186	0.2563	1.4150	1.4906	1.5379	1.4453	1.5779	1.4577	0.2548	1.5292	0.2684	1.4144	1.4275	0.2640	1.4676	0.5760	1.4904	0.2631	1.4865	1.5193	1.5561	1.4474	0.2914	1.5357	1.4566	1.4361	0.2769
15:19:16	30.2	0.2536	1.4916	1.4787	1.5113	1.4646	1.4226	1.4518	1.4323	1.3743	1.4320	0.2637	0.2628	1.5516	1.4199	1.4959	1.4403	1.4382	0.2532	1.5134	1.4138	1.4167	0.2452	0.2548	1.4072	1.5641	1.4958	1.4658	1.5011	1.5715	0.6100	1.4758	1.4466	1.3921	1.4257	0.2691	1.4166	1.4976	1.4280	1.4547	1.3848	1.4546	0.2560	1.4726	1.4583	1.4410	0.9234	0.2608	1.4280	1.4409	1.4815	1.4800	1.4900	1.4750	0.2599	1.5377	0.2562	1.4748	1.4480	0.2583	1.3942	1.5137	1.5125	1.4546	1.5821	0.2544	0.2476	1.4813	0.2499	1.3634	1.4330	0.2563	1.4160	1.5034	1.5409	1.4526	1.5799	1.4596	0.2549	1.5319	0.2683	1.4305	1.4302	0.2639	1.4731	0.5955	1.5032	0.2629	1.4926	1.5221	1.5593	1.4460	0.2915	1.5444	1.4606	1.4410	0.2767
15:29:16	30.2	0.2531	1.4929	1.4805	1.5187	1.4649	1.4379	1.4605	1.4405	1.3931	1.4402	0.2639	0.2628	1.5547	1.4296	1.4993	1.4470	1.4385	0.2533	1.5217	1.4161	1.4204	0.2454	0.2550	1.4067	1.5623	1.4936	1.4689	1.5011	1.5736	0.6128	1.4839	1.4554	1.3987	1.4301	0.2692	1.4209	1.4956	1.4233	1.4541	1.3745	1.4661	0.2561	1.4752	1.4631	1.4463	0.9324	0.2609	1.4356	1.4484	1.4888	1.4887	1.4899	1.4853	0.2599	1.5495	0.2566	1.4801	1.4484	0.2585	1.3906	1.5132	1.5129	1.4594	1.5799	0.2547	0.2476	1.4842	0.2500	1.3843	1.4265	0.2563	1.4244	1.5102	1.5425	1.4563	1.5832	1.4718	0.2550	1.5349	0.2691	1.4295	1.4330	0.2637	1.4770	0.5998	1.5082	0.2631	1.4986	1.5294	1.5655	1.4504	0.2914	1.5489	1.4602	1.4461	0.2770
15:39:16	30.2	0.2521	1.4950	1.4824	1.5220	1.4724	1.4390	1.4579	1.4461	1.3881	1.4390	0.2638	0.2626	1.5524	1.4324	1.5046	1.4508	1.4391	0.2531	1.5269	1.4256	1.4213	0.2453	0.2549	1.4129	1.5606	1.4924	1.4738	1.5003	1.5761	0.6191	1.5134	1.4545	1.3961	1.4309	0.2692	1.4204	1.5005	1.4174	1.4669	1.3787	1.4674	0.2560	1.4769	1.4560	1.4508	0.9313	0.2608	1.4509	1.4525	1.4961	1.4944	1.4926	1.4791	0.2599	1.5550	0.2564	1.4839	1.4538	0.2582	1.3998	1.5137	1.5198	1.4658	1.5789	0.2544	0.2475	1.4884	0.2499	1.3908	1.4289	0.2562	1.4252	1.5090	1.5502	1.4691	1.5846	1.4707	0.2549	1.5374	0.2711	1.4353	1.4431	0.2638	1.4833	0.6010	1.4999	0.2629	1.4960	1.5287	1.5722	1.4567	0.2913	1.5568	1.4689	1.4514	0.2769
15:49:16	30.2	0.2530	1.5065	1.4906	1.5241	1.4785	1.4421	1.4506	1.4510	1.3973	1.4409	0.2639	0.2628	1.5564	1.4414	1.5048	1.4543	1.4444	0.2535	1.5304	1.4304	1.4284	0.2454	0.2550	1.4139	1.5666	1.4912	1.4794	1.5002	1.5758	0.6635	1.4894	1.4687	1.3939	1.4407	0.2692	1.4243	1.5100	1.4284	1.4683	1.3820	1.4749	0.2562	1.4822	1.4703	1.4541	0.9422	0.2610	1.4592	1.4562	1.5029	1.5112	1.5007	1.4910	0.2602	1.5654	0.2569	1.4868	1.4650	0.2586	1.4012	1.5129	1.5199	1.4752	1.5861	0.2546	0.2477	1.4937	0.2501	1.3973	1.4411	0.2563	1.4239	1.5192	1.5530	1.4830	1.5827	1.4857	0.2551	1.5394	0.2709	1.4380	1.4476	0.2642	1.4856	0.6000	1.5109	0.2631	1.5028	1.5344	1.5731	1.4615	0.2915	1.5653	1.4786	1.4538	0.2771
15:59:16	30.2	0.2533	1.5080	1.4923	1.5343	1.4768	1.4467	1.4628	1.4583	1.4101	1.4458	0.2638	0.2627	1.5555	1.4401	1.5072	1.4564	1.4470	0.2532	1.5346	1.4361	1.4258	0.2453	0.2549	1.4171	1.5652	1.4888	1.4812	1.4989	1.5782	0.6609	1.5000	1.4673	1.4141	1.4513	0.2691	1.4327	1.5079	1.4246	1.4710	1.3928	1.4703	0.2562	1.4795	1.4799	1.4604	0.9470	0.2609	1.4645	1.4566	1.4981	1.5184	1.4945	1.4906	0.2602	1.5694	0.2568	1.4917	1.4632	0.2585	1.4079	1.5108	1.5194	1.4756	1.5838	0.2546	0.2476	1.4980	0.2500	1.3925	1.4451	0.2562	1.4328	1.5141	1.5561	1.4784	1.5893	1.4800	0.2551	1.5418	0.2739	1.4441	1.4542	0.2638	1.4880	0.6010	1.5103	0.2629	1.5012	1.5364	1.5780	1.4622	0.2914	1.5681	1.4738	1.4605	0.2769
16:09:16	30.2	0.2523	1.5137	1.4994	1.5364	1.4794	1.4546	1.4656	1.4572	1.4084	1.4524	0.2639	0.2627	1.5564	1.4434	1.5090	1.4670	1.4560	0.2533	1.5409	1.4410	1.4429	0.2453	0.2549	1.4211	1.5676	1.4862	1.4981	1.4992	1.5809	0.6622	1.4998	1.4777	1.4329	1.4522	0.2691	1.4288	1.5154	1.4271	1.4746	1.3909	1.4779	0.2562	1.4893	1.4772	1.4710	0.9407	0.2609	1.4703	1.4567	1.5084	1.5235	1.5035	1.4994	0.2600	1.5769	0.2569	1.4954	1.4703	0.2584	1.4157	1.5094	1.5227	1.4807	1.5904	0.2545	0.2475	1.4999	0.2499	1.3968	1.4569	0.2563	1.4418	1.5222	1.5559	1.4855	1.5990	1.4922	0.2553	1.5436	0.2740	1.4624	1.4617	0.2636	1.4928	0.6311	1.5185	0.2630	1.5029	1.5401	1.5837	1.4674	0.2915	1.5738	1.4882	1.4661	0.2769
16:19:16	30.2	0.2522	1.5155	1.5025	1.5426	1.4850	1.4584	1.4708	1.4568	1.4132	1.4562	0.2638	0.2627	1.5561	1.4577	1.5103	1.4678	1.4629	0.2531	1.5435	1.4461	1.4491	0.2454	0.2549	1.4300	1.5648	1.4835	1.4907	1.4972	1.5825	0.6685	1.5117	1.4800	1.4336	1.4603	0.2691	1.4390	1.5188	1.4284	1.4783	1.4027	1.4868	0.2563	1.4886	1.4798	1.4690	0.9467	0.2608	1.4768	1.4590	1.5124	1.5277	1.5060	1.5039	0.2601	1.5789	0.2572	1.4984	1.4754	0.2584	1.4175	1.5057	1.5259	1.4911	1.5886	0.2546	0.2476	1.5038	0.2499	1.4018	1.4533	0.2562	1.4440	1.5237	1.5561	1.4919	1.6044	1.5015	0.2553	1.5468	0.2737	1.4604	1.4692	0.2638	1.4958	0.6356	1.5276	0.2629	1.5131	1.5421	1.5885	1.4724	0.2914	1.5789	1.4877	1.4729	0.2770
16:29:16	30.2	0.2531	1.5151	1.5075	1.5414	1.4868	1.4613	1.4734	1.4565	1.4319	1.4571	0.2639	0.2627	1.5603	1.4632	1.5122	1.4821	1.4617	0.2533	1.5482	1.4469	1.4464	0.2453	0.2550	1.4315	1.5611	1.4805	1.4941	1.4963	1.5845	0.6872	1.5115	1.4808	1.4409	1.4637	0.2693	1.4451	1.5193	1.4326	1.4821	1.4031	1.4874	0.2560	1.4927	1.4869	1.4732	0.9475	0.2609	1.4886	1.4619	1.5150	1.5334	1.5106	1.5069	0.2602	1.5871	0.2575	1.5019	1.4792	0.2584	1.4288	1.5044	1.5279	1.4932	1.5891	0.2547	0.2477	1.5049	0.2501	1.3951	1.4701	0.2562	1.4508	1.5239	1.5588	1.4934	1.6117	1.4958	0.2555	1.5488	0.2750	1.4623	1.4738	0.2640	1.4985	0.6528	1.5279	0.2630	1.5089	1.5440	1.5966	1.4801	0.2914	1.5858	1.4961	1.4729	0.2770
16:39:16	30.2	0.2535	1.5183	1.5064	1.5425	1.4946	1.4659	1.4763	1.4596	1.4384	1.4572	0.2639	0.2628	1.5644	1.4627	1.5132	1.4834	1.4630	0.2532	1.5509	1.4554	1.4477	0.2453	0.2549	1.4324	1.5637	1.4783	1.4979	1.4954	1.5863	0.7089	1.5150	1.4840	1.4492	1.4640	0.2691	1.4437	1.5235	1.4389	1.4822	1.4043	1.4880	0.2560	1.4974	1.4903	1.4797	0.9452	0.2609	1.4969	1.4568	1.5165	1.5389	1.5152	1.5086	0.2602	1.5936	0.2580	1.5062	1.4803	0.2585	1.4326	1.5007	1.5373	1.4870	1.5928	0.2545	0.2475	1.5083	0.2499	1.4102	1.4647	0.2561	1.4487	1.5241	1.5635	1.4951	1.6172	1.4959	0.2557	1.5511	0.2777	1.4737	1.4825	0.2641	1.5027	0.6468	1.5317	0.2629	1.5142	1.5406	1.6026	1.4795	0.2914	1.5910	1.4963	1.4745	0.2770
16:49:16	30.2	0.2517	1.5221	1.5130	1.5511	1.4947	1.4729	1.4815	1.4682	1.4864	1.4668	0.2639	0.2629	1.5681	1.4690	1.5143	1.4847	1.4686	0.2533	1.5546	1.4631	1.4572	0.2453	0.2550	1.4386	1.5594	1.4754	1.5031	1.4930	1.5887	0.7175	1.5181	1.4904	1.4582	1.4735	0.2692	1.4392	1.5274	1.4399	1.4865	1.4152	1.4949	0.2563	1.4996	1.4963	1.4815	0.9503	0.2607	1.4980	1.4637	1.5227	1.5435	1.5232	1.5075	0.2601	1.5984	0.2581	1.5097	1.4869	0.2585	1.4363	1.4955	1.5436	1.4972	1.5913	0.2545	0.2476	1.5136	0.2500	1.4335	1.4748	0.2563	1.4620	1.5291	1.5588	1.5000	1.6123	1.5032	0.2558	1.5528	0.2786	1.4662	1.4918	0.2639	1.5022	0.6499	1.5307	0.2628	1.5129	1.5463	1.6080	1.4911	0.2914	1.5945	1.4971	1.4827	0.2769
16:59:16	30.2	0.2521	1.5229	1.5140	1.5559	1.4995	1.4765	1.4863	1.4611	1.4485	1.4690	0.2639	0.2628	1.5712	1.4712	1.5171	1.4828	1.4669	0.2532	1.5578	1.4642	1.4552	0.2454	0.2549	1.4312	1.5563	1.4732	1.5117	1.4927	1.5904	0.7675	1.5221	1.4878	1.4672	1.4745	0.2691	1.4514	1.5274	1.4457	1.4892	1.4160	1.4989	0.2563	1.5018	1.5007	1.4832	0.9458	0.2609	1.5060	1.4690	1.5167	1.5484	1.5232	1.5134	0.2604	1.6000	0.2586	1.5133	1.4866	0.2584	1.4375	1.4899	1.5549	1.4875	1.5949	0.2545	0.2477	1.5149	0.2499	1.4199	1.4742	0.2562	1.4618	1.5300	1.5618	1.5048	1.6205	1.5028	0.2560	1.5548	0.2804	1.4739	1.4981	0.2640	1.5071	0.6820	1.5376	0.2629	1.5180	1.5479	1.6163	1.4912	0.2914	1.6006	1.5075	1.4853	0.2769
17:09:16	30.2	0.2518	1.5256	1.5134	1.5642	1.5009	1.4825	1.4849	1.4711	1.4612	1.4676	0.2640	0.2628	1.5753	1.4766	1.5184	1.4900	1.4825	0.2533	1.5618	1.4682	1.4621	0.2455	0.2551	1.4320	1.5568	1.4693	1.5137	1.4906	1.5916	0.7688	1.5266	1.4915	1.4769	1.4745	0.2691	1.4557	1.5295	1.4470	1.4962	1.4159	1.4997	0.2563	1.5045	1.4982	1.4868	0.9454	0.2609	1.5082	1.4729	1.5226	1.5496	1.5305	1.5177	0.2604	1.6010	0.2592	1.5167	1.4852	0.2584	1.4403	1.4855	1.5562	1.4968	1.5970	0.2545	0.2476	1.5198	0.2499	1.4235	1.4838	0.2562	1.4690	1.5295	1.5672	1.5059	1.6149	1.5075	0.2566	1.5563	0.2840	1.4765	1.5007	0.2640	1.5068	0.6921	1.5379	0.2629	1.5190	1.5472	1.6183	1.4892	0.2914	1.6021	1.5076	1.4856	0.2769
17:19:16	30.2	0.2530	1.5256	1.5175	1.5661	1.5104	1.4833	1.4813	1.4728	1.4933	1.4744	0.2639	0.2629	1.5777	1.4840	1.5206	1.4920	1.4870	0.2533	1.5658	1.4784	1.4661	0.2455	0.2550	1.4349	1.5556	1.4658	1.5143	1.4884	1.5926	0.7883	1.5270	1.5038	1.4802	1.4802	0.2692	1.4592	1.5329	1.4494	1.5008	1.4297	1.4990	0.2563	1.5123	1.5029	1.4958	0.9532	0.2609	1.5129	1.4746	1.5275	1.5535	1.5326	1.5207	0.2605	1.6053	0.2594	1.5196	1.4913	0.2585	1.4472	1.4786	1.5652	1.5038	1.5958	0.2546	0.2478	1.5226	0.2500	1.4353	1.4855	0.2562	1.4710	1.5361	1.5707	1.5081	1.6179	1.5027	0.2566	1.5586	0.2870	1.4832	1.5103	0.2640	1.5105	0.7200	1.5437	0.2630	1.5248	1.5496	1.6224	1.5002	0.2914	1.6067	1.5148	1.4897	0.2769
17:29:16	30.2	0.2531	1.5269	1.5164	1.5717	1.5013	1.4835	1.4876	1.4757	1.4882	1.4768	0.2636	0.2625	1.5797	1.4807	1.5213	1.4944	1.4903	0.2530	1.5676	1.4731	1.4748	0.2452	0.2548	1.4473	1.5500	1.4631	1.5134	1.4866	1.5936	0.8218	1.5329	1.5010	1.4861	1.4870	0.2691	1.4635	1.5330	1.4535	1.5011	1.4227	1.5004	0.2559	1.5139	1.5033	1.4936	0.9504	0.2607	1.5168	1.4684	1.5244	1.5568	1.5297	1.5201	0.2604	1.6091	0.2597	1.5230	1.4972	0.2582	1.4543	1.4715	1.5719	1.5021	1.5979	0.2544	0.2474	1.5264	0.2500	1.4419	1.4845	0.2560	1.4744	1.5405	1.5735	1.5129	1.6218	1.5123	0.2572	1.5597	0.2950	1.4881	1.5176	0.2637	1.5119	0.7419	1.5459	0.2628	1.5331	1.5502	1.6295	1.5028	0.2912	1.6085	1.5228	1.4972	0.2768
17:39:16	30.2	0.2525	1.5284	1.5178	1.5789	1.5045	1.4923	1.4808	1.4814	1.4786	1.4869	0.2638	0.2628	1.5818	1.4889	1.5201	1.4981	1.4925	0.2534	1.5716	1.4814	1.4736	0.2454	0.2549	1.4579	1.5473	1.4600	1.5224	1.4842	1.5949	0.8384	1.5355	1.5002	1.4951	1.4934	0.2693	1.4681	1.5385	1.4561	1.5070	1.4415	1.5052	0.2561	1.5152	1.5080	1.4985	0.9518	0.2609	1.5210	1.4751	1.5240	1.5613	1.5317	1.5283	0.2607	1.6126	0.2604	1.5267	1.5038	0.2585	1.4588	1.4668	1.5765	1.5117	1.5983	0.2546	0.2477	1.5286	0.2500	1.4410	1.4897	0.2561	1.4740	1.5430	1.5751	1.5153	1.6262	1.5185	0.2599	1.5609	0.2963	1.4864	1.5240	0.2640	1.5116	0.7431	1.5512	0.2630	1.5373	1.5493	1.6326	1.5107	0.2914	1.6129	1.5227	1.4965	0.2771
17:49:16	30.2	0.2520	1.5315	1.5194	1.5839	1.5054	1.4938	1.4751	1.4848	1.4939	1.4809	0.2640	0.2628	1.5885	1.4907	1.5182	1.4977	1.4939	0.2533	1.5741	1.4814	1.4720	0.2453	0.2550	1.4667	1.5461	1.4564	1.5214	1.4828	1.5956	0.8953	1.5405	1.5104	1.5029	1.4900	0.2692	1.4779	1.5391	1.4568	1.5091	1.4409	1.5075	0.2561	1.5225	1.5037	1.5063	0.9595	0.2609	1.5238	1.4757	1.5280	1.5663	1.5369	1.5288	0.2607	1.6172	0.2614	1.5280	1.5069	0.2585	1.4575	1.4591	1.5802	1.5159	1.5992	0.2544	0.2476	1.5375	0.2499	1.4541	1.4986	0.2561	1.4718	1.5405	1.5800	1.5238	1.6322	1.5249	0.2582	1.5602	0.2986	1.4882	1.5316	0.2640	1.5141	0.7913	1.5483	0.2630	1.5353	1.5508	1.6372	1.5128	0.2914	1.6151	1.5218	1.5011	0.2771
17:59:16	30.2	0.2512	1.5302	1.5218	1.5833	1.5095	1.5014	1.4829	1.4897	1.4836	1.4910	0.2639	0.2629	1.5851	1.4926	1.5147	1.5032	1.4930	0.2533	1.5764	1.4811	1.4755	0.2454	0.2553	1.4712	1.5396	1.4547	1.5214	1.4798	1.5967	0.9032	1.5443	1.5062	1.5113	1.4959	0.2692	1.4743	1.5416	1.4567	1.5118	1.4553	1.5076	0.2562	1.5188	1.5155	1.5011	0.9513	0.2609	1.5329	1.4664	1.5258	1.5678	1.5384	1.5288	0.2609	1.6151	0.2623	1.5332	1.5116	0.2585	1.4640	1.4473	1.5821	1.5176	1.5974	0.2545	0.2477	1.5322	0.2500	1.4462	1.5018	0.2562	1.4685	1.5445	1.5829	1.5218	1.6226	1.5246	0.2633	1.5633	0.3080	1.4926	1.5406	0.2639	1.5179	0.8232	1.5477	0.2629	1.5397	1.5524	1.6424	1.5115	0.2914	1.6202	1.5265	1.5009	0.2769
18:09:16	30.2	0.2541	1.5324	1.5239	1.5884	1.5109	1.5027	1.4843	1.4954	1.4916	1.4946	0.2640	0.2627	1.5869	1.4988	1.5109	1.5081	1.4919	0.2531	1.5770	1.4878	1.4885	0.2454	0.2550	1.4773	1.5357	1.4519	1.5254	1.4780	1.5962	0.9125	1.5480	1.5135	1.5164	1.5060	0.2692	1.4738	1.5475	1.4547	1.5143	1.4490	1.5076	0.2562	1.5203	1.5189	1.5118	0.9592	0.2609	1.5338	1.4709	1.5289	1.5694	1.5369	1.5310	0.2610	1.6187	0.2627	1.5359	1.5161	0.2585	1.4679	1.4389	1.5808	1.5231	1.5958	0.2544	0.2475	1.5364	0.2498	1.4479	1.5072	0.2562	1.4647	1.5473	1.5819	1.5234	1.6280	1.5286	0.2626	1.5646	0.3208	1.4989	1.5465	0.2640	1.5177	0.8558	1.5457	0.2630	1.5433	1.5526	1.6461	1.5114	0.2914	1.6216	1.5242	1.5062	0.2770
18:19:16	30.2	0.2527	1.5313	1.5258	1.5928	1.5067	1.5066	1.4782	1.4921	1.4903	1.5009	0.2639	0.2628	1.5911	1.4985	1.5061	1.5093	1.4927	0.2534	1.5797	1.4936	1.4882	0.2452	0.2550	1.4689	1.5302	1.4491	1.5219	1.4755	1.5972	0.9480	1.5523	1.5194	1.5205	1.5055	0.2691	1.4718	1.5428	1.4546	1.5160	1.4493	1.5063	0.2562	1.5225	1.5157	1.5150	0.9610	0.2610	1.5387	1.4709	1.5280	1.5728	1.5361	1.5290	0.2612	1.6238	0.2642	1.5375	1.5178	0.2584	1.4663	1.4346	1.5876	1.5203	1.5989	0.2545	0.2476	1.5359	0.2500	1.4552	1.5114	0.2563	1.4616	1.5441	1.5902	1.5284	1.6294	1.5336	0.2630	1.5646	0.3288	1.5033	1.5472	0.2639	1.5188	0.8729	1.5453	0.2629	1.5465	1.5530	1.6510	1.5165	0.2914	1.6226	1.5161	1.5045	0.2770
18:29:16	30.2	0.2521	1.5343	1.5265	1.5974	1.5117	1.5101	1.4750	1.5017	1.4963	1.5019	0.2639	0.2628	1.5942	1.5018	1.5005	1.5154	1.4921	0.2532	1.5799	1.4990	1.4907	0.2454	0.2551	1.4648	1.5267	1.4445	1.5234	1.4728	1.5970	0.9782	1.5560	1.5198	1.5222	1.5073	0.2691	1.4673	1.5481	1.4622	1.5151	1.4437	1.5130	0.2561	1.5232	1.5175	1.5141	0.9661	0.2608	1.5417	1.4764	1.5274	1.5736	1.5353	1.5329	0.2612	1.6233	0.2647	1.5399	1.5169	0.2582	1.4581	1.4223	1.5886	1.5246	1.5989	0.2544	0.2476	1.5356	0.2499	1.4590	1.5144	0.2562	1.4589	1.5467	1.5935	1.5309	1.6273	1.5369	0.2666	1.5646	0.3429	1.5079	1.5535	0.2638	1.5201	0.8951	1.5449	0.2629	1.5463	1.5519	1.6525	1.5220	0.2913	1.6242	1.5067	1.5072	0.2771
18:39:16	30.2	0.2525	1.5365	1.5254	1.6026	1.5093	1.5149	1.4699	1.5016	1.4998	1.5050	0.2637	0.2627	1.5976	1.5043	1.4968	1.5145	1.4917	0.2532	1.5836	1.4936	1.4910	0.2455	0.2550	1.4676	1.5195	1.4426	1.5279	1.4707	1.5977	1.0194	1.5616	1.5264	1.5247	1.5101	0.2692	1.4617	1.5468	1.4683	1.5189	1.4548	1.5149	0.2560	1.5227	1.5136	1.5147	0.9734	0.2610	1.5425	1.4833	1.5326	1.5793	1.5385	1.5315	0.2615	1.6209	0.2667	1.5415	1.5129	0.2584	1.4513	1.4120	1.5967	1.5249	1.6008	0.2545	0.2476	1.5357	0.2500	1.4645	1.5183	0.2563	1.4571	1.5468	1.5950	1.5310	1.6416	1.5404	0.2722	1.5642	0.3449	1.5078	1.5573	0.2639	1.5227	0.9262	1.5466	0.2630	1.5459	1.5509	1.6565	1.5213	0.2915	1.6261	1.5056	1.5022	0.2770
18:49:16	30.2	0.2522	1.5386	1.5246	1.6063	1.5069	1.5164	1.4648	1.5026	1.5033	1.5047	0.2640	0.2628	1.5995	1.5089	1.4903	1.5160	1.4955	0.2535	1.5843	1.4969	1.4890	0.2455	0.2552	1.4620	1.5127	1.4392	1.5271	1.4686	1.5957	1.0355	1.5659	1.5271	1.5329	1.5136	0.2693	1.4605	1.5471	1.4698	1.5201	1.4563	1.5126	0.2560	1.5200	1.5171	1.5105	0.9855	0.2610	1.5454	1.4808	1.5305	1.5816	1.5384	1.5354	0.2618	1.6262	0.2676	1.5446	1.5103	0.2586	1.4527	1.4004	1.5990	1.5247	1.5991	0.2546	0.2477	1.5282	0.2502	1.4690	1.5230	0.2564	1.4550	1.5468	1.5966	1.5340	1.6473	1.5414	0.2715	1.5644	0.3983	1.5143	1.5630	0.2641	1.5301	0.9533	1.5497	0.2630	1.5421	1.5526	1.6592	1.5231	0.2914	1.6298	1.5076	1.4988	0.2770
18:59:16	30.2	0.2485	1.5434	1.5217	1.6032	1.5016	1.5194	1.4642	1.4989	1.5088	1.5005	0.2638	0.2627	1.5981	1.5114	1.4829	1.5164	1.4913	0.2531	1.5854	1.4953	1.4968	0.2454	0.2550	1.4570	1.5079	1.4372	1.5264	1.4648	1.5984	1.0395	1.5701	1.5229	1.5424	1.5122	0.2692	1.4616	1.5436	1.4602	1.5225	1.4590	1.5091	0.2561	1.5144	1.5100	1.5058	0.9875	0.2609	1.5477	1.4840	1.5258	1.5829	1.5354	1.5276	0.2620	1.6310	0.2695	1.5483	1.5088	0.2584	1.4545	1.3878	1.5987	1.5205	1.5974	0.2544	0.2475	1.5253	0.2500	1.4759	1.5232	0.2562	1.4576	1.5479	1.5983	1.5369	1.6308	1.5431	0.2723	1.5650	0.4350	1.5168	1.5677	0.2639	1.5297	0.9679	1.5430	0.2630	1.5354	1.5509	1.6627	1.5240	0.2914	1.6326	1.5079	1.4935	0.2770
19:09:16	30.2	0.2526	1.5464	1.5215	1.6108	1.5034	1.5228	1.4686	1.5050	1.5141	1.4978	0.2639	0.2630	1.6026	1.5139	1.4777	1.5219	1.4884	0.2534	1.5865	1.4956	1.4965	0.2455	0.2551	1.4567	1.4996	1.4340	1.5276	1.4622	1.5991	1.0668	1.5722	1.5225	1.5400	1.5047	0.2694	1.4593	1.5429	1.4703	1.5259	1.4647	1.5042	0.2562	1.5171	1.5076	1.5047	1.0005	0.2611	1.5482	1.4827	1.5237	1.5848	1.5346	1.5262	0.2624	1.6319	0.2712	1.5498	1.5055	0.2585	1.4536	1.3798	1.6016	1.5264	1.5997	0.2547	0.2476	1.5251	0.2500	1.4745	1.5251	0.2565	1.4593	1.5480	1.6006	1.5405	1.6403	1.5450	0.2808	1.5635	0.4815	1.5252	1.5703	0.2639	1.5321	0.9978	1.5438	0.2630	1.5383	1.5499	1.6635	1.5316	0.2916	1.6329	1.5085	1.4923	0.2771
19:19:16	30.2	0.2524	1.5494	1.5191	1.6128	1.5022	1.5242	1.4678	1.5028	1.5250	1.4893	0.2639	0.2628	1.6029	1.5158	1.4713	1.5168	1.4812	0.2533	1.5881	1.4979	1.4878	0.2454	0.2550	1.4547	1.4933	1.4315	1.5256	1.4601	1.5982	1.1005	1.5797	1.5215	1.5457	1.5000	0.2692	1.4635	1.5354	1.4691	1.5259	1.4662	1.5042	0.2563	1.5186	1.5033	1.5033	1.0059	0.2610	1.5541	1.4861	1.5201	1.5865	1.5320	1.5238	0.2628	1.6283	0.2764	1.5520	1.5036	0.2585	1.4503	1.3686	1.6031	1.5311	1.6014	0.2545	0.2476	1.5239	0.2500	1.4763	1.5185	0.2563	1.4525	1.5449	1.6044	1.5397	1.6311	1.5451	0.2785	1.5627	0.5110	1.5261	1.5737	0.2639	1.5307	1.0137	1.5435	0.2630	1.5358	1.5484	1.6658	1.5351	0.2914	1.6362	1.5077	1.4916	0.2773
19:29:16	30.2	0.2524	1.5513	1.5223	1.6146	1.5029	1.5291	1.4692	1.5007	1.5267	1.4900	0.2639	0.2629	1.6043	1.5182	1.4645	1.5254	1.4824	0.2533	1.5902	1.4998	1.4820	0.2455	0.2550	1.4538	1.4873	1.4279	1.5225	1.4569	1.5968	1.1171	1.5824	1.5240	1.5483	1.4935	0.2693	1.4646	1.5368	1.4706	1.5268	1.4777	1.5074	0.2564	1.5202	1.5036	1.5064	1.0191	0.2611	1.5557	1.4845	1.5196	1.5870	1.5335	1.5223	0.2636	1.6280	0.2784	1.5537	1.5039	0.2586	1.4500	1.3616	1.6043	1.5309	1.5993	0.2545	0.2477	1.5248	0.2500	1.4785	1.5162	0.2563	1.4498	1.5434	1.6069	1.5385	1.6296	1.5436	0.2866	1.5614	0.5257	1.5229	1.5790	0.2639	1.5306	1.0431	1.5443	0.2629	1.5366	1.5470	1.6683	1.5400	0.2915	1.6376	1.5093	1.4926	0.2774
19:39:16	30.2	0.2519	1.5530	1.5238	1.6208	1.5047	1.5279	1.4673	1.4978	1.5280	1.4887	0.2640	0.2629	1.6080	1.5218	1.4572	1.5250	1.4818	0.2533	1.5911	1.4982	1.4793	0.2456	0.2552	1.4522	1.4838	1.4254	1.5232	1.4528	1.5978	1.1531	1.5805	1.5237	1.5492	1.4914	0.2694	1.4635	1.5379	1.4703	1.5270	1.4727	1.5074	0.2566	1.5209	1.5056	1.5053	1.0362	0.2611	1.5559	1.4803	1.5214	1.5905	1.5311	1.5241	0.2640	1.6307	0.2838	1.5560	1.5055	0.2587	1.4488	1.3453	1.6056	1.5280	1.6023	0.2546	0.2477	1.5229	0.2500	1.4809	1.5117	0.2566	1.4480	1.5418	1.6092	1.5351	1.6508	1.5409	0.2884	1.5594	0.5555	1.5192	1.5817	0.2640	1.5294	1.0613	1.5440	0.2631	1.5372	1.5455	1.6686	1.5421	0.2914	1.6380	1.5105	1.4921	0.2774
19:49:16	30.2	0.2526	1.5490	1.5224	1.6176	1.5049	1.5359	1.4675	1.4967	1.5255	1.4931	0.2639	0.2627	1.6076	1.5197	1.4504	1.5241	1.4808	0.2531	1.5922	1.4965	1.4862	0.2454	0.2549	1.4558	1.4753	1.4216	1.5256	1.4478	1.5959	1.1477	1.5816	1.5249	1.5510	1.4912	0.2691	1.4640	1.5362	1.4719	1.5226	1.4832	1.5048	0.2559	1.5204	1.5063	1.5030	1.0433	0.2609	1.5577	1.4845	1.5183	1.5922	1.5313	1.5249	0.2648	1.6332	0.2842	1.5587	1.5056	0.2585	1.4462	1.3372	1.6069	1.5213	1.5998	0.2545	0.2476	1.5213	0.2498	1.4911	1.5133	0.2563	1.4510	1.5415	1.6077	1.5308	1.6321	1.5432	0.2923	1.5582	0.5688	1.5210	1.5844	0.2639	1.5332	1.0775	1.5438	0.2629	1.5383	1.5441	1.6699	1.5415	0.2914	1.6396	1.5108	1.4961	0.2770
19:59:16	30.2	0.2509	1.5508	1.5245	1.6197	1.5088	1.5352	1.4696	1.4951	1.5222	1.4957	0.2638	0.2628	1.6082	1.5258	1.4403	1.5214	1.4806	0.2531	1.5917	1.4959	1.4851	0.2453	0.2549	1.4538	1.4661	1.4173	1.5223	1.4446	1.5964	1.1672	1.5828	1.5240	1.5509	1.4902	0.2691	1.4648	1.5366	1.4701	1.5212	1.4743	1.5063	0.2561	1.5186	1.5084	1.5037	1.0548	0.2608	1.5577	1.5000	1.5190	1.5911	1.5312	1.5240	0.2648	1.6312	0.2867	1.5611	1.5031	0.2582	1.4521	1.3221	1.6075	1.5204	1.5972	0.2544	0.2475	1.5260	0.2497	1.4972	1.5105	0.2561	1.4545	1.5451	1.6110	1.5273	1.6341	1.5410	0.3005	1.5561	0.5874	1.5196	1.5872	0.2639	1.5366	1.0925	1.5439	0.2629	1.5378	1.5437	1.6728	1.5423	0.2913	1.6403	1.5151	1.4951	0.2769
20:09:16	30.2	0.2526	1.5508	1.5244	1.6226	1.5055	1.5329	1.4711	1.4958	1.5334	1.4928	0.2639	0.2629	1.6109	1.5251	1.4357	1.5192	1.4821	0.2532	1.5941	1.4945	1.4878	0.2455	0.2551	1.4482	1.4665	1.4144	1.5212	1.4411	1.5962	1.1889	1.5855	1.5258	1.5509	1.4928	0.2692	1.4597	1.5358	1.4755	1.5200	1.4815	1.5070	0.2560	1.5189	1.5078	1.5023	1.0644	0.2609	1.5595	1.4895	1.5204	1.5933	1.5317	1.5250	0.2659	1.6344	0.2899	1.5626	1.5056	0.2583	1.4556	1.3112	1.6087	1.5250	1.5994	0.2545	0.2477	1.5261	0.2499	1.4943	1.5121	0.2564	1.4519	1.5404	1.6146	1.5312	1.6412	1.5432	0.3033	1.5521	0.6106	1.5206	1.5895	0.2639	1.5355	1.1188	1.5449	0.2629	1.5380	1.5407	1.6723	1.5516	0.2914	1.6416	1.5137	1.4956	0.2769
20:19:16	30.2	0.2500	1.5512	1.5264	1.6221	1.5082	1.5348	1.4720	1.4969	1.5318	1.4896	0.2641	0.2629	1.6121	1.5285	1.4286	1.5211	1.4832	0.2533	1.5939	1.4957	1.4868	0.2455	0.2550	1.4527	1.4587	1.4105	1.5242	1.4375	1.5959	1.2113	1.5838	1.5265	1.5582	1.4912	0.2692	1.4648	1.5369	1.4793	1.5201	1.4828	1.5070	0.2560	1.5208	1.5121	1.5064	1.0774	0.2609	1.5607	1.4975	1.5192	1.5972	1.5319	1.5270	0.2670	1.6360	0.3163	1.5646	1.5057	0.2584	1.4565	1.2988	1.6112	1.5273	1.5985	0.2546	0.2477	1.5282	0.2500	1.4973	1.5136	0.2565	1.4498	1.5397	1.6156	1.5320	1.6353	1.5437	0.3158	1.5499	0.6147	1.5218	1.5923	0.2641	1.5342	1.1353	1.5434	0.2630	1.5393	1.5383	1.6750	1.5526	0.2915	1.6433	1.5132	1.4983	0.2771
20:29:16	30.2	0.2527	1.5504	1.5279	1.6253	1.5078	1.5361	1.4687	1.4972	1.5303	1.4875	0.2639	0.2628	1.6152	1.5323	1.4219	1.5220	1.4842	0.2532	1.5938	1.4977	1.4881	0.2454	0.2550	1.4536	1.4524	1.4046	1.5266	1.4328	1.5944	1.2236	1.5856	1.5309	1.5556	1.4922	0.2692	1.4682	1.5367	1.4696	1.5216	1.4929	1.5087	0.2561	1.5210	1.5125	1.5070	1.0897	0.2609	1.5608	1.5013	1.5200	1.5969	1.5311	1.5255	0.2675	1.6331	0.3720	1.5654	1.5057	0.2583	1.4536	1.2811	1.6121	1.5282	1.5982	0.2545	0.2477	1.5243	0.2500	1.5013	1.5134	0.2563	1.4483	1.5400	1.6213	1.5338	1.6394	1.5443	0.3264	1.5461	0.6281	1.5225	1.5948	0.2639	1.5389	1.1465	1.5451	0.2629	1.5429	1.5361	1.6754	1.5509	0.2914	1.6452	1.5142	1.4987	0.2771
20:39:16	30.2	0.2525	1.5551	1.5249	1.6251	1.5068	1.5311	1.4705	1.4984	1.5320	1.4876	0.2639	0.2626	1.6165	1.5289	1.4147	1.5215	1.4824	0.2532	1.5938	1.4973	1.4858	0.2455	0.2549	1.4532	1.4494	1.4007	1.5226	1.4278	1.5956	1.2327	1.5819	1.5305	1.5564	1.4914	0.2692	1.4662	1.5352	1.4827	1.5211	1.4943	1.5083	0.2563	1.5201	1.5133	1.5097	1.0986	0.2610	1.5634	1.5010	1.5213	1.5972	1.5319	1.5259	0.2684	1.6336	0.3970	1.5662	1.5051	0.2583	1.4529	1.2706	1.6163	1.5304	1.6000	0.2545	0.2476	1.5272	0.2500	1.5053	1.5150	0.2563	1.4492	1.5409	1.6236	1.5348	1.6353	1.5450	0.3449	1.5416	0.6468	1.5190	1.5975	0.2641	1.5388	1.1459	1.5457	0.2629	1.5432	1.5317	1.6765	1.5604	0.2913	1.6447	1.5136	1.5012	0.2770
20:49:16	30.3	0.2482	1.5553	1.5280	1.6256	1.5115	1.5296	1.4663	1.4986	1.5378	1.4877	0.2640	0.2629	1.6166	1.5284	1.4076	1.5237	1.4883	0.2533	1.5941	1.5000	1.4893	0.2456	0.2551	1.4510	1.4448	1.3954	1.5259	1.4235	1.5956	1.2501	1.5867	1.5309	1.5608	1.4918	0.2695	1.4692	1.5345	1.4831	1.5258	1.4946	1.5130	0.2564	1.5212	1.5145	1.5106	1.1109	0.2609	1.5682	1.4990	1.5184	1.5974	1.5330	1.5300	0.2695	1.6308	0.4496	1.5678	1.5045	0.2584	1.4483	1.2613	1.6151	1.5278	1.5983	0.2546	0.2479	1.5286	0.2499	1.5089	1.5159	0.2564	1.4473	1.5403	1.6257	1.5335	1.6325	1.5458	0.3698	1.5378	0.6583	1.5201	1.6008	0.2640	1.5403	1.1961	1.5469	0.2630	1.5417	1.5309	1.6754	1.5545	0.2914	1.6466	1.5120	1.4963	0.2771
20:59:16	30.2	0.2477	1.5602	1.5269	1.6279	1.5097	1.5298	1.4673	1.4994	1.5419	1.4851	0.2640	0.2629	1.6174	1.5270	1.4013	1.5226	1.4883	0.2532	1.5947	1.4990	1.4842	0.2456	0.2551	1.4456	1.4402	1.3919	1.5271	1.4183	1.5957	1.2718	1.5887	1.5330	1.5591	1.4928	0.2694	1.4656	1.5322	1.4961	1.5263	1.5013	1.5124	0.2563	1.5225	1.5170	1.5088	1.1226	0.2609	1.5685	1.5114	1.5195	1.6002	1.5343	1.5318	0.2714	1.6303	0.4863	1.5684	1.5061	0.2585	1.4463	1.2469	1.6146	1.5299	1.6006	0.2546	0.2477	1.5232	0.2501	1.5097	1.5130	0.2564	1.4515	1.5387	1.6252	1.5336	1.6302	1.5451	0.3906	1.5337	0.6561	1.5194	1.6011	0.2639	1.5418	1.1783	1.5492	0.2629	1.5420	1.5248	1.6773	1.5546	0.2915	1.6476	1.5110	1.4933	0.2771
21:09:16	30.3	0.2475	1.5659	1.5313	1.6290	1.5101	1.5308	1.4674	1.5017	1.5494	1.4873	0.2639	0.2628	1.6164	1.5250	1.3911	1.5213	1.4878	0.2532	1.5981	1.5014	1.4828	0.2456	0.2551	1.4463	1.4386	1.3880	1.5266	1.4134	1.5960	1.2892	1.5910	1.5334	1.5601	1.4933	0.2693	1.4657	1.5327	1.4986	1.5256	1.5014	1.5126	0.2561	1.5235	1.5144	1.5088	1.1336	0.2610	1.5691	1.4990	1.5162	1.5998	1.5342	1.5339	0.2768	1.6302	0.4782	1.5695	1.5134	0.2585	1.4568	1.2370	1.6116	1.5305	1.5985	0.2546	0.2476	1.5262	0.2499	1.5093	1.5159	0.2566	1.4490	1.5403	1.6234	1.5372	1.6368	1.5457	0.4179	1.5312	0.6364	1.5189	1.6022	0.2640	1.5388	1.2206	1.5491	0.2630	1.5462	1.5203	1.6818	1.5687	0.2915	1.6474	1.5111	1.4989	0.2772
21:19:16	30.3	0.2476	1.5631	1.5300	1.6319	1.5109	1.5315	1.4701	1.5001	1.5492	1.4876	0.2639	0.2628	1.6205	1.5254	1.3879	1.5241	1.4900	0.2533	1.5978	1.5047	1.4860	0.2453	0.2551	1.4485	1.4383	1.3825	1.5251	1.4077	1.5935	1.2943	1.5877	1.5327	1.5581	1.4912	0.2693	1.4628	1.5322	1.5021	1.5282	1.4904	1.5130	0.2562	1.5270	1.5158	1.5105	1.1457	0.2610	1.5687	1.5049	1.5164	1.6006	1.5356	1.5319	0.2740	1.6290	0.4904	1.5694	1.5158	0.2584	1.4537	1.2236	1.6146	1.5311	1.6002	0.2546	0.2476	1.5288	0.2499	1.5133	1.5175	0.2564	1.4567	1.5332	1.6320	1.5371	1.6413	1.5454	0.4798	1.5255	0.6558	1.5191	1.6022	0.2640	1.5435	1.2384	1.5500	0.2630	1.5484	1.5168	1.6785	1.5666	0.2914	1.6459	1.5124	1.5011	0.2770
21:29:16	30.3	0.2519	1.5691	1.5312	1.6323	1.5106	1.5293	1.4732	1.4958	1.5476	1.4850	0.2640	0.2629	1.6227	1.5238	1.3829	1.5224	1.4901	0.2533	1.5976	1.4993	1.4862	0.2456	0.2551	1.4514	1.4367	1.3783	1.5265	1.4023	1.5938	1.3033	1.5855	1.5313	1.5581	1.4937	0.2692	1.4626	1.5337	1.4993	1.5281	1.5039	1.5118	0.2562	1.5240	1.5148	1.5078	1.1569	0.2610	1.5685	1.5005	1.5150	1.6030	1.5384	1.5287	0.2779	1.6272	0.5249	1.5692	1.5130	0.2587	1.4520	1.2125	1.6151	1.5338	1.6040	0.2548	0.2478	1.5284	0.2510	1.5169	1.5173	0.2565	1.4570	1.5331	1.6286	1.5345	1.6343	1.5455	0.5019	1.5174	0.6820	1.5222	1.6016	0.2640	1.5412	1.2346	1.5514	0.2630	1.5478	1.5083	1.6811	1.5754	0.2914	1.6448	1.5146	1.5026	0.2772
21:39:16	30.2	0.2511	1.5659	1.5353	1.6309	1.5117	1.5318	1.4777	1.4996	1.5455	1.4957	0.2637	0.2627	1.6218	1.5275	1.3750	1.5263	1.4928	0.2534	1.5968	1.5035	1.4903	0.2454	0.2551	1.4550	1.4285	1.3733	1.5296	1.3953	1.5947	1.3133	1.5844	1.5356	1.5576	1.4908	0.2692	1.4663	1.5336	1.5115	1.5303	1.5099	1.5151	0.2559	1.5255	1.5195	1.5121	1.1634	0.2609	1.5697	1.5102	1.5147	1.6030	1.5385	1.5351	0.2771	1.6250	0.5524	1.5696	1.5178	0.2584	1.4543	1.1985	1.6164	1.5307	1.5967	0.2545	0.2476	1.5314	0.2509	1.5151	1.5198	0.2564	1.4582	1.5340	1.6336	1.5369	1.6310	1.5442	0.5438	1.5147	0.6669	1.5220	1.6029	0.2640	1.5425	1.2548	1.5493	0.2629	1.5476	1.5067	1.6813	1.5783	0.2914	1.6448	1.5135	1.5041	0.2771
21:49:16	30.2	0.2479	1.5705	1.5363	1.6289	1.5151	1.5322	1.4799	1.5017	1.5474	1.4933	0.2641	0.2628	1.6229	1.5279	1.3687	1.5275	1.4905	0.2533	1.5967	1.5037	1.4906	0.2455	0.2551	1.4571	1.4286	1.3693	1.5283	1.3897	1.5945	1.3369	1.5846	1.5347	1.5583	1.4903	0.2693	1.4677	1.5349	1.5113	1.5305	1.5063	1.5157	0.2561	1.5291	1.5204	1.5136	1.1761	0.2610	1.5704	1.4984	1.5154	1.6037	1.5399	1.5337	0.2787	1.6254	0.5794	1.5697	1.5184	0.2584	1.4503	1.1868	1.6154	1.5313	1.5960	0.2546	0.2477	1.5324	0.2511	1.5228	1.5199	0.2566	1.4599	1.5295	1.6334	1.5399	1.6422	1.5452	0.5710	1.5082	0.6693	1.5216	1.6032	0.2640	1.5423	1.2736	1.5523	0.2630	1.5502	1.5020	1.6810	1.5726	0.2914	1.6453	1.5133	1.5074	0.2772
21:59:16	30.2	0.2477	1.5644	1.5358	1.6267	1.5109	1.5330	1.4771	1.5012	1.5503	1.4924	0.2638	0.2627	1.6236	1.5292	1.3581	1.5270	1.4939	0.2529	1.5970	1.5042	1.4877	0.2453	0.2549	1.4545	1.4228	1.3648	1.5300	1.3820	1.5937	1.3356	1.5853	1.5343	1.5589	1.4883	0.2692	1.4625	1.5338	1.5098	1.5318	1.5091	1.5133	0.2562	1.5275	1.5223	1.5126	1.1870	0.2609	1.5719	1.5104	1.5141	1.6037	1.5384	1.5327	0.2936	1.6251	0.5573	1.5711	1.5186	0.2584	1.4584	1.1736	1.6104	1.5328	1.5957	0.2544	0.2476	1.5299	0.2506	1.5273	1.5214	0.2563	1.4604	1.5288	1.6273	1.5392	1.6338	1.5467	0.5391	1.5037	0.6824	1.5206	1.6049	0.2639	1.5442	1.2724	1.5496	0.2629	1.5488	1.4985	1.6812	1.5751	0.2912	1.6443	1.5140	1.5048	0.2771
22:09:16	30.3	0.2517	1.5663	1.5364	1.6252	1.5126	1.5353	1.4776	1.5026	1.5498	1.4944	0.2638	0.2629	1.6264	1.5287	1.3522	1.5273	1.4959	0.2532	1.5969	1.5083	1.4903	0.2454	0.2551	1.4549	1.4238	1.3608	1.5297	1.3759	1.5929	1.3490	1.5851	1.5351	1.5587	1.4907	0.2692	1.4671	1.5325	1.5131	1.5329	1.5122	1.5125	0.2563	1.5305	1.5228	1.5142	1.1975	0.2609	1.5719	1.5104	1.5130	1.6053	1.5376	1.5309	0.3038	1.6242	0.5905	1.5710	1.5188	0.2585	1.4597	1.1633	1.6181	1.5327	1.5973	0.2546	0.2476	1.5322	0.2508	1.5283	1.5196	0.2565	1.4647	1.5316	1.6227	1.5404	1.6323	1.5461	0.5815	1.4970	0.6950	1.5187	1.6045	0.2639	1.5443	1.2928	1.5496	0.2629	1.5493	1.4936	1.6804	1.5750	0.2914	1.6435	1.5142	1.5062	0.2771
22:19:16	30.3	0.2529	1.5733	1.5350	1.6239	1.5115	1.5342	1.4754	1.5006	1.5478	1.4935	0.2640	0.2631	1.6211	1.5273	1.3501	1.5268	1.4956	0.2534	1.5952	1.5068	1.4920	0.2456	0.2552	1.4552	1.4198	1.3551	1.5282	1.3696	1.5908	1.3578	1.5846	1.5351	1.5554	1.4910	0.2695	1.4686	1.5311	1.5184	1.5324	1.5205	1.5128	0.2564	1.5302	1.5219	1.5115	1.2046	0.2612	1.5707	1.5029	1.5127	1.6071	1.5412	1.5336	0.3061	1.6233	0.6237	1.5708	1.5185	0.2585	1.4597	1.1517	1.6152	1.5358	1.5951	0.2548	0.2478	1.5346	0.2508	1.5320	1.5213	0.2566	1.4636	1.5312	1.6186	1.5410	1.6413	1.5477	0.6228	1.4890	0.7047	1.5214	1.6036	0.2642	1.5438	1.3075	1.5506	0.2631	1.5525	1.4903	1.6799	1.5802	0.2915	1.6449	1.5162	1.5061	0.2774
22:29:16	30.3	0.2511	1.5797	1.5356	1.6228	1.5118	1.5330	1.4785	1.5007	1.5492	1.4923	0.2638	0.2631	1.6140	1.5275	1.3464	1.5258	1.4976	0.2534	1.5938	1.5063	1.4894	0.2457	0.2552	1.4554	1.4193	1.3508	1.5285	1.3630	1.5881	1.3655	1.5839	1.5348	1.5531	1.4900	0.2694	1.4726	1.5297	1.5263	1.5338	1.5188	1.5145	0.2565	1.5315	1.5225	1.5132	1.2129	0.2610	1.5707	1.5060	1.5094	1.6010	1.5419	1.5324	0.3287	1.6200	0.6159	1.5698	1.5174	0.2587	1.4617	1.1447	1.6129	1.5359	1.5990	0.2548	0.2479	1.5329	0.2506	1.5343	1.5189	0.2569	1.4661	1.5316	1.6143	1.5451	1.6330	1.5502	0.6450	1.4805	0.7200	1.5215	1.6028	0.2641	1.5413	1.3275	1.5481	0.2629	1.5535	1.4874	1.6789	1.5848	0.2914	1.6445	1.5153	1.5049	0.2773
