

Software Version	3.14.03



Experiment File Path:	C:\Users\Public\Documents\Experiments\Hermina\serial_passage\5Aug24\day1--5Aug24.xpt
Protocol File Path:	C:\Users\Public\Documents\Protocols\rough_growth_curve.prt



Plate Number	Plate 1
Date	05/08/2024
Time	11:52:44
Reader Type:	Epoch 2
Reader Serial Number:	23053024
Reading Type	Reader

Procedure Details

Plate Type	96 WELL PLATE (Use plate lid)
Well Selection	Runtime
Eject plate on completion	
Set Temperature	Setpoint 30°C, Gradient 1 °C
	Preheat before moving to next step
Read	OD 600
	Absorbance Endpoint
	Full Plate
	Wavelengths:  600
	Read Speed: Normal,  Delay: 100 msec,  Measurements/Data Point: 8
Start Kinetic	Runtime 18:00:00 (HH:MM:SS), Interval 0:10:00, 109 Reads
    Shake	Double Orbital: Continuous
	Frequency: 205 cpm (5 mm)
    Read	Absorbance Endpoint
	Full Plate
	Wavelengths:  600
	Read Speed: Normal,  Delay: 100 msec,  Measurements/Data Point: 8
End Kinetic	
Set Temperature	Setpoint 40°C, Gradient 1 °C
Start Kinetic	Runtime 4:00:00 (HH:MM:SS), Interval 0:10:00, 25 Reads
    Shake	Double Orbital: Continuous
	Frequency: 205 cpm (5 mm)
    Read	Absorbance Endpoint
	Full Plate
	Wavelengths:  600
	Read Speed: Normal,  Delay: 100 msec,  Measurements/Data Point: 8
End Kinetic	

OD 600:600

0:09:16	30.1	0.2860	0.3067	0.3461	0.3983	0.3703	0.3679	0.3308	0.3054	0.2967	0.3211	0.2703	0.2526	0.2936	0.4299	0.3583	0.2681	0.3006	0.2561	0.3172	0.3257	0.3651	0.2589	0.2490	0.3096	0.3219	0.4268	0.3386	0.3313	0.2985	0.2447	0.2738	0.3137	0.3072	0.3285	0.2745	0.3289	0.3326	0.2720	0.3020	0.3151	0.3236	0.2488	0.3463	0.2473	0.3839	0.3064	0.2514	0.3053	0.2639	0.3365	0.3075	0.2698	0.3138	0.2404	0.2941	0.3154	0.3568	0.3302	0.2547	0.3095	0.3563	0.3528	0.3259	0.3647	0.2493	0.2397	0.4030	0.3301	0.2721	0.3193	0.2643	0.3367	0.4115	0.2775	0.3183	0.2914	0.3182	0.2559	0.3973	0.3536	0.3174	0.3113	0.2571	0.3140	0.2778	0.4250	0.2528	0.3937	0.3225	0.3196	0.2765	0.3382	0.3288	0.3763	0.3315	0.2677
0:19:16	30.1	0.2852	0.3088	0.3496	0.4030	0.3672	0.3660	0.3331	0.3072	0.2976	0.3224	0.2706	0.2525	0.2979	0.4546	0.3610	0.2692	0.3007	0.2562	0.3191	0.3251	0.3617	0.2591	0.2492	0.3094	0.3249	0.4260	0.3331	0.3292	0.2995	0.2447	0.2759	0.3150	0.3085	0.3266	0.2746	0.3286	0.3289	0.2743	0.3043	0.3148	0.3252	0.2488	0.3488	0.2465	0.3972	0.3087	0.2517	0.3045	0.2646	0.3374	0.3055	0.2725	0.3095	0.2401	0.2969	0.3149	0.3594	0.3300	0.2547	0.3075	0.3612	0.3554	0.3237	0.3651	0.2492	0.2398	0.4275	0.3268	0.2732	0.3149	0.2643	0.3362	0.3839	0.2788	0.3191	0.2935	0.3206	0.2562	0.4005	0.3501	0.3199	0.3144	0.2571	0.3162	0.2779	0.4305	0.2530	0.3822	0.3261	0.3201	0.2774	0.3349	0.3317	0.3775	0.3293	0.2678
0:29:16	30.2	0.2850	0.3138	0.3609	0.4062	0.3697	0.3718	0.3448	0.3101	0.2989	0.3267	0.2704	0.2525	0.2990	0.4804	0.3550	0.2697	0.3038	0.2562	0.3234	0.3320	0.3723	0.2591	0.2490	0.3119	0.3283	0.4281	0.3383	0.3451	0.2990	0.2447	0.2778	0.3188	0.3128	0.3337	0.2743	0.3335	0.3314	0.2764	0.3098	0.3159	0.3287	0.2486	0.3676	0.2470	0.4837	0.3120	0.2515	0.3144	0.2657	0.3563	0.3078	0.2739	0.3103	0.2399	0.2997	0.3238	0.3631	0.3380	0.2544	0.3092	0.3673	0.3579	0.3280	0.3746	0.2489	0.2396	0.4786	0.3296	0.2736	0.3196	0.2638	0.3403	0.4603	0.2803	0.3248	0.2974	0.3300	0.2561	0.4056	0.3579	0.3318	0.3176	0.2571	0.3192	0.2779	0.4263	0.2529	0.4465	0.3305	0.3226	0.2777	0.3387	0.3352	0.3827	0.3332	0.2677
0:39:16	30.2	0.2847	0.3205	0.3821	0.4067	0.3771	0.3851	0.3637	0.3134	0.3001	0.3340	0.2704	0.2524	0.3007	0.5533	0.3560	0.2709	0.3110	0.2562	0.3273	0.3433	0.3989	0.2591	0.2491	0.3186	0.3323	0.4302	0.3570	0.3698	0.3010	0.2447	0.2792	0.3251	0.3177	0.3495	0.2744	0.3429	0.3440	0.2759	0.3198	0.3192	0.3389	0.2486	0.4080	0.2475	0.5248	0.3149	0.2516	0.3113	0.2655	0.3967	0.3086	0.2758	0.3176	0.2399	0.3049	0.3336	0.3657	0.3555	0.2544	0.3142	0.3742	0.3613	0.3403	0.4570	0.2489	0.2397	0.5193	0.3290	0.2739	0.3277	0.2639	0.3518	0.4967	0.2821	0.3352	0.3001	0.3466	0.2562	0.4092	0.3674	0.3506	0.3216	0.2570	0.3219	0.2779	0.4419	0.2530	0.4812	0.3325	0.3259	0.2779	0.3453	0.3395	0.3922	0.3440	0.2677
0:49:16	30.2	0.2848	0.3267	0.4105	0.4066	0.3862	0.4231	0.3791	0.3169	0.3012	0.3437	0.2703	0.2524	0.3032	0.5628	0.3600	0.2783	0.3209	0.2562	0.3317	0.3558	0.4381	0.2590	0.2492	0.3297	0.3375	0.4320	0.3765	0.4038	0.3134	0.2446	0.2805	0.3355	0.3231	0.3709	0.2744	0.3586	0.3468	0.2813	0.3244	0.3221	0.3488	0.2484	0.4473	0.2467	0.5510	0.3162	0.2515	0.3209	0.2655	0.4311	0.3102	0.2783	0.3266	0.2399	0.3107	0.3499	0.3720	0.3644	0.2541	0.3258	0.3777	0.3626	0.3457	0.4839	0.2486	0.2395	0.5416	0.3317	0.2754	0.3400	0.2636	0.3646	0.5346	0.2855	0.3501	0.3051	0.3733	0.2561	0.4122	0.3844	0.3681	0.3252	0.2570	0.3224	0.2779	0.4651	0.2529	0.5157	0.3344	0.3295	0.2787	0.3543	0.3439	0.4038	0.3576	0.2676
0:59:16	30.2	0.2850	0.3360	0.4557	0.4080	0.4132	0.4643	0.4362	0.3205	0.3047	0.3560	0.2703	0.2524	0.3030	0.5782	0.3517	0.2789	0.3319	0.2562	0.3370	0.3788	0.4920	0.2590	0.2493	0.3416	0.3398	0.4333	0.4035	0.4432	0.3155	0.2449	0.2840	0.3468	0.3285	0.3958	0.2743	0.3783	0.4172	0.2786	0.3366	0.3268	0.3621	0.2484	0.4851	0.2448	0.5361	0.3203	0.2514	0.3240	0.2676	0.4650	0.3124	0.2820	0.3361	0.2397	0.3185	0.3529	0.3765	0.4011	0.2542	0.3351	0.3804	0.3665	0.3926	0.4960	0.2486	0.2393	0.5451	0.3317	0.2734	0.3512	0.2637	0.3821	0.5701	0.2889	0.3783	0.3103	0.4186	0.2561	0.4160	0.4029	0.3991	0.3281	0.2568	0.3264	0.2779	0.4845	0.2529	0.5412	0.3348	0.3350	0.2788	0.3632	0.3493	0.4169	0.3739	0.2676
1:09:16	30.2	0.2857	0.3441	0.4829	0.4088	0.4398	0.4947	0.4805	0.3251	0.3074	0.3716	0.2703	0.2525	0.3078	0.6009	0.3502	0.2818	0.3475	0.2565	0.3426	0.4175	0.5275	0.2592	0.2493	0.3579	0.3431	0.4376	0.4345	0.4727	0.3166	0.2448	0.2882	0.3626	0.3377	0.4680	0.2744	0.3953	0.4420	0.2852	0.3697	0.3318	0.3931	0.2485	0.4876	0.2470	0.5465	0.3219	0.2516	0.3279	0.2723	0.4532	0.3154	0.2868	0.3437	0.2396	0.3285	0.4137	0.3814	0.4241	0.2542	0.3440	0.3790	0.3708	0.4125	0.5124	0.2486	0.2394	0.5761	0.3314	0.2745	0.3669	0.2647	0.4359	0.6011	0.2943	0.3724	0.3167	0.4355	0.2562	0.4223	0.4489	0.4608	0.3329	0.2569	0.3276	0.2779	0.5174	0.2529	0.5712	0.3363	0.3417	0.2795	0.3683	0.3553	0.4403	0.4242	0.2676
1:19:16	30.2	0.2851	0.3553	0.5028	0.4162	0.4582	0.5020	0.5235	0.3303	0.3129	0.3987	0.2701	0.2524	0.3141	0.6188	0.3495	0.2859	0.3789	0.2563	0.3508	0.4547	0.5282	0.2590	0.2494	0.3825	0.3488	0.4483	0.4496	0.5057	0.3207	0.2447	0.2924	0.3890	0.3487	0.4591	0.2744	0.4131	0.4704	0.2825	0.4005	0.3402	0.4193	0.2482	0.5133	0.2475	0.5786	0.3240	0.2515	0.3329	0.2728	0.4723	0.3212	0.2938	0.3628	0.2396	0.3404	0.4475	0.3867	0.4481	0.2541	0.3498	0.3824	0.3823	0.4305	0.5259	0.2485	0.2393	0.5789	0.3325	0.2764	0.4036	0.2635	0.4696	0.6272	0.2996	0.3995	0.3239	0.4520	0.2562	0.4332	0.4708	0.4798	0.3384	0.2568	0.3320	0.2778	0.5377	0.2527	0.5997	0.3380	0.3489	0.2810	0.3787	0.3619	0.4509	0.4526	0.2675
1:29:16	30.2	0.2855	0.3752	0.5524	0.4294	0.4839	0.5137	0.5183	0.3369	0.3168	0.4318	0.2703	0.2524	0.3202	0.6315	0.3550	0.2887	0.4027	0.2565	0.3604	0.4671	0.5402	0.2590	0.2494	0.4200	0.3557	0.4656	0.4879	0.5345	0.3250	0.2448	0.2990	0.4344	0.3641	0.4906	0.2746	0.4491	0.5033	0.2854	0.4378	0.3513	0.4338	0.2485	0.5212	0.2469	0.6066	0.3262	0.2515	0.3405	0.2788	0.4985	0.3290	0.3023	0.3981	0.2397	0.3549	0.4678	0.3971	0.4804	0.2542	0.3833	0.3896	0.3949	0.4441	0.5571	0.2486	0.2393	0.5913	0.3361	0.2860	0.4594	0.2634	0.4897	0.6529	0.3057	0.4210	0.3316	0.4727	0.2561	0.4489	0.4866	0.4737	0.3464	0.2570	0.3365	0.2779	0.5672	0.2528	0.6342	0.3410	0.3579	0.2831	0.4216	0.3712	0.5015	0.4848	0.2675
1:39:16	30.2	0.2844	0.3866	0.5410	0.4327	0.5201	0.5394	0.5312	0.3464	0.3239	0.4776	0.2702	0.2526	0.3255	0.6656	0.3577	0.2935	0.4166	0.2565	0.3704	0.4892	0.5560	0.2592	0.2496	0.4603	0.3565	0.4759	0.4816	0.5465	0.3307	0.2448	0.3070	0.4395	0.3953	0.5092	0.2745	0.4769	0.5183	0.2957	0.4476	0.3605	0.4634	0.2485	0.5164	0.2442	0.6820	0.3320	0.2516	0.3489	0.2869	0.5065	0.3330	0.3107	0.4324	0.2397	0.3810	0.4907	0.4125	0.4778	0.2542	0.4347	0.3917	0.4172	0.4667	0.5779	0.2486	0.2393	0.6451	0.3400	0.2859	0.4518	0.2635	0.5079	0.6731	0.3132	0.4489	0.3382	0.4761	0.2563	0.4607	0.4993	0.5075	0.3534	0.2569	0.3413	0.2780	0.5795	0.2530	0.6543	0.3465	0.3647	0.2847	0.4429	0.3798	0.5065	0.4614	0.2675
1:49:16	30.2	0.2849	0.4559	0.5649	0.4463	0.5363	0.5512	0.5381	0.3555	0.3318	0.5021	0.2702	0.2524	0.3334	0.6894	0.3651	0.2977	0.4366	0.2567	0.3882	0.5096	0.5563	0.2591	0.2494	0.4844	0.3636	0.4934	0.5138	0.5805	0.3384	0.2448	0.3154	0.4757	0.4336	0.5346	0.2745	0.5016	0.5223	0.2996	0.4616	0.3838	0.4856	0.2484	0.5308	0.2466	0.6889	0.3383	0.2516	0.3583	0.2923	0.5075	0.3387	0.3202	0.4310	0.2396	0.4213	0.5084	0.4282	0.4969	0.2542	0.4587	0.4020	0.4303	0.4856	0.5992	0.2484	0.2392	0.6647	0.3451	0.2836	0.4690	0.2634	0.5194	0.6762	0.3187	0.4657	0.3576	0.5015	0.2560	0.4804	0.5067	0.5220	0.3626	0.2570	0.3488	0.2779	0.6091	0.2529	0.6886	0.3521	0.3737	0.2873	0.4667	0.4004	0.5256	0.4870	0.2674
1:59:16	30.2	0.2850	0.4699	0.5800	0.4774	0.5378	0.5596	0.5328	0.3643	0.3468	0.5375	0.2701	0.2523	0.3376	0.7101	0.3736	0.3038	0.4654	0.2565	0.4053	0.5179	0.5720	0.2591	0.2495	0.4976	0.4103	0.5189	0.5447	0.6094	0.3450	0.2449	0.3277	0.4926	0.4588	0.5672	0.2744	0.5253	0.5432	0.3068	0.4968	0.4165	0.5112	0.2484	0.5507	0.2469	0.7076	0.3461	0.2517	0.3727	0.3023	0.5171	0.3539	0.3397	0.4776	0.2396	0.4474	0.5357	0.4485	0.4800	0.2540	0.4780	0.4237	0.4605	0.5039	0.6241	0.2484	0.2392	0.6696	0.3556	0.2977	0.4933	0.2643	0.5142	0.7027	0.3308	0.4824	0.3768	0.5173	0.2561	0.4971	0.5225	0.5220	0.3766	0.2568	0.3542	0.2779	0.6413	0.2529	0.7146	0.3582	0.3962	0.2902	0.4760	0.4125	0.5386	0.5255	0.2675
2:09:16	30.2	0.2848	0.5105	0.6160	0.4924	0.5769	0.5767	0.5567	0.3852	0.3582	0.5468	0.2702	0.2524	0.3496	0.7362	0.3830	0.3138	0.4922	0.2566	0.4371	0.5371	0.5842	0.2592	0.2496	0.5179	0.4244	0.5351	0.5685	0.6439	0.3540	0.2449	0.3419	0.5262	0.4920	0.5972	0.2746	0.5376	0.5899	0.3117	0.5293	0.4397	0.5365	0.2484	0.5701	0.2448	0.7327	0.3561	0.2517	0.3829	0.3063	0.5344	0.3901	0.3727	0.4865	0.2397	0.4795	0.5570	0.4627	0.5462	0.2542	0.4914	0.4436	0.4973	0.5435	0.6503	0.2485	0.2393	0.6950	0.3617	0.2968	0.4904	0.2633	0.5270	0.7111	0.3549	0.5135	0.4284	0.5468	0.2562	0.5180	0.5372	0.5319	0.3885	0.2571	0.3653	0.2781	0.6692	0.2528	0.7339	0.3693	0.4355	0.2939	0.5071	0.4395	0.5571	0.5445	0.2675
2:19:16	30.2	0.2856	0.5446	0.6387	0.5190	0.5934	0.5910	0.5602	0.4071	0.3832	0.5414	0.2700	0.2523	0.3634	0.7555	0.3927	0.3167	0.5149	0.2567	0.4662	0.5421	0.6036	0.2592	0.2496	0.5297	0.4343	0.5651	0.5901	0.6746	0.3702	0.2450	0.3590	0.5500	0.5146	0.6247	0.2746	0.5491	0.6193	0.3212	0.5584	0.4617	0.5635	0.2484	0.5816	0.2452	0.7644	0.3628	0.2515	0.4002	0.3139	0.5518	0.4011	0.4099	0.4705	0.2396	0.5033	0.5618	0.4821	0.5459	0.2542	0.5064	0.4517	0.5174	0.5675	0.6743	0.2485	0.2393	0.7193	0.3707	0.3021	0.4801	0.2638	0.5346	0.7304	0.3933	0.5419	0.4546	0.5773	0.2561	0.5345	0.5541	0.5486	0.4055	0.2570	0.3761	0.2780	0.6898	0.2528	0.7625	0.3800	0.4595	0.2982	0.5403	0.4578	0.5696	0.5694	0.2673
2:29:16	30.2	0.2848	0.5669	0.6654	0.5325	0.6008	0.5974	0.5866	0.4234	0.4098	0.5541	0.2701	0.2523	0.3829	0.7761	0.4043	0.3266	0.5415	0.2566	0.4747	0.5567	0.6197	0.2591	0.2496	0.5476	0.4588	0.5758	0.6140	0.6855	0.3939	0.2451	0.3875	0.5662	0.5238	0.6549	0.2747	0.5726	0.6400	0.3325	0.5900	0.4784	0.5903	0.2483	0.6043	0.2440	0.7815	0.3797	0.2517	0.4170	0.3287	0.5728	0.4181	0.4439	0.4280	0.2396	0.5291	0.5903	0.5028	0.5818	0.2542	0.5288	0.4853	0.5303	0.6034	0.6909	0.2484	0.2394	0.7424	0.3884	0.3039	0.5107	0.2635	0.5542	0.7562	0.4162	0.5643	0.4793	0.6068	0.2562	0.5447	0.5687	0.5604	0.4262	0.2570	0.3885	0.2779	0.7250	0.2527	0.7832	0.3885	0.4853	0.3037	0.5584	0.4756	0.5829	0.6038	0.2674
2:39:16	30.2	0.2847	0.5838	0.6765	0.5414	0.5892	0.6012	0.6077	0.4397	0.4463	0.5592	0.2699	0.2523	0.4229	0.8012	0.4155	0.3401	0.5643	0.2566	0.4875	0.5875	0.6521	0.2590	0.2495	0.5438	0.4592	0.6155	0.6397	0.7149	0.4096	0.2450	0.4324	0.5631	0.5474	0.6919	0.2747	0.5859	0.6614	0.3426	0.6305	0.4909	0.6156	0.2482	0.6360	0.2441	0.8043	0.3869	0.2516	0.4304	0.3354	0.5937	0.4456	0.4808	0.5338	0.2394	0.5432	0.6357	0.5259	0.5526	0.2541	0.5553	0.5015	0.5398	0.6354	0.7124	0.2483	0.2392	0.7583	0.3935	0.3147	0.5532	0.2633	0.5631	0.7804	0.4522	0.5911	0.4931	0.6467	0.2561	0.5645	0.5914	0.5760	0.4536	0.2568	0.3934	0.2780	0.7599	0.2528	0.8221	0.4013	0.5139	0.3086	0.5875	0.4870	0.5992	0.6322	0.2673
2:49:16	30.2	0.2857	0.5987	0.6810	0.5419	0.5976	0.6203	0.6086	0.4471	0.4538	0.5823	0.2702	0.2527	0.4703	0.8239	0.4350	0.3489	0.6087	0.2568	0.4850	0.6032	0.6574	0.2593	0.2498	0.5556	0.4929	0.6193	0.6709	0.7416	0.4211	0.2454	0.4723	0.5734	0.5654	0.7128	0.2748	0.5947	0.6740	0.3509	0.6599	0.5019	0.6404	0.2483	0.6536	0.2448	0.8191	0.4064	0.2518	0.4586	0.3562	0.6169	0.4603	0.5042	0.5591	0.2395	0.5570	0.6575	0.5266	0.5836	0.2543	0.5308	0.5083	0.5513	0.6635	0.7481	0.2486	0.2394	0.7756	0.4150	0.3334	0.5737	0.2635	0.5703	0.8067	0.4726	0.6340	0.5202	0.6617	0.2562	0.5710	0.6057	0.5675	0.4761	0.2571	0.4055	0.2780	0.8087	0.2531	0.8470	0.4124	0.5342	0.3143	0.6215	0.4941	0.6177	0.6736	0.2675
2:59:16	30.2	0.2853	0.6389	0.7189	0.5634	0.6281	0.6386	0.6269	0.4609	0.4937	0.5892	0.2702	0.2526	0.5033	0.8462	0.4450	0.3550	0.6400	0.2568	0.5104	0.6298	0.6722	0.2593	0.2497	0.5727	0.4972	0.6444	0.6965	0.7700	0.4335	0.2451	0.5014	0.5866	0.6182	0.7416	0.2748	0.6093	0.7031	0.3606	0.6958	0.5226	0.6657	0.2484	0.6737	0.2455	0.8503	0.4203	0.2519	0.4607	0.3732	0.6349	0.4433	0.5213	0.5281	0.2395	0.5828	0.6613	0.5506	0.5832	0.2543	0.5876	0.5353	0.5713	0.6997	0.7666	0.2485	0.2394	0.8047	0.4323	0.3580	0.5750	0.2635	0.5791	0.8356	0.4967	0.6587	0.5553	0.6974	0.2561	0.5841	0.6158	0.6003	0.4881	0.2571	0.4244	0.2779	0.8489	0.2529	0.8698	0.4265	0.5528	0.3200	0.6603	0.5159	0.6377	0.7038	0.2675
3:09:16	30.2	0.2851	0.6881	0.7561	0.5812	0.6599	0.6666	0.6650	0.4802	0.5336	0.5938	0.2701	0.2526	0.5292	0.8772	0.4543	0.3685	0.6600	0.2567	0.5247	0.6662	0.7089	0.2592	0.2497	0.5989	0.5234	0.6561	0.7220	0.8005	0.4433	0.2452	0.5185	0.6180	0.6267	0.7757	0.2747	0.6353	0.7280	0.3755	0.7323	0.5263	0.7008	0.2483	0.6989	0.2437	0.8817	0.4334	0.2517	0.4695	0.3822	0.6630	0.4780	0.5516	0.5887	0.2396	0.6072	0.7203	0.5789	0.5963	0.2542	0.5866	0.5568	0.5896	0.7407	0.7968	0.2483	0.2391	0.8272	0.4458	0.3698	0.5923	0.2635	0.6193	0.8648	0.5375	0.7079	0.6040	0.7352	0.2561	0.6075	0.6335	0.6196	0.5076	0.2571	0.4398	0.2781	0.8694	0.2529	0.9055	0.4385	0.5895	0.3259	0.7067	0.5420	0.6618	0.7290	0.2675
3:19:16	30.2	0.2846	0.7152	0.7809	0.5967	0.6835	0.6877	0.6864	0.4854	0.5606	0.6178	0.2701	0.2525	0.5557	0.9095	0.4730	0.3848	0.6937	0.2566	0.5301	0.6968	0.7230	0.2592	0.2496	0.6207	0.5341	0.6789	0.7547	0.8336	0.4598	0.2451	0.5260	0.6409	0.6653	0.8034	0.2749	0.6452	0.7540	0.3956	0.7647	0.5399	0.7340	0.2483	0.7276	0.2439	0.9097	0.4589	0.2517	0.4783	0.4075	0.6902	0.4946	0.5759	0.6033	0.2395	0.6293	0.7600	0.5982	0.6310	0.2541	0.6270	0.5790	0.6092	0.7714	0.8329	0.2483	0.2392	0.8693	0.4716	0.3730	0.6336	0.2637	0.6228	0.8982	0.5710	0.7431	0.6419	0.7638	0.2562	0.6249	0.6427	0.6389	0.5146	0.2570	0.4638	0.2779	0.8944	0.2528	0.9466	0.4604	0.6141	0.3331	0.7467	0.5505	0.6962	0.7583	0.2673
3:29:16	30.2	0.2847	0.7376	0.7875	0.5992	0.6912	0.7174	0.6928	0.4927	0.5523	0.6431	0.2701	0.2525	0.5749	0.9363	0.4933	0.3999	0.7409	0.2568	0.5416	0.7236	0.7362	0.2593	0.2497	0.6263	0.5363	0.6913	0.7962	0.8747	0.4790	0.2452	0.5539	0.6689	0.6866	0.8252	0.2749	0.6712	0.7776	0.4141	0.8053	0.5657	0.7663	0.2483	0.7462	0.2435	0.9406	0.4806	0.2518	0.5099	0.4317	0.7181	0.5263	0.5904	0.6297	0.2394	0.6115	0.7713	0.5959	0.6490	0.2542	0.6515	0.5831	0.6373	0.7986	0.8732	0.2485	0.2392	0.8902	0.4937	0.3784	0.6518	0.2636	0.6315	0.9351	0.6191	0.7735	0.6895	0.7878	0.2563	0.6360	0.6740	0.6448	0.5227	0.2570	0.4791	0.2780	0.9386	0.2528	0.9841	0.4811	0.6469	0.3403	0.7804	0.5660	0.7310	0.8064	0.2675
3:39:16	30.2	0.2844	0.7680	0.8304	0.6246	0.7420	0.7472	0.7331	0.5133	0.5919	0.6592	0.2701	0.2526	0.5887	0.9735	0.5034	0.4157	0.7726	0.2567	0.5637	0.7621	0.7506	0.2593	0.2498	0.6586	0.5612	0.7243	0.8231	0.9078	0.5131	0.2453	0.5717	0.6943	0.6948	0.8578	0.2748	0.6779	0.8180	0.4259	0.8328	0.5881	0.7929	0.2484	0.7783	0.2431	0.9778	0.5053	0.2518	0.5122	0.4531	0.7418	0.5051	0.6166	0.6256	0.2395	0.6351	0.7921	0.6218	0.6807	0.2542	0.6630	0.6227	0.6669	0.8352	0.9008	0.2484	0.2393	0.9214	0.5205	0.4104	0.6899	0.2635	0.6631	0.9713	0.6642	0.8091	0.7366	0.8159	0.2562	0.6516	0.6769	0.6755	0.5432	0.2572	0.5228	0.2780	0.9729	0.2529	1.0204	0.5009	0.6712	0.3484	0.8315	0.5738	0.7585	0.8442	0.2675
3:49:16	30.2	0.2845	0.8037	0.8477	0.6249	0.7570	0.7740	0.7423	0.5211	0.5828	0.6780	0.2700	0.2525	0.6084	0.9960	0.5211	0.4392	0.8044	0.2566	0.5699	0.7884	0.7735	0.2593	0.2497	0.6831	0.5806	0.7333	0.8593	0.9441	0.5371	0.2451	0.5827	0.7202	0.7055	0.8952	0.2748	0.7139	0.8420	0.4615	0.8720	0.6168	0.8325	0.2484	0.8045	0.2434	1.0056	0.5323	0.2518	0.5111	0.4745	0.7632	0.5692	0.6515	0.6540	0.2394	0.6405	0.8289	0.6138	0.7247	0.2541	0.6654	0.6322	0.7102	0.8642	0.9294	0.2484	0.2391	0.9530	0.5546	0.4461	0.7393	0.2633	0.6677	1.0067	0.7211	0.8430	0.7735	0.8332	0.2561	0.6588	0.6952	0.6945	0.5546	0.2569	0.5492	0.2780	0.9747	0.2527	1.0448	0.5186	0.6941	0.3589	0.8619	0.5932	0.7827	0.8723	0.2673
3:59:16	30.2	0.2857	0.8446	0.8778	0.6445	0.7819	0.8042	0.7778	0.5409	0.6482	0.6680	0.2700	0.2525	0.6291	1.0374	0.5329	0.4681	0.8364	0.2570	0.5894	0.8203	0.7843	0.2593	0.2498	0.7026	0.6012	0.7535	0.8942	0.9786	0.5581	0.2455	0.6147	0.7496	0.7178	0.9264	0.2747	0.7222	0.8825	0.4799	0.8997	0.6526	0.8473	0.2485	0.8274	0.2447	1.0438	0.5468	0.2518	0.5381	0.5107	0.8010	0.5765	0.6818	0.6790	0.2396	0.6561	0.8602	0.6473	0.7128	0.2542	0.6679	0.6530	0.7549	0.8952	0.9675	0.2485	0.2392	0.9822	0.5624	0.4706	0.7501	0.2634	0.6830	1.0505	0.7758	0.8683	0.8181	0.8797	0.2561	0.6747	0.7116	0.7045	0.5659	0.2572	0.5704	0.2780	1.0059	0.2528	1.0738	0.5378	0.7062	0.3698	0.8862	0.6123	0.7973	0.8975	0.2674
4:09:16	30.2	0.2850	0.8882	0.8896	0.6540	0.8013	0.8361	0.7823	0.5608	0.6723	0.7118	0.2701	0.2525	0.6633	1.0566	0.5478	0.5003	0.8687	0.2568	0.6028	0.8481	0.8196	0.2592	0.2498	0.6887	0.6228	0.7600	0.9330	1.0147	0.5704	0.2453	0.6211	0.7843	0.7348	0.9527	0.2747	0.7332	0.9103	0.5254	0.9492	0.6984	0.8760	0.2484	0.8569	0.2448	1.0730	0.5658	0.2519	0.5622	0.5404	0.8315	0.6530	0.6993	0.6893	0.2394	0.6614	0.8923	0.6436	0.7291	0.2544	0.7270	0.6612	0.8067	0.9263	1.0019	0.2485	0.2392	1.0105	0.5772	0.4991	0.7743	0.2635	0.7006	1.0798	0.8242	0.9008	0.8678	0.9067	0.2563	0.6827	0.7304	0.7194	0.5903	0.2572	0.5824	0.2780	1.0215	0.2530	1.1036	0.5547	0.7143	0.3854	0.9331	0.6255	0.8447	0.9316	0.2673
4:19:16	30.2	0.2849	0.9279	0.9031	0.6551	0.8253	0.8606	0.8055	0.5826	0.6533	0.7305	0.2699	0.2525	0.6988	1.0860	0.5603	0.5339	0.9004	0.2569	0.6213	0.8592	0.8112	0.2593	0.2498	0.7026	0.6666	0.7724	0.9722	1.0403	0.5985	0.2453	0.6290	0.8028	0.7367	0.9713	0.2748	0.7472	0.9444	0.5617	0.9774	0.7456	0.9038	0.2484	0.8724	0.2493	1.0970	0.5811	0.2518	0.5879	0.5796	0.8686	0.6939	0.7158	0.7005	0.2394	0.6653	0.8991	0.6553	0.7678	0.2543	0.6959	0.6793	0.8528	0.9539	1.0295	0.2484	0.2392	1.0375	0.5967	0.5409	0.7760	0.2633	0.7141	1.1138	0.8823	0.9369	0.9175	0.9210	0.2561	0.7012	0.7339	0.7333	0.6179	0.2573	0.6055	0.2781	1.0594	0.2529	1.1327	0.5698	0.7243	0.4012	0.9730	0.6473	0.8628	0.9599	0.2674
4:29:16	30.2	0.2850	0.9705	0.9441	0.6913	0.8689	0.8897	0.8279	0.6145	0.6856	0.7297	0.2702	0.2526	0.7249	1.1167	0.5706	0.5707	0.9253	0.2570	0.6440	0.8985	0.8472	0.2593	0.2499	0.7509	0.7072	0.8023	1.0083	1.0745	0.6344	0.2453	0.6489	0.8386	0.7673	0.9911	0.2749	0.7764	0.9976	0.5987	1.0048	0.8018	0.9253	0.2485	0.9097	0.2438	1.1269	0.5971	0.2518	0.6120	0.6153	0.9193	0.7179	0.7318	0.7248	0.2396	0.6855	0.9278	0.6936	0.7903	0.2544	0.7163	0.7172	0.9056	0.9819	1.0620	0.2484	0.2393	1.0585	0.6065	0.5760	0.7975	0.2640	0.7441	1.1377	0.9274	0.9718	0.9590	0.9471	0.2562	0.7155	0.7500	0.7567	0.6352	0.2575	0.6265	0.2780	1.0749	0.2530	1.1496	0.5834	0.7391	0.4162	1.0024	0.6731	0.9116	0.9755	0.2675
4:39:16	30.2	0.2854	1.0099	0.9694	0.7095	0.9003	0.9148	0.8687	0.6511	0.6687	0.7355	0.2701	0.2525	0.7478	1.1343	0.5810	0.6122	0.9508	0.2570	0.6810	0.9201	0.8718	0.2593	0.2499	0.7701	0.7633	0.8220	1.0308	1.0992	0.6724	0.2454	0.6735	0.8719	0.8041	1.0076	0.2750	0.8118	1.0362	0.6336	1.0297	0.8544	0.9500	0.2486	0.9268	0.2459	1.1481	0.6110	0.2517	0.6559	0.6371	0.9508	0.7770	0.7400	0.7326	0.2395	0.6973	0.9475	0.7005	0.8195	0.2542	0.7243	0.7358	0.9585	0.9996	1.0787	0.2484	0.2392	1.0915	0.6255	0.6051	0.8438	0.2632	0.7592	1.1739	0.9745	0.9983	0.9970	0.9667	0.2562	0.7283	0.7642	0.7802	0.6621	0.2575	0.6511	0.2780	1.1173	0.2530	1.1889	0.5935	0.7634	0.4349	1.0358	0.6922	0.9214	1.0069	0.2674
4:49:16	30.2	0.2847	1.0598	0.9912	0.7198	0.9303	0.9369	0.8929	0.6846	0.6941	0.7438	0.2700	0.2525	0.7662	1.1570	0.5957	0.6424	0.9880	0.2569	0.7028	0.9373	0.8798	0.2593	0.2498	0.7637	0.8212	0.8319	1.0627	1.1196	0.7152	0.2454	0.6743	0.9017	0.8444	1.0337	0.2750	0.8356	1.0585	0.6788	1.0496	0.9012	0.9714	0.2486	0.9413	0.2447	1.1661	0.6270	0.2517	0.6758	0.6666	0.9810	0.8204	0.7542	0.7452	0.2394	0.7025	0.9728	0.7135	0.8363	0.2541	0.7352	0.7515	1.0035	1.0277	1.1062	0.2485	0.2392	1.1056	0.6371	0.6556	0.8665	0.2638	0.7654	1.1825	1.0183	1.0315	1.0451	0.9999	0.2562	0.7388	0.7840	0.8017	0.7022	0.2574	0.6603	0.2781	1.1590	0.2529	1.2142	0.6056	0.7859	0.4550	1.0729	0.7230	0.9441	1.0248	0.2674
4:59:16	30.2	0.2853	1.0876	1.0086	0.7154	0.9598	0.9714	0.9226	0.7274	0.6798	0.7589	0.2700	0.2526	0.7779	1.1758	0.6039	0.6682	1.0085	0.2568	0.7381	0.9562	0.9022	0.2592	0.2497	0.7797	0.8826	0.8448	1.0830	1.1331	0.7395	0.2453	0.6862	0.9341	0.8884	1.0608	0.2747	0.8524	1.0841	0.7201	1.0866	0.9491	0.9892	0.2485	0.9704	0.2436	1.1878	0.6526	0.2517	0.7054	0.6960	0.9986	0.8776	0.7510	0.7600	0.2395	0.7155	0.9882	0.7117	0.8696	0.2543	0.7410	0.7613	1.0479	1.0543	1.1276	0.2483	0.2391	1.1330	0.6616	0.6722	0.9140	0.2633	0.7888	1.2194	1.0572	1.0613	1.0768	1.0087	0.2561	0.7527	0.8043	0.8297	0.7288	0.2573	0.6959	0.2779	1.1747	0.2528	1.2236	0.6203	0.8015	0.4796	1.0970	0.7440	0.9773	1.0455	0.2674
5:09:16	30.2	0.2846	1.1225	1.0340	0.7453	0.9876	0.9846	0.9492	0.7513	0.6994	0.7686	0.2701	0.2525	0.8016	1.2057	0.6161	0.7012	1.0398	0.2569	0.7701	0.9916	0.9369	0.2592	0.2499	0.8048	0.9379	0.8599	1.1095	1.1558	0.7895	0.2455	0.6968	0.9680	0.9455	1.0781	0.2749	0.8597	1.1068	0.7587	1.1254	0.9875	1.0189	0.2486	0.9940	0.2492	1.2081	0.6626	0.2517	0.7386	0.7258	1.0161	0.9237	0.7741	0.7810	0.2396	0.7341	1.0107	0.7391	0.9012	0.2545	0.7441	0.7784	1.0927	1.0899	1.1627	0.2484	0.2393	1.1526	0.6729	0.7054	0.9236	0.2635	0.8050	1.2346	1.0908	1.0857	1.1113	1.0361	0.2563	0.7656	0.8273	0.8552	0.7705	0.2574	0.7049	0.2780	1.1848	0.2528	1.2444	0.6272	0.8356	0.5021	1.1172	0.7852	0.9968	1.0620	0.2674
5:19:16	30.2	0.2848	1.1533	1.0553	0.7417	1.0150	1.0059	0.9501	0.7945	0.7037	0.7666	0.2700	0.2526	0.8264	1.2248	0.6271	0.7225	1.0625	0.2569	0.8112	1.0014	0.9383	0.2593	0.2499	0.7739	0.9882	0.8660	1.1279	1.1679	0.8278	0.2455	0.7013	0.9971	0.9831	1.0945	0.2749	0.8821	1.1237	0.7983	1.1545	1.0253	1.0479	0.2485	1.0164	0.2460	1.2194	0.6814	0.2517	0.7717	0.7558	1.0346	0.9904	0.7953	0.8019	0.2395	0.7459	1.0177	0.7297	0.9160	0.2541	0.7675	0.7831	1.1284	1.1112	1.1745	0.2483	0.2393	1.1767	0.6878	0.7530	0.9361	0.2637	0.8241	1.2641	1.1224	1.1195	1.1395	1.0584	0.2562	0.7683	0.8448	0.8695	0.8021	0.2574	0.7249	0.2780	1.2067	0.2528	1.2634	0.6451	0.8799	0.5310	1.1375	0.7989	1.0241	1.0820	0.2675
5:29:16	30.2	0.2841	1.1823	1.0889	0.7489	1.0317	1.0351	0.9610	0.8370	0.7098	0.7768	0.2700	0.2524	0.8511	1.2447	0.6387	0.7370	1.0759	0.2568	0.8535	1.0090	0.9629	0.2593	0.2499	0.7858	1.0370	0.8788	1.1457	1.1843	0.8667	0.2454	0.7144	1.0197	1.0300	1.1329	0.2749	0.9069	1.1408	0.8329	1.1545	1.0655	1.0677	0.2485	1.0427	0.2436	1.2348	0.6835	0.2518	0.8045	0.7774	1.0516	1.0518	0.8022	0.8244	0.2393	0.7814	1.0295	0.7396	0.9551	0.2544	0.7793	0.7921	1.1735	1.1332	1.1919	0.2483	0.2392	1.1991	0.7038	0.7943	0.9762	0.2634	0.8429	1.2842	1.1481	1.1336	1.1676	1.0790	0.2561	0.7752	0.8716	0.8771	0.8385	0.2573	0.7384	0.2781	1.2281	0.2529	1.2819	0.6586	0.9104	0.5613	1.1636	0.8401	1.0466	1.1117	0.2674
5:39:16	30.2	0.2843	1.2059	1.1200	0.7808	1.0558	1.0715	1.0015	0.8795	0.7317	0.7906	0.2698	0.2526	0.8835	1.2760	0.6494	0.7554	1.0913	0.2567	0.8970	1.0369	1.0037	0.2592	0.2498	0.8220	1.0825	0.8920	1.1583	1.2016	0.9282	0.2454	0.7381	1.0479	1.0548	1.1508	0.2749	0.9497	1.1620	0.8680	1.1735	1.1044	1.0707	0.2484	1.0678	0.2492	1.2520	0.7007	0.2516	0.8392	0.8058	1.0729	1.0957	0.8298	0.8556	0.2393	0.8015	1.0583	0.7608	0.9846	0.2542	0.7677	0.8130	1.2096	1.1475	1.2132	0.2484	0.2391	1.2218	0.7101	0.8329	1.0124	0.2632	0.8678	1.3114	1.1719	1.1456	1.1918	1.1142	0.2562	0.7880	0.8977	0.8943	0.8909	0.2572	0.7497	0.2779	1.2391	0.2529	1.2921	0.6635	0.9524	0.5940	1.1738	0.8823	1.0771	1.1316	0.2674
5:49:16	30.2	0.2847	1.2350	1.1446	0.7707	1.0782	1.0866	1.0270	0.9166	0.7173	0.7940	0.2700	0.2526	0.9174	1.2817	0.6644	0.7702	1.1065	0.2568	0.9389	1.0561	1.0199	0.2593	0.2499	0.8467	1.1316	0.9029	1.1754	1.2183	0.9850	0.2456	0.7659	1.0650	1.0874	1.1787	0.2750	0.9921	1.1615	0.8943	1.1727	1.1402	1.0948	0.2486	1.0902	0.2441	1.2630	0.7140	0.2517	0.8765	0.8319	1.0862	1.1401	0.8641	0.8768	0.2395	0.8268	1.0721	0.7719	1.0019	0.2544	0.8079	0.8336	1.2416	1.1638	1.2267	0.2484	0.2392	1.2417	0.7308	0.8728	1.0349	0.2634	0.8911	1.3228	1.2002	1.1662	1.2154	1.1318	0.2562	0.7959	0.9123	0.9264	0.9376	0.2574	0.7621	0.2781	1.2533	0.2530	1.3097	0.6737	0.9909	0.6170	1.1882	0.9203	1.0980	1.1556	0.2675
5:59:16	30.2	0.2842	1.2578	1.1667	0.7955	1.1011	1.1037	1.0360	0.9708	0.7402	0.7969	0.2699	0.2526	0.9500	1.2750	0.6731	0.7936	1.1222	0.2568	0.9853	1.0600	1.0339	0.2593	0.2500	0.8386	1.1736	0.9067	1.1890	1.2359	1.0313	0.2455	0.7982	1.0838	1.1322	1.1833	0.2749	0.9634	1.1775	0.9250	1.1931	1.1589	1.1296	0.2485	1.1136	0.2470	1.2776	0.7372	0.2518	0.9223	0.8448	1.0940	1.1766	0.9245	0.8942	0.2395	0.8689	1.0914	0.7705	1.0242	0.2543	0.7974	0.8310	1.2628	1.1855	1.2397	0.2484	0.2392	1.2491	0.7387	0.8824	1.0567	0.2635	0.9152	1.3414	1.2141	1.1843	1.2346	1.1408	0.2562	0.8120	0.9291	0.9470	0.9904	0.2576	0.7682	0.2780	1.2690	0.2531	1.3241	0.6929	1.0272	0.6389	1.2246	0.9449	1.1375	1.1757	0.2675
6:09:16	30.2	0.2839	1.2810	1.1771	0.8132	1.1181	1.1235	1.0647	0.9922	0.7622	0.8142	0.2700	0.2527	0.9914	1.2908	0.6837	0.8037	1.1489	0.2570	1.0250	1.0774	1.0711	0.2593	0.2500	0.8650	1.2101	0.9181	1.2053	1.2549	1.0790	0.2459	0.8318	1.1125	1.1520	1.2106	0.2749	1.0240	1.1906	0.9552	1.2031	1.1926	1.1383	0.2487	1.1399	0.2441	1.2971	0.7345	0.2517	0.9577	0.8780	1.1080	1.2178	0.9572	0.9161	0.2394	0.8834	1.1091	0.7879	1.0643	0.2544	0.7935	0.8477	1.2945	1.1961	1.2550	0.2485	0.2392	1.2522	0.7437	0.9123	1.1075	0.2637	0.9353	1.3407	1.2376	1.2000	1.2545	1.1588	0.2562	0.8110	0.9462	0.9629	1.0363	0.2575	0.7744	0.2780	1.2852	0.2530	1.3378	0.7018	1.0640	0.6654	1.2291	0.9767	1.1529	1.1988	0.2674
6:19:16	30.2	0.2846	1.2954	1.2054	0.8290	1.1311	1.1415	1.0711	1.0252	0.7763	0.8283	0.2700	0.2526	1.0020	1.3001	0.6983	0.8095	1.1556	0.2568	1.0625	1.0904	1.0647	0.2593	0.2498	0.8771	1.2435	0.9276	1.2171	1.2593	1.1248	0.2456	0.8727	1.1346	1.1799	1.2203	0.2749	1.0466	1.2053	0.9784	1.2135	1.2196	1.1499	0.2485	1.1541	0.2480	1.3103	0.7347	0.2518	0.9928	0.8926	1.1268	1.2496	0.9968	0.9355	0.2395	0.9135	1.1515	0.7980	1.0771	0.2543	0.8136	0.8640	1.3173	1.2113	1.2677	0.2484	0.2392	1.2709	0.7519	0.9358	1.1236	0.2637	0.9590	1.3487	1.2512	1.2110	1.2685	1.1729	0.2561	0.8284	0.9614	0.9963	1.0863	0.2573	0.7943	0.2780	1.3064	0.2529	1.3505	0.7019	1.0949	0.6888	1.2502	1.0165	1.1844	1.2241	0.2674
6:29:16	30.2	0.2851	1.3175	1.2032	0.8372	1.1428	1.1583	1.0803	1.0654	0.7903	0.8516	0.2700	0.2528	1.0465	1.3169	0.7095	0.8464	1.1687	0.2569	1.1010	1.1075	1.1134	0.2594	0.2500	0.9304	1.2758	0.9410	1.2306	1.2684	1.1571	0.2457	0.9325	1.1474	1.2091	1.2315	0.2750	1.0643	1.2256	1.0012	1.2277	1.2435	1.1671	0.2487	1.1656	0.2440	1.3273	0.7623	0.2520	1.0362	0.9128	1.1440	1.2773	1.0185	0.9665	0.2395	0.9522	1.1721	0.8137	1.1282	0.2543	0.8904	0.8817	1.3404	1.2268	1.2836	0.2485	0.2393	1.2849	0.7660	0.9549	1.1447	0.2635	0.9739	1.3649	1.2674	1.2354	1.2898	1.2018	0.2562	0.8422	0.9890	1.0272	1.1283	0.2575	0.8024	0.2780	1.3169	0.2531	1.3673	0.7087	1.1166	0.7147	1.2568	1.0629	1.2035	1.2405	0.2675
6:39:16	30.2	0.2847	1.3346	1.2291	0.8454	1.1693	1.1701	1.1007	1.0969	0.8023	0.8635	0.2701	0.2527	1.0863	1.3303	0.7128	0.9010	1.1830	0.2571	1.1417	1.1310	1.1437	0.2595	0.2501	0.9336	1.3036	0.9484	1.2438	1.2851	1.1914	0.2457	0.9568	1.1692	1.2218	1.2513	0.2752	1.0623	1.2376	1.0136	1.2469	1.2618	1.1994	0.2486	1.1792	0.2473	1.3314	0.7822	0.2519	1.0629	0.9122	1.1652	1.3096	1.0593	0.9708	0.2396	0.9679	1.1883	0.8154	1.1335	0.2545	0.8946	0.8890	1.3611	1.2537	1.2888	0.2484	0.2393	1.2988	0.7784	0.9521	1.1458	0.2637	0.9878	1.3684	1.2794	1.2446	1.3065	1.2161	0.2563	0.8443	1.0233	1.0441	1.1645	0.2575	0.8026	0.2781	1.3272	0.2531	1.3766	0.7247	1.1498	0.7235	1.2702	1.0948	1.2050	1.2578	0.2676
6:49:16	30.2	0.2845	1.3465	1.2507	0.8599	1.1817	1.1793	1.1239	1.1387	0.8289	0.8787	0.2700	0.2526	1.1099	1.3426	0.7217	0.8603	1.1891	0.2569	1.1738	1.1372	1.1423	0.2594	0.2501	0.9426	1.3317	0.9587	1.2571	1.2815	1.2225	0.2456	0.9995	1.1773	1.2501	1.2590	0.2750	1.0827	1.2578	1.0255	1.2617	1.2847	1.2123	0.2485	1.1903	0.2440	1.3442	0.7897	0.2518	1.1007	0.9240	1.1871	1.3347	1.0825	0.9952	0.2395	0.9861	1.2012	0.8270	1.1482	0.2544	0.9290	0.9035	1.3776	1.2598	1.3048	0.2485	0.2393	1.3142	0.7960	0.9679	1.1737	0.2635	1.0129	1.3806	1.2930	1.2505	1.3193	1.2296	0.2562	0.8642	1.0525	1.0676	1.1940	0.2575	0.8365	0.2781	1.3454	0.2530	1.3904	0.7284	1.1738	0.7496	1.2809	1.1298	1.2206	1.2773	0.2674
6:59:16	30.2	0.2855	1.3656	1.2616	0.8584	1.1938	1.1976	1.1342	1.1768	0.8386	0.8998	0.2701	0.2528	1.1311	1.3551	0.7250	0.9257	1.2019	0.2571	1.2074	1.1574	1.1532	0.2595	0.2501	0.9764	1.3588	0.9645	1.2756	1.2931	1.2477	0.2458	1.0325	1.1916	1.2736	1.2675	0.2751	1.0973	1.2795	1.0361	1.2700	1.3078	1.2269	0.2488	1.2068	0.2476	1.3513	0.8088	0.2518	1.1394	0.9325	1.2162	1.3551	1.1184	1.0142	0.2396	1.0192	1.2273	0.8367	1.1375	0.2546	0.9336	0.9126	1.3963	1.2771	1.3171	0.2486	0.2394	1.3391	0.8016	0.9761	1.1948	0.2636	1.0366	1.3940	1.3040	1.2702	1.3351	1.2534	0.2563	0.8807	1.0783	1.0971	1.2278	0.2575	0.8406	0.2781	1.3570	0.2531	1.4046	0.7496	1.1903	0.7588	1.3015	1.1467	1.2394	1.2896	0.2676
7:09:16	30.2	0.2841	1.3766	1.2595	0.8862	1.2076	1.2092	1.1448	1.1972	0.8733	0.9260	0.2699	0.2527	1.1787	1.3620	0.7375	0.9115	1.2106	0.2570	1.2311	1.1686	1.1534	0.2594	0.2500	1.0158	1.3798	0.9738	1.2730	1.3099	1.2837	0.2457	1.0631	1.2044	1.2860	1.2885	0.2749	1.1130	1.2850	1.0534	1.2737	1.3272	1.2364	0.2486	1.2131	0.2439	1.3578	0.8014	0.2518	1.1700	0.9459	1.2212	1.3677	1.1383	1.0225	0.2394	1.0259	1.2486	0.8523	1.1636	0.2545	0.9695	0.9291	1.4123	1.2810	1.3272	0.2485	0.2391	1.3462	0.8106	0.9936	1.2109	0.2633	1.0656	1.3994	1.3153	1.2790	1.3489	1.2663	0.2562	0.8868	1.1021	1.1293	1.2586	0.2575	0.8475	0.2780	1.3691	0.2531	1.4192	0.7496	1.2192	0.7652	1.3167	1.1811	1.2571	1.3036	0.2675
7:19:16	30.2	0.2854	1.3908	1.2927	0.8911	1.2178	1.2157	1.1540	1.2169	0.9025	0.9341	0.2699	0.2527	1.1912	1.3692	0.7455	0.9078	1.2221	0.2571	1.2567	1.1804	1.1795	0.2595	0.2503	1.0382	1.4004	0.9928	1.2829	1.3172	1.3012	0.2457	1.1014	1.2224	1.3079	1.3082	0.2749	1.1320	1.2915	1.0600	1.2862	1.3453	1.2471	0.2488	1.2309	0.2446	1.3734	0.8067	0.2520	1.2030	0.9582	1.2399	1.3875	1.1614	1.0340	0.2396	1.0489	1.2708	0.8673	1.1951	0.2546	0.9733	0.9468	1.4246	1.2899	1.3386	0.2484	0.2393	1.3560	0.8127	0.9971	1.2241	0.2635	1.0827	1.4116	1.3283	1.2896	1.3623	1.2857	0.2563	0.8991	1.0938	1.1459	1.2827	0.2575	0.8415	0.2782	1.3786	0.2532	1.4322	0.7619	1.2395	0.7844	1.3286	1.2150	1.2733	1.3111	0.2675
7:29:16	30.2	0.2838	1.4016	1.2972	0.9146	1.2188	1.2263	1.1602	1.2580	0.9558	0.9306	0.2701	0.2528	1.2045	1.3857	0.7520	0.9647	1.2453	0.2569	1.2825	1.1773	1.1682	0.2595	0.2502	1.0591	1.4188	0.9973	1.2907	1.3294	1.3297	0.2458	1.1264	1.2343	1.3235	1.3167	0.2751	1.1459	1.3095	1.0649	1.2953	1.3624	1.2508	0.2486	1.2401	0.2492	1.3733	0.8318	0.2521	1.2364	0.9648	1.2451	1.4000	1.1692	1.0447	0.2396	1.0840	1.2779	0.8914	1.1985	0.2545	1.0077	0.9659	1.4366	1.3055	1.3514	0.2484	0.2392	1.3712	0.8247	1.0056	1.2395	0.2636	1.0950	1.4209	1.3360	1.3023	1.3717	1.2947	0.2563	0.9108	1.1250	1.1680	1.3073	0.2575	0.8514	0.2782	1.3873	0.2530	1.4430	0.7674	1.2629	0.8065	1.3404	1.2376	1.2868	1.3211	0.2675
7:39:16	30.2	0.2840	1.4098	1.3081	0.9175	1.2280	1.2381	1.1847	1.2691	0.9419	0.9351	0.2699	0.2527	1.2284	1.4006	0.7663	0.9184	1.2446	0.2570	1.3049	1.1950	1.1810	0.2593	0.2502	1.0561	1.4383	1.0066	1.3092	1.3357	1.3450	0.2457	1.1599	1.2476	1.3411	1.3271	0.2749	1.1565	1.3137	1.0745	1.3053	1.3729	1.2640	0.2488	1.2489	0.2449	1.3826	0.8197	0.2519	1.2565	0.9723	1.2642	1.4092	1.2013	1.0523	0.2395	1.1046	1.2897	0.8971	1.2246	0.2545	1.0154	0.9798	1.4463	1.3135	1.3628	0.2485	0.2391	1.3708	0.8250	1.0150	1.2446	0.2635	1.1098	1.4304	1.3486	1.3168	1.3850	1.3110	0.2563	0.9295	1.1437	1.1798	1.3234	0.2574	0.8641	0.2780	1.4010	0.2531	1.4524	0.7715	1.2721	0.8200	1.3477	1.2609	1.3042	1.3322	0.2675
7:49:16	30.2	0.2854	1.4281	1.3249	0.9502	1.2399	1.2592	1.2285	1.2905	0.9831	0.9469	0.2701	0.2527	1.2477	1.4058	0.7775	0.9464	1.2630	0.2571	1.3236	1.2091	1.2100	0.2594	0.2501	1.0726	1.4498	1.0168	1.3182	1.3520	1.3718	0.2458	1.1807	1.2617	1.3539	1.3363	0.2750	1.1748	1.3202	1.0844	1.3106	1.3860	1.2825	0.2487	1.2654	0.2452	1.3905	0.8399	0.2519	1.2837	0.9701	1.2733	1.4189	1.2249	1.0821	0.2395	1.1155	1.3046	0.9125	1.2408	0.2544	1.0333	1.0051	1.4561	1.3263	1.3735	0.2485	0.2392	1.3956	0.8436	1.0278	1.2594	0.2638	1.1265	1.4455	1.3634	1.3263	1.3993	1.3299	0.2564	0.9371	1.1719	1.2055	1.3474	0.2575	0.8779	0.2780	1.4081	0.2531	1.4625	0.7846	1.3006	0.8352	1.3567	1.2877	1.3281	1.3442	0.2676
7:59:16	30.2	0.2849	1.4298	1.3352	0.9551	1.2549	1.2752	1.2445	1.3051	1.0142	0.9594	0.2701	0.2527	1.2759	1.4254	0.7950	0.9772	1.2832	0.2570	1.3403	1.2228	1.2284	0.2595	0.2500	1.1003	1.4602	1.0299	1.3285	1.3595	1.3745	0.2458	1.1953	1.2737	1.3746	1.3442	0.2752	1.1993	1.3332	1.0999	1.3220	1.4004	1.2923	0.2488	1.2824	0.2471	1.3992	0.8473	0.2520	1.2963	0.9878	1.2925	1.4280	1.2463	1.1000	0.2396	1.1485	1.3167	0.9258	1.2604	0.2545	1.0746	1.0276	1.4667	1.3406	1.3832	0.2485	0.2394	1.4076	0.8408	1.0337	1.2773	0.2635	1.1382	1.4540	1.3739	1.3389	1.4124	1.3412	0.2564	0.9557	1.1870	1.2196	1.3554	0.2574	0.8780	0.2781	1.4255	0.2531	1.4709	0.7956	1.3150	0.8435	1.3686	1.2995	1.3426	1.3530	0.2673
8:09:16	30.2	0.2846	1.4462	1.3434	0.9705	1.2637	1.2757	1.2618	1.3273	1.0636	0.9621	0.2700	0.2526	1.2855	1.4264	0.7996	1.0079	1.2957	0.2570	1.3533	1.2381	1.2440	0.2594	0.2501	1.1007	1.4742	1.0418	1.3367	1.3769	1.3914	0.2458	1.2244	1.2856	1.3885	1.3532	0.2749	1.1999	1.3395	1.1085	1.3314	1.4109	1.2943	0.2487	1.2982	0.2447	1.4135	0.8658	0.2520	1.3208	0.9897	1.3072	1.4348	1.2649	1.1093	0.2395	1.1604	1.3409	0.9489	1.2592	0.2544	1.1031	1.0424	1.4699	1.3460	1.3943	0.2485	0.2392	1.4160	0.8628	1.0417	1.2828	0.2637	1.1487	1.4624	1.3881	1.3526	1.4197	1.3554	0.2563	0.9744	1.1988	1.2458	1.3724	0.2573	0.8851	0.2780	1.4396	0.2530	1.4785	0.8120	1.3365	0.8591	1.3764	1.3202	1.3577	1.3622	0.2675
8:19:16	30.2	0.2843	1.4572	1.3555	0.9823	1.2603	1.2952	1.2693	1.3400	1.0852	0.9780	0.2700	0.2527	1.2828	1.4322	0.8164	1.0361	1.3056	0.2569	1.3599	1.2438	1.2605	0.2594	0.2501	1.1261	1.4750	1.0530	1.3446	1.3806	1.4007	0.2458	1.2345	1.3018	1.3990	1.3630	0.2750	1.2251	1.3526	1.1251	1.3425	1.4186	1.3093	0.2487	1.3138	0.2445	1.4206	0.8689	0.2519	1.3360	1.0020	1.3197	1.4430	1.2721	1.1195	0.2395	1.1879	1.3423	0.9605	1.2721	0.2544	1.1255	1.0635	1.4791	1.3615	1.3983	0.2484	0.2393	1.4328	0.8657	1.0370	1.2875	0.2638	1.1600	1.4727	1.3976	1.3619	1.4340	1.3681	0.2562	0.9988	1.2279	1.2599	1.3836	0.2576	0.8969	0.2781	1.4449	0.2530	1.4860	0.8153	1.3490	0.8729	1.3851	1.3314	1.3694	1.3691	0.2674
8:29:16	30.2	0.2839	1.4673	1.3648	1.0099	1.2817	1.3080	1.2839	1.3503	1.1205	1.0108	0.2701	0.2528	1.3191	1.4431	0.8343	1.0561	1.3250	0.2570	1.3725	1.2611	1.2750	0.2595	0.2501	1.1266	1.4804	1.0730	1.3548	1.3944	1.4129	0.2458	1.2620	1.3057	1.4072	1.3717	0.2752	1.2288	1.3675	1.1365	1.3560	1.4254	1.3150	0.2487	1.3295	0.2478	1.4318	0.8921	0.2521	1.3499	1.0060	1.3329	1.4435	1.2905	1.1370	0.2395	1.1993	1.3498	0.9829	1.2852	0.2545	1.1540	1.0864	1.4813	1.3666	1.4087	0.2484	0.2393	1.4436	0.8864	1.0373	1.3118	0.2638	1.1758	1.4857	1.4059	1.3694	1.4427	1.3765	0.2563	1.0160	1.2498	1.2775	1.3939	0.2576	0.8960	0.2782	1.4558	0.2531	1.4950	0.8283	1.3638	0.8837	1.3921	1.3430	1.3721	1.3785	0.2676
8:39:16	30.2	0.2844	1.4729	1.3829	1.0362	1.2940	1.3147	1.2945	1.3602	1.1540	1.0286	0.2700	0.2527	1.3282	1.4501	0.8538	1.0680	1.3317	0.2569	1.3837	1.2742	1.2833	0.2595	0.2502	1.1479	1.4846	1.0943	1.3659	1.4001	1.4236	0.2459	1.2854	1.3105	1.4170	1.3802	0.2752	1.2469	1.3772	1.1512	1.3641	1.4297	1.3247	0.2487	1.3432	0.2442	1.4413	0.9040	0.2520	1.3617	1.0107	1.3485	1.4510	1.3056	1.1648	0.2395	1.2365	1.3659	1.0033	1.2874	0.2546	1.1707	1.1099	1.4836	1.3815	1.4195	0.2485	0.2394	1.4477	0.8893	1.0489	1.3293	0.2633	1.1975	1.5008	1.4141	1.3848	1.4512	1.3871	0.2563	1.0381	1.2553	1.2949	1.4006	0.2574	0.9052	0.2782	1.4707	0.2532	1.5055	0.8449	1.3812	0.9049	1.4038	1.3544	1.3962	1.3890	0.2675
8:49:16	30.2	0.2836	1.4822	1.3861	1.0533	1.3033	1.3312	1.3103	1.3747	1.1652	1.0591	0.2701	0.2528	1.3341	1.4542	0.8749	1.0678	1.3470	0.2570	1.3936	1.2924	1.2959	0.2595	0.2502	1.1398	1.4884	1.1010	1.3783	1.4123	1.4210	0.2458	1.2884	1.3318	1.4358	1.3916	0.2751	1.2490	1.3914	1.1555	1.3753	1.4369	1.3328	0.2487	1.3490	0.2458	1.4450	0.9085	0.2520	1.3744	1.0162	1.3647	1.4515	1.3183	1.1760	0.2396	1.2555	1.3716	1.0135	1.2985	0.2546	1.1927	1.1272	1.4855	1.3910	1.4333	0.2484	0.2393	1.4543	0.9040	1.0554	1.3466	0.2636	1.2161	1.5033	1.4268	1.3955	1.4589	1.3985	0.2562	1.0610	1.2723	1.3071	1.4043	0.2575	0.9067	0.2781	1.4757	0.2530	1.5072	0.8678	1.3895	0.9162	1.4155	1.3643	1.4060	1.4001	0.2675
8:59:16	30.2	0.2834	1.4909	1.4010	1.0674	1.3177	1.3424	1.3118	1.3835	1.1774	1.0851	0.2701	0.2528	1.3374	1.4756	0.9008	1.0739	1.3565	0.2571	1.4002	1.3035	1.3109	0.2597	0.2503	1.1581	1.4886	1.1170	1.3867	1.4205	1.4318	0.2458	1.3033	1.3361	1.4412	1.3982	0.2752	1.2654	1.4022	1.1643	1.3821	1.4415	1.3482	0.2488	1.3659	0.2495	1.4526	0.9273	0.2521	1.3866	1.0210	1.3746	1.4556	1.3392	1.1826	0.2396	1.2683	1.3752	1.0347	1.3127	0.2545	1.2140	1.1476	1.4844	1.4039	1.4435	0.2486	0.2393	1.4621	0.9246	1.0598	1.3502	0.2636	1.2329	1.5101	1.4327	1.4069	1.4650	1.4053	0.2564	1.0806	1.2835	1.3212	1.4118	0.2575	0.9190	0.2782	1.4833	0.2531	1.5145	0.8811	1.4073	0.9317	1.4168	1.3742	1.4144	1.4029	0.2676
9:09:16	30.2	0.2844	1.4992	1.4023	1.0906	1.3287	1.3478	1.3233	1.3958	1.1990	1.1217	0.2702	0.2528	1.3674	1.4830	0.9287	1.0928	1.3693	0.2572	1.4067	1.3201	1.3300	0.2598	0.2504	1.1823	1.4904	1.1317	1.3977	1.4247	1.4334	0.2458	1.3185	1.3524	1.4509	1.4036	0.2753	1.2810	1.4100	1.1805	1.3905	1.4478	1.3546	0.2488	1.3765	0.2446	1.4564	0.9494	0.2521	1.3970	1.0344	1.3818	1.4574	1.3487	1.2062	0.2395	1.2897	1.3864	1.0561	1.3201	0.2547	1.2298	1.1713	1.4853	1.4148	1.4502	0.2486	0.2394	1.4713	0.9399	1.0639	1.3576	0.2635	1.2508	1.5196	1.4428	1.4172	1.4729	1.4114	0.2563	1.1023	1.2904	1.3416	1.4187	0.2578	0.9312	0.2783	1.4902	0.2531	1.5155	0.9023	1.4141	0.9502	1.4245	1.3807	1.4284	1.4168	0.2675
9:19:16	30.2	0.2847	1.5050	1.4158	1.1155	1.3349	1.3657	1.3498	1.4032	1.2201	1.1495	0.2701	0.2527	1.3702	1.4914	0.9568	1.1102	1.3781	0.2570	1.4152	1.3270	1.3592	0.2596	0.2502	1.1996	1.4886	1.1547	1.4018	1.4340	1.4386	0.2459	1.3267	1.3620	1.4635	1.4124	0.2752	1.2757	1.4182	1.1906	1.4034	1.4508	1.3735	0.2488	1.3901	0.2444	1.4652	0.9666	0.2521	1.4060	1.0383	1.3955	1.4577	1.3591	1.2230	0.2394	1.3104	1.3974	1.0750	1.3271	0.2546	1.2445	1.1935	1.4825	1.4238	1.4559	0.2484	0.2392	1.4804	0.9599	1.0691	1.3699	0.2636	1.2631	1.5284	1.4490	1.4286	1.4810	1.4247	0.2563	1.1249	1.3061	1.3525	1.4213	0.2575	0.9427	0.2783	1.4980	0.2531	1.5270	0.9279	1.4339	0.9668	1.4363	1.3857	1.4389	1.4199	0.2675
9:29:16	30.2	0.2843	1.5143	1.4281	1.1418	1.3495	1.3794	1.3479	1.4092	1.2480	1.1741	0.2701	0.2527	1.3929	1.5021	0.9859	1.1432	1.3802	0.2570	1.4211	1.3378	1.3631	0.2595	0.2502	1.2193	1.4859	1.1829	1.4049	1.4371	1.4378	0.2458	1.3449	1.3696	1.4688	1.4207	0.2751	1.2968	1.4295	1.2042	1.4101	1.4533	1.3854	0.2487	1.4044	0.2477	1.4711	0.9877	0.2521	1.4125	1.0491	1.3970	1.4566	1.3693	1.2324	0.2396	1.3219	1.4085	1.0935	1.3508	0.2545	1.2637	1.2162	1.4800	1.4314	1.4659	0.2485	0.2391	1.4867	0.9858	1.0747	1.3774	0.2637	1.2737	1.5307	1.4587	1.4317	1.4886	1.4317	0.2563	1.1490	1.3219	1.3659	1.4285	0.2575	0.9591	0.2780	1.5051	0.2531	1.5338	0.9526	1.4456	0.9833	1.4410	1.3957	1.4503	1.4293	0.2675
9:39:16	30.2	0.2840	1.5254	1.4350	1.1573	1.3624	1.3875	1.3686	1.4168	1.2596	1.1981	0.2699	0.2527	1.3875	1.5067	1.0123	1.1616	1.3917	0.2569	1.4271	1.3552	1.3808	0.2595	0.2504	1.2328	1.4850	1.2018	1.4183	1.4470	1.4399	0.2459	1.3504	1.3881	1.4872	1.4333	0.2753	1.3145	1.4378	1.2110	1.4177	1.4533	1.3933	0.2487	1.4145	0.2450	1.4784	1.0061	0.2520	1.4183	1.0589	1.4047	1.4546	1.3787	1.2552	0.2396	1.3343	1.4227	1.1122	1.3534	0.2547	1.2772	1.2359	1.4770	1.4432	1.4753	0.2485	0.2392	1.4924	1.0070	1.0810	1.3928	0.2638	1.2843	1.5365	1.4659	1.4455	1.5006	1.4415	0.2563	1.1730	1.3288	1.3753	1.4291	0.2575	0.9647	0.2781	1.5132	0.2532	1.5397	0.9853	1.4576	0.9903	1.4511	1.4024	1.4559	1.4440	0.2675
9:49:16	30.2	0.2848	1.5341	1.4510	1.1798	1.3717	1.4112	1.3758	1.4226	1.2964	1.1966	0.2700	0.2529	1.4018	1.5100	1.0398	1.1751	1.3985	0.2572	1.4335	1.3715	1.3932	0.2597	0.2505	1.2451	1.4838	1.2270	1.4244	1.4511	1.4445	0.2460	1.3697	1.3953	1.4945	1.4422	0.2753	1.3347	1.4457	1.2220	1.4244	1.4576	1.4083	0.2489	1.4259	0.2447	1.4846	1.0341	0.2521	1.4244	1.0651	1.4195	1.4591	1.3760	1.2731	0.2396	1.3585	1.4237	1.1311	1.3737	0.2546	1.2832	1.2527	1.4735	1.4529	1.4811	0.2486	0.2394	1.5018	1.0261	1.0876	1.3880	0.2636	1.3023	1.5427	1.4737	1.4493	1.5066	1.4470	0.2563	1.1932	1.3470	1.3886	1.4354	0.2578	0.9815	0.2783	1.5197	0.2531	1.5407	1.0069	1.4691	1.0095	1.4564	1.4087	1.4643	1.4500	0.2676
9:59:16	30.2	0.2840	1.5370	1.4502	1.1929	1.3778	1.4120	1.3773	1.4260	1.3120	1.2164	0.2699	0.2526	1.4092	1.5198	1.0636	1.1713	1.3944	0.2570	1.4363	1.3802	1.4003	0.2596	0.2503	1.2521	1.4774	1.2470	1.4402	1.4627	1.4461	0.2459	1.3750	1.4028	1.4995	1.4508	0.2750	1.3393	1.4474	1.2132	1.4245	1.4600	1.4148	0.2487	1.4302	0.2490	1.4952	1.0471	0.2520	1.4325	1.0600	1.4272	1.4625	1.3942	1.2882	0.2395	1.3724	1.4326	1.1483	1.3851	0.2546	1.2957	1.2682	1.4702	1.4609	1.4918	0.2484	0.2392	1.5086	1.0419	1.0992	1.4006	0.2635	1.3087	1.5489	1.4791	1.4501	1.5136	1.4593	0.2563	1.2157	1.3579	1.4032	1.4357	0.2575	0.9911	0.2781	1.5223	0.2531	1.5473	1.0382	1.4793	1.0085	1.4635	1.4165	1.4721	1.4612	0.2675
10:09:16	30.2	0.2839	1.5406	1.4683	1.2160	1.3938	1.4302	1.4030	1.4288	1.3234	1.2528	0.2699	0.2527	1.4207	1.5250	1.0849	1.1871	1.4096	0.2569	1.4395	1.3836	1.4199	0.2597	0.2502	1.2756	1.4739	1.2646	1.4472	1.4647	1.4525	0.2459	1.3919	1.4128	1.5066	1.4623	0.2752	1.3678	1.4618	1.2214	1.4269	1.4624	1.4228	0.2487	1.4370	0.2455	1.4997	1.0660	0.2520	1.4315	1.0694	1.4362	1.4599	1.4123	1.3012	0.2395	1.3867	1.4423	1.1641	1.3976	0.2547	1.3076	1.2860	1.4687	1.4647	1.4992	0.2484	0.2391	1.5171	1.0595	1.0938	1.4122	0.2636	1.3247	1.5554	1.4840	1.4599	1.5194	1.4670	0.2563	1.2342	1.3712	1.4096	1.4373	0.2577	1.0123	0.2781	1.5288	0.2531	1.5491	1.0627	1.4884	1.0170	1.4733	1.4257	1.4764	1.4689	0.2675
10:19:16	30.2	0.2839	1.5435	1.4713	1.2268	1.4038	1.4410	1.4114	1.4374	1.3348	1.2811	0.2698	0.2528	1.4380	1.5286	1.1069	1.1993	1.4157	0.2570	1.4445	1.4026	1.4226	0.2596	0.2502	1.2829	1.4741	1.2787	1.4576	1.4734	1.4460	0.2458	1.3992	1.4194	1.5143	1.4681	0.2752	1.3814	1.4620	1.2284	1.4418	1.4651	1.4294	0.2487	1.4392	0.2444	1.5072	1.0802	0.2518	1.4408	1.0878	1.4345	1.4633	1.4197	1.3156	0.2394	1.3975	1.4519	1.1779	1.4102	0.2546	1.3180	1.2991	1.4686	1.4683	1.5058	0.2484	0.2391	1.5225	1.0891	1.1019	1.4212	0.2635	1.3333	1.5542	1.4930	1.4651	1.5247	1.4721	0.2562	1.2468	1.3904	1.4206	1.4384	0.2576	1.0201	0.2781	1.5349	0.2530	1.5560	1.0860	1.4908	1.0178	1.4772	1.4319	1.4855	1.4693	0.2674
10:29:16	30.2	0.2845	1.5540	1.4692	1.2448	1.4129	1.4442	1.4177	1.4434	1.3452	1.2939	0.2701	0.2529	1.4397	1.5329	1.1299	1.2030	1.4220	0.2573	1.4519	1.4112	1.4385	0.2597	0.2504	1.3098	1.4710	1.2973	1.4618	1.4799	1.4492	0.2460	1.4110	1.4233	1.5196	1.4755	0.2753	1.4034	1.4703	1.2325	1.4456	1.4674	1.4360	0.2489	1.4525	0.2449	1.5135	1.1011	0.2522	1.4464	1.0877	1.4428	1.4635	1.4328	1.3369	0.2395	1.4031	1.4541	1.1991	1.4204	0.2547	1.3249	1.3122	1.4659	1.4804	1.5170	0.2486	0.2393	1.5333	1.1055	1.1028	1.4269	0.2637	1.3568	1.5553	1.5009	1.4657	1.5290	1.4689	0.2565	1.2655	1.4007	1.4270	1.4400	0.2577	1.0345	0.2782	1.5354	0.2533	1.5525	1.1069	1.5024	1.0243	1.4853	1.4384	1.4887	1.4752	0.2676
10:39:16	30.2	0.2832	1.5608	1.4766	1.2576	1.4167	1.4479	1.4258	1.4466	1.3466	1.3118	0.2701	0.2528	1.4453	1.5406	1.1523	1.1670	1.4340	0.2572	1.4550	1.4141	1.4441	0.2597	0.2505	1.3077	1.4647	1.3114	1.4661	1.4799	1.4536	0.2461	1.4157	1.4428	1.5222	1.4869	0.2754	1.4044	1.4681	1.2137	1.4521	1.4646	1.4379	0.2489	1.4659	0.2448	1.5200	1.1301	0.2522	1.4526	1.0753	1.4556	1.4616	1.4435	1.3486	0.2397	1.4179	1.4655	1.2188	1.4236	0.2549	1.3354	1.3194	1.4605	1.4878	1.5182	0.2486	0.2393	1.5384	1.1357	1.1042	1.4394	0.2636	1.3561	1.5634	1.5073	1.4777	1.5390	1.4810	0.2565	1.2856	1.4176	1.4308	1.4443	0.2580	1.0465	0.2783	1.5415	0.2533	1.5652	1.1309	1.5106	1.0233	1.4912	1.4420	1.5030	1.4822	0.2677
10:49:16	30.2	0.2839	1.5669	1.4848	1.2788	1.4272	1.4595	1.4313	1.4538	1.3621	1.3269	0.2701	0.2529	1.4606	1.5443	1.1727	1.1861	1.4470	0.2572	1.4604	1.4237	1.4555	0.2598	0.2506	1.3313	1.4601	1.3250	1.4720	1.4887	1.4549	0.2462	1.4269	1.4525	1.5289	1.4875	0.2754	1.4066	1.4800	1.2257	1.4599	1.4656	1.4477	0.2489	1.4785	0.2480	1.5253	1.1449	0.2523	1.4577	1.0785	1.4615	1.4623	1.4384	1.3636	0.2397	1.4268	1.4700	1.2347	1.4366	0.2549	1.3528	1.3309	1.4568	1.5029	1.5298	0.2486	0.2395	1.5496	1.1537	1.1142	1.4502	0.2637	1.3757	1.5731	1.5098	1.4799	1.5422	1.4873	0.2566	1.3010	1.4260	1.4407	1.4443	0.2579	1.0628	0.2783	1.5447	0.2532	1.5639	1.1510	1.5136	1.0312	1.4957	1.4449	1.5044	1.4876	0.2676
10:59:16	30.2	0.2842	1.5671	1.4937	1.2904	1.4326	1.4606	1.4303	1.4555	1.3763	1.3356	0.2704	0.2528	1.4607	1.5493	1.1913	1.1685	1.4474	0.2571	1.4611	1.4430	1.4557	0.2596	0.2504	1.3304	1.4551	1.3367	1.4799	1.4933	1.4551	0.2460	1.4357	1.4500	1.5275	1.4927	0.2753	1.4153	1.4859	1.2167	1.4655	1.4632	1.4544	0.2489	1.4876	0.2474	1.5277	1.1643	0.2523	1.4612	1.0771	1.4670	1.4618	1.4528	1.3766	0.2396	1.4337	1.4756	1.2512	1.4373	0.2548	1.3666	1.3374	1.4523	1.4992	1.5342	0.2484	0.2393	1.5504	1.1668	1.1153	1.4534	0.2635	1.3941	1.5740	1.5151	1.4840	1.5443	1.4952	0.2563	1.3149	1.4309	1.4424	1.4473	0.2577	1.0760	0.2783	1.5492	0.2532	1.5783	1.1695	1.5209	1.0350	1.5029	1.4474	1.5069	1.4968	0.2676
11:09:16	30.2	0.2843	1.5673	1.5052	1.3103	1.4405	1.4654	1.4341	1.4593	1.3881	1.3655	0.2701	0.2529	1.4718	1.5517	1.2096	1.1596	1.4594	0.2573	1.4627	1.4421	1.4587	0.2598	0.2505	1.3582	1.4484	1.3475	1.4814	1.4977	1.4550	0.2461	1.4418	1.4573	1.5257	1.5008	0.2754	1.4259	1.4881	1.2207	1.4687	1.4604	1.4613	0.2489	1.4925	0.2466	1.5318	1.1792	0.2523	1.4658	1.0892	1.4719	1.4588	1.4593	1.3939	0.2398	1.4351	1.4842	1.2696	1.4382	0.2548	1.3760	1.3440	1.4499	1.5073	1.5366	0.2486	0.2394	1.5579	1.1859	1.1223	1.4580	0.2637	1.3967	1.5815	1.5192	1.4926	1.5512	1.5032	0.2564	1.3276	1.4425	1.4433	1.4474	0.2578	1.0984	0.2783	1.5543	0.2532	1.5760	1.1891	1.5288	1.0465	1.5035	1.4513	1.5143	1.5066	0.2677
11:19:16	30.2	0.2844	1.5693	1.5021	1.3255	1.4478	1.4726	1.4447	1.4597	1.4045	1.3745	0.2701	0.2528	1.4806	1.5556	1.2257	1.1677	1.4568	0.2571	1.4616	1.4395	1.4616	0.2598	0.2505	1.3656	1.4452	1.3572	1.4860	1.4967	1.4515	0.2460	1.4501	1.4595	1.5321	1.5019	0.2754	1.4390	1.4939	1.2234	1.4729	1.4571	1.4696	0.2489	1.4931	0.2458	1.5353	1.1947	0.2522	1.4673	1.0859	1.4760	1.4529	1.4643	1.3990	0.2396	1.4378	1.4821	1.2858	1.4533	0.2548	1.3699	1.3462	1.4450	1.5148	1.5430	0.2485	0.2393	1.5582	1.2006	1.1328	1.4650	0.2637	1.4066	1.5803	1.5284	1.4906	1.5511	1.5056	0.2564	1.3382	1.4487	1.4550	1.4507	0.2578	1.1131	0.2783	1.5528	0.2532	1.5799	1.2061	1.5363	1.0516	1.5076	1.4511	1.5201	1.5074	0.2677
11:29:16	30.2	0.2853	1.5696	1.5032	1.3406	1.4502	1.4768	1.4539	1.4596	1.4137	1.3804	0.2701	0.2529	1.4979	1.5572	1.2386	1.1925	1.4645	0.2572	1.4584	1.4534	1.4626	0.2598	0.2504	1.3723	1.4399	1.3667	1.4862	1.5051	1.4446	0.2460	1.4623	1.4683	1.5235	1.5030	0.2754	1.4421	1.4956	1.2309	1.4739	1.4524	1.4700	0.2489	1.4982	0.2460	1.5350	1.2071	0.2522	1.4651	1.0904	1.4773	1.4496	1.4687	1.4057	0.2397	1.4157	1.4848	1.3009	1.4568	0.2549	1.3763	1.3474	1.4408	1.5171	1.5393	0.2486	0.2393	1.5590	1.2192	1.1361	1.4669	0.2636	1.4166	1.5845	1.5324	1.4985	1.5541	1.5072	0.2564	1.3493	1.4604	1.4535	1.4496	0.2579	1.1295	0.2782	1.5534	0.2532	1.5828	1.2231	1.5385	1.0576	1.5131	1.4482	1.5181	1.5087	0.2675
11:39:16	30.2	0.2840	1.5679	1.5027	1.3530	1.4544	1.4830	1.4545	1.4636	1.4155	1.3758	0.2702	0.2529	1.4877	1.5599	1.2515	1.1858	1.4621	0.2572	1.4554	1.4519	1.4646	0.2599	0.2505	1.3788	1.4359	1.3710	1.4914	1.5070	1.4440	0.2461	1.4699	1.4731	1.5126	1.5118	0.2754	1.4374	1.5003	1.2328	1.4838	1.4500	1.4746	0.2489	1.5023	0.2459	1.5386	1.2204	0.2522	1.4688	1.0959	1.4798	1.4465	1.4798	1.4138	0.2396	1.4195	1.4890	1.3143	1.4561	0.2549	1.3737	1.3435	1.4352	1.5220	1.5462	0.2486	0.2394	1.5599	1.2297	1.1535	1.4696	0.2639	1.4192	1.5861	1.5372	1.5012	1.5534	1.5088	0.2564	1.3582	1.4602	1.4581	1.4491	0.2578	1.1425	0.2783	1.5638	0.2533	1.5837	1.2374	1.5399	1.0629	1.5052	1.4454	1.5226	1.5110	0.2676
11:49:16	30.2	0.2840	1.5691	1.5090	1.3627	1.4592	1.4871	1.4614	1.4575	1.4147	1.3815	0.2700	0.2528	1.5002	1.5611	1.2626	1.1890	1.4702	0.2571	1.4525	1.4636	1.4743	0.2596	0.2504	1.3848	1.4303	1.3759	1.4946	1.5131	1.4381	0.2460	1.4733	1.4795	1.5105	1.5160	0.2754	1.4546	1.5050	1.2293	1.4847	1.4441	1.4789	0.2489	1.5075	0.2452	1.5421	1.2315	0.2522	1.4668	1.1032	1.4861	1.4410	1.4869	1.4255	0.2396	1.4056	1.4911	1.3269	1.4674	0.2550	1.3869	1.3385	1.4294	1.5246	1.5496	0.2486	0.2392	1.5676	1.2436	1.1582	1.4755	0.2635	1.4256	1.5887	1.5383	1.5045	1.5547	1.5156	0.2563	1.3675	1.4647	1.4588	1.4464	0.2576	1.1588	0.2781	1.5638	0.2531	1.5893	1.2499	1.5355	1.0721	1.5103	1.4429	1.5260	1.5152	0.2675
11:59:16	30.2	0.2837	1.5651	1.5137	1.3704	1.4609	1.4942	1.4654	1.4585	1.4100	1.4000	0.2701	0.2530	1.5054	1.5646	1.2727	1.1855	1.4779	0.2573	1.4494	1.4722	1.4814	0.2599	0.2506	1.3902	1.4226	1.3783	1.4931	1.5148	1.4346	0.2461	1.4701	1.4850	1.5135	1.5212	0.2755	1.4608	1.5100	1.2254	1.4853	1.4376	1.4874	0.2489	1.5143	0.2455	1.5473	1.2413	0.2523	1.4697	1.1114	1.4903	1.4360	1.4845	1.4336	0.2396	1.4203	1.4975	1.3373	1.4631	0.2550	1.3909	1.3303	1.4225	1.5323	1.5553	0.2487	0.2395	1.5703	1.2536	1.1767	1.4817	0.2638	1.4327	1.5944	1.5378	1.5074	1.5565	1.5221	0.2564	1.3751	1.4642	1.4642	1.4430	0.2579	1.1771	0.2782	1.5699	0.2532	1.5889	1.2592	1.5444	1.0883	1.5178	1.4418	1.5354	1.5226	0.2676
12:09:16	30.2	0.2837	1.5656	1.5146	1.3795	1.4646	1.5004	1.4666	1.4543	1.4106	1.4103	0.2701	0.2529	1.5134	1.5671	1.2826	1.1956	1.4775	0.2573	1.4447	1.4764	1.4813	0.2599	0.2505	1.3949	1.4182	1.3781	1.4981	1.5205	1.4300	0.2462	1.4819	1.4903	1.5115	1.5233	0.2755	1.4593	1.5142	1.2305	1.4892	1.4327	1.4869	0.2489	1.5185	0.2451	1.5509	1.2533	0.2522	1.4668	1.1148	1.4910	1.4335	1.4888	1.4312	0.2396	1.4147	1.5001	1.3481	1.4644	0.2549	1.3925	1.3229	1.4180	1.5328	1.5533	0.2487	0.2393	1.5736	1.2676	1.1860	1.4847	0.2636	1.4315	1.5957	1.5374	1.5104	1.5585	1.5220	0.2564	1.3812	1.4756	1.4720	1.4386	0.2578	1.1930	0.2783	1.5717	0.2533	1.5937	1.2678	1.5409	1.0961	1.5173	1.4380	1.5394	1.5247	0.2677
12:19:16	30.2	0.2831	1.5639	1.5263	1.3897	1.4680	1.4989	1.4705	1.4536	1.3967	1.4230	0.2700	0.2528	1.5059	1.5697	1.2894	1.2112	1.4833	0.2572	1.4407	1.4771	1.4856	0.2599	0.2505	1.4068	1.4131	1.3754	1.5021	1.5204	1.4230	0.2461	1.4871	1.4904	1.5116	1.5243	0.2754	1.4638	1.5180	1.2332	1.4939	1.4279	1.4915	0.2488	1.5150	0.2480	1.5519	1.2629	0.2522	1.4643	1.1238	1.4928	1.4316	1.4929	1.4326	0.2396	1.4396	1.4999	1.3590	1.4719	0.2548	1.3965	1.3133	1.4136	1.5332	1.5553	0.2486	0.2393	1.5754	1.2781	1.1998	1.4881	0.2638	1.4453	1.5969	1.5421	1.5136	1.5628	1.5260	0.2564	1.3873	1.4788	1.4743	1.4359	0.2576	1.2073	0.2783	1.5768	0.2531	1.5899	1.2745	1.5741	1.1073	1.5197	1.4349	1.5356	1.5235	0.2676
12:29:16	30.1	0.2838	1.5630	1.5236	1.3977	1.4697	1.5034	1.4763	1.4503	1.4219	1.4327	0.2701	0.2527	1.5094	1.5695	1.2956	1.2202	1.4849	0.2572	1.4389	1.4835	1.4897	0.2597	0.2504	1.4051	1.4076	1.3740	1.5031	1.5257	1.4189	0.2461	1.4835	1.4945	1.5115	1.5289	0.2755	1.4698	1.5196	1.2366	1.5003	1.4238	1.4979	0.2488	1.5145	0.2477	1.5520	1.2725	0.2522	1.4612	1.1287	1.4999	1.4255	1.4874	1.4379	0.2396	1.4347	1.5019	1.3658	1.4759	0.2549	1.4033	1.2985	1.4091	1.5306	1.5634	0.2484	0.2392	1.5764	1.2842	1.2040	1.4936	0.2637	1.4473	1.5973	1.5423	1.5226	1.5623	1.5289	0.2563	1.3909	1.4825	1.4797	1.4313	0.2577	1.2198	0.2782	1.5784	0.2532	1.5958	1.2795	1.5949	1.1156	1.5267	1.4309	1.5419	1.5270	0.2675
12:39:16	30.1	0.2832	1.5680	1.5273	1.4053	1.4714	1.5066	1.4752	1.4497	1.4466	1.4310	0.2703	0.2528	1.5140	1.5756	1.2992	1.2213	1.4867	0.2572	1.4362	1.4887	1.4936	0.2599	0.2507	1.4164	1.4037	1.3661	1.5056	1.5268	1.4184	0.2460	1.4971	1.4941	1.6335	1.5333	0.2755	1.4673	1.5193	1.2431	1.5017	1.4199	1.4981	0.2489	1.5277	0.2483	1.5550	1.2830	0.2523	1.4634	1.1417	1.5067	1.4206	1.4853	1.4417	0.2397	1.5473	1.5075	1.3751	1.4760	0.2551	1.4020	1.2816	1.4035	1.5342	1.5636	0.2485	0.2392	1.5763	1.2919	1.2222	1.4951	0.2640	1.4483	1.5982	1.5429	1.5251	1.5623	1.5362	0.2565	1.3940	1.4812	1.4810	1.4292	0.2579	1.2305	0.2781	1.5820	0.2532	1.5987	1.2829	1.6225	1.1361	1.5278	1.4305	1.5441	1.5328	0.2677
12:49:16	30.2	0.2833	1.5658	1.5284	1.4132	1.4763	1.5138	1.4807	1.4461	1.5118	1.4346	0.2702	0.2530	1.5232	1.5786	1.3036	1.2314	1.4924	0.2573	1.4325	1.4918	1.5008	0.2601	0.2506	1.4198	1.3989	1.3563	1.5078	1.5309	1.4139	0.2461	1.5313	1.4941	1.5321	1.5360	0.2755	1.4749	1.5271	1.2449	1.5072	1.4154	1.5030	0.2487	1.5305	0.2485	1.5568	1.2916	0.2523	1.4630	1.1380	1.5062	1.4172	1.4924	1.4491	0.2397	1.5422	1.5105	1.3834	1.4767	0.2549	1.4048	1.2676	1.4011	1.5412	1.5583	0.2485	0.2394	1.5795	1.2986	1.2286	1.5039	0.2640	1.4607	1.6035	1.5453	1.5266	1.5651	1.5349	0.2564	1.3989	1.4867	1.4852	1.4260	0.2577	1.2383	0.2782	1.5858	0.2532	1.5969	1.2845	1.6217	1.1455	1.5292	1.4248	1.5494	1.5382	0.2676
12:59:16	30.2	0.2827	1.5666	1.5339	1.4164	1.4817	1.5147	1.4849	1.4428	1.3985	1.4331	0.2702	0.2529	1.5218	1.5777	1.3032	1.2461	1.4902	0.2573	1.4312	1.4930	1.5032	0.2599	0.2505	1.4129	1.3948	1.3463	1.5136	1.5310	1.4106	0.2461	1.5145	1.5020	1.5633	1.5373	0.2755	1.4784	1.5261	1.2546	1.5089	1.4122	1.5071	0.2488	1.5349	0.2492	1.5573	1.2948	0.2522	1.4599	1.1512	1.5088	1.4132	1.4969	1.4552	0.2395	1.5870	1.5144	1.3904	1.4776	0.2549	1.4115	1.2511	1.3949	1.5443	1.5668	0.2484	0.2394	1.5827	1.3020	1.2392	1.5042	0.2636	1.4621	1.6031	1.5435	1.5305	1.5724	1.5386	0.2564	1.3971	1.4882	1.4904	1.4204	0.2578	1.2504	0.2782	1.5834	0.2531	1.5955	1.2847	1.6048	1.1526	1.5344	1.4248	1.5526	1.5402	0.2675
13:09:16	30.2	0.2827	1.5718	1.5410	1.4213	1.4853	1.5163	1.4891	1.4405	1.4053	1.4363	0.2702	0.2528	1.5285	1.5809	1.3040	1.2481	1.4949	0.2574	1.4282	1.5010	1.5069	0.2598	0.2506	1.4300	1.3903	1.3370	1.5116	1.5367	1.4006	0.2461	1.4849	1.5020	1.5376	1.5391	0.2754	1.4896	1.5282	1.2575	1.5078	1.4070	1.5093	0.2490	1.5392	0.2489	1.5611	1.3014	0.2523	1.4525	1.1565	1.5106	1.4071	1.4851	1.4538	0.2396	1.5259	1.5166	1.3979	1.4814	0.2550	1.4118	1.2326	1.3901	1.5420	1.5692	0.2485	0.2392	1.5809	1.3066	1.2433	1.5094	0.2639	1.4628	1.6086	1.5416	1.5331	1.5628	1.5453	0.2563	1.4002	1.4894	1.4928	1.4180	0.2576	1.2570	0.2782	1.5847	0.2533	1.6029	1.2827	1.5833	1.1644	1.5361	1.4192	1.5558	1.5472	0.2676
13:19:16	30.2	0.2828	1.5687	1.5403	1.4195	1.4878	1.5171	1.4910	1.4372	1.4168	1.4464	0.2703	0.2529	1.5327	1.5826	1.3027	1.2478	1.5018	0.2574	1.4206	1.5094	1.5099	0.2601	0.2507	1.4387	1.3843	1.3232	1.5137	1.5395	1.4001	0.2462	1.5586	1.5036	1.5799	1.5429	0.2756	1.4930	1.5345	1.2575	1.5145	1.4008	1.5138	0.2489	1.5378	0.2484	1.5625	1.3049	0.2525	1.4515	1.1634	1.5150	1.4007	1.5016	1.4590	0.2397	1.5305	1.5194	1.4038	1.4876	0.2549	1.4191	1.2135	1.3840	1.5480	1.5708	0.2486	0.2395	1.5856	1.3076	1.2528	1.5115	0.2638	1.4648	1.6109	1.5492	1.5359	1.5616	1.5446	0.2564	1.3953	1.4929	1.4967	1.4125	0.2578	1.2641	0.2784	1.5854	0.2533	1.6046	1.2787	1.5841	1.1714	1.5437	1.4185	1.5642	1.5437	0.2676
13:29:16	30.2	0.2844	1.6362	1.5416	1.4236	1.4888	1.5258	1.4935	1.4315	1.4697	1.4447	0.2705	0.2530	1.5363	1.5821	1.3005	1.2438	1.5046	0.2573	1.4149	1.5101	1.5124	0.2600	0.2508	1.4391	1.3792	1.3095	1.5181	1.5429	1.3971	0.2462	1.5319	1.5082	1.5965	1.5453	0.2756	1.4941	1.5350	1.2538	1.5154	1.3964	1.5170	0.2489	1.5408	0.2499	1.5598	1.3093	0.2525	1.4457	1.1707	1.5234	1.3934	1.4553	1.4598	0.2396	1.5469	1.5221	1.4113	1.4888	0.2549	1.4208	1.1949	1.3801	1.5508	1.5706	0.2486	0.2394	1.5873	1.3061	1.2595	1.5130	0.2637	1.4706	1.6131	1.5482	1.5402	1.5637	1.5465	0.2565	1.3917	1.4946	1.5004	1.4076	0.2579	1.2704	0.2784	1.5884	0.2533	1.6065	1.2738	1.5817	1.1784	1.5432	1.4162	1.5682	1.5452	0.2677
13:39:16	30.2	0.2842	1.6132	1.5469	1.4228	1.4916	1.5264	1.5005	1.4275	1.4856	1.4523	0.2704	0.2530	1.5452	1.5878	1.2972	1.2394	1.5076	0.2573	1.4129	1.5126	1.5181	0.2599	0.2506	1.4385	1.3731	1.2961	1.5197	1.5421	1.3911	0.2463	1.5393	1.5094	1.5375	1.5464	0.2755	1.5007	1.5374	1.2613	1.5179	1.3933	1.5214	0.2490	1.5452	0.2492	1.5594	1.3117	0.2525	1.4441	1.1788	1.5243	1.3894	1.4949	1.4650	0.2397	1.5685	1.5187	1.4147	1.4879	0.2548	1.4294	1.1746	1.3752	1.5516	1.5729	0.2485	0.2394	1.5891	1.3044	1.2619	1.5199	0.2639	1.4771	1.6130	1.5495	1.5422	1.5671	1.5485	0.2565	1.3887	1.4996	1.5055	1.4018	0.2578	1.2746	0.2783	1.5862	0.2531	1.6106	1.2700	1.6054	1.1878	1.5503	1.4144	1.5710	1.5467	0.2676
13:49:16	30.2	0.2837	1.5715	1.5441	1.4214	1.4942	1.5309	1.5096	1.4238	1.5579	1.4573	0.2702	0.2530	1.5407	1.5876	1.2950	1.2550	1.5102	0.2573	1.4085	1.5120	1.5163	0.2599	0.2507	1.4409	1.3697	1.2830	1.5212	1.5450	1.3851	0.2462	1.4814	1.5153	1.5325	1.5410	0.2756	1.5041	1.5403	1.2683	1.5231	1.3897	1.5190	0.2490	1.5450	0.2493	1.5574	1.3087	0.2523	1.4362	1.1817	1.5225	1.3863	1.5359	1.4678	0.2396	1.4806	1.5196	1.4182	1.4905	0.2550	1.4319	1.1549	1.3700	1.5541	1.5774	0.2484	0.2393	1.5902	1.3010	1.2630	1.5253	0.2636	1.4779	1.6158	1.5486	1.5433	1.5691	1.5530	0.2565	1.3829	1.5024	1.5036	1.3992	0.2577	1.2763	0.2783	1.5917	0.2531	1.6127	1.2646	1.5781	1.1978	1.5502	1.4086	1.5782	1.5421	0.2676
13:59:16	30.2	0.2832	1.6362	1.5501	1.4185	1.4979	1.5287	1.5075	1.4220	1.4870	1.4611	0.2702	0.2530	1.5270	1.5891	1.2908	1.2590	1.5127	0.2572	1.4078	1.5115	1.5185	0.2599	0.2507	1.4516	1.3664	1.2688	1.5217	1.5445	1.3818	0.2462	1.5517	1.5187	1.5391	1.5411	0.2756	1.5054	1.5422	1.2740	1.5252	1.3858	1.5253	0.2490	1.5450	0.2498	1.5611	1.3087	0.2524	1.4323	1.1928	1.5282	1.3837	1.5032	1.4715	0.2397	1.5551	1.5179	1.4220	1.4915	0.2550	1.4380	1.1363	1.3649	1.5566	1.5755	0.2485	0.2393	1.5914	1.2943	1.2744	1.5278	0.2639	1.4760	1.6163	1.5515	1.5457	1.5710	1.5538	0.2565	1.3756	1.5033	1.5122	1.3940	0.2579	1.2811	0.2784	1.5929	0.2532	1.6083	1.2600	1.5722	1.2061	1.5547	1.4092	1.5762	1.5409	0.2676
14:09:16	30.2	0.2833	1.6365	1.5474	1.4134	1.4974	1.5321	1.5085	1.4144	1.4793	1.4631	0.2702	0.2531	1.5316	1.5872	1.2838	1.2804	1.5150	0.2573	1.3989	1.5188	1.5250	0.2599	0.2507	1.4606	1.3614	1.2516	1.5229	1.5482	1.3745	0.2462	1.4830	1.5172	1.5367	1.5417	0.2755	1.5093	1.5440	1.2762	1.5301	1.3822	1.5296	0.2488	1.5454	0.2496	1.5571	1.3042	0.2525	1.4295	1.2036	1.5329	1.3736	1.5045	1.4765	0.2397	1.5139	1.5199	1.4233	1.4958	0.2550	1.4377	1.1182	1.3606	1.5601	1.5812	0.2486	0.2394	1.5906	1.2895	1.2820	1.5312	0.2638	1.4844	1.6202	1.5524	1.5489	1.5698	1.5589	0.2563	1.3675	1.5083	1.5124	1.3891	0.2578	1.2822	0.2782	1.5893	0.2532	1.6103	1.2528	1.5694	1.2171	1.5571	1.4020	1.5799	1.5318	0.2677
14:19:16	30.2	0.2828	1.5795	1.5526	1.4081	1.5023	1.5335	1.5116	1.4103	1.5271	1.4707	0.2704	0.2531	1.5532	1.5849	1.2778	1.2854	1.5201	0.2574	1.3945	1.5253	1.5309	0.2600	0.2509	1.4579	1.3568	1.2379	1.5258	1.5504	1.3721	0.2463	1.4978	1.5241	1.5466	1.5420	0.2757	1.5139	1.5479	1.2914	1.5315	1.3774	1.5312	0.2492	1.5482	0.2495	1.5581	1.2993	0.2526	1.4267	1.2104	1.5334	1.3753	1.5041	1.4790	0.2399	1.5037	1.5171	1.4251	1.4984	0.2551	1.4458	1.1051	1.3583	1.5639	1.5833	0.2486	0.2394	1.5896	1.2783	1.2851	1.5374	0.2641	1.4895	1.6226	1.5549	1.5497	1.5706	1.5596	0.2565	1.3599	1.5102	1.5167	1.3847	0.2589	1.2798	0.2784	1.5882	0.2533	1.6115	1.2461	1.5701	1.2285	1.5634	1.4016	1.5799	1.5385	0.2677
14:29:16	30.2	0.2824	1.5935	1.5543	1.4037	1.5042	1.5370	1.5094	1.4068	1.5520	1.4750	0.2703	0.2530	1.5328	1.5840	1.2692	1.2924	1.5229	0.2574	1.3915	1.5243	1.5292	0.2600	0.2508	1.4489	1.3542	1.2235	1.5271	1.5514	1.3701	0.2461	1.5308	1.5249	1.5405	1.5382	0.2754	1.5184	1.5473	1.2972	1.5319	1.3753	1.5276	0.2489	1.5473	0.2497	1.5592	1.2955	0.2524	1.4199	1.2168	1.5306	1.3789	1.5227	1.4799	0.2395	1.4834	1.5163	1.4243	1.5006	0.2549	1.4438	1.0899	1.3533	1.5640	1.5840	0.2486	0.2394	1.5906	1.2720	1.2857	1.5382	0.2638	1.4907	1.6200	1.5545	1.5486	1.5669	1.5578	0.2565	1.3503	1.5124	1.5213	1.3801	0.2580	1.2798	0.2783	1.5806	0.2532	1.6127	1.2388	1.5646	1.2359	1.5617	1.3981	1.5713	1.5380	0.2676
14:39:16	30.2	0.2838	1.6203	1.5472	1.3968	1.5079	1.5394	1.5120	1.4019	1.5341	1.4744	0.2703	0.2532	1.5470	1.5859	1.2639	1.2975	1.5253	0.2574	1.3895	1.5234	1.5321	0.2601	0.2509	1.4547	1.3506	1.2075	1.5304	1.5518	1.3742	0.2463	1.4999	1.5325	1.5426	1.5375	0.2757	1.5210	1.5492	1.3021	1.5338	1.3716	1.5304	0.2490	1.5456	0.2495	1.5593	1.2912	0.2526	1.4190	1.2155	1.5326	1.3716	1.5255	1.4849	0.2398	1.4809	1.5141	1.4244	1.4999	0.2551	1.4550	1.0808	1.3509	1.5677	1.5816	0.2487	0.2394	1.5924	1.2642	1.2937	1.5338	0.2643	1.4938	1.6215	1.5501	1.5537	1.5700	1.5532	0.2565	1.3400	1.5160	1.5196	1.3762	0.2581	1.2772	0.2784	1.5831	0.2533	1.6146	1.2307	1.5594	1.2416	1.5610	1.4002	1.5720	1.5369	0.2677
14:49:16	30.2	0.2825	1.5805	1.5478	1.3896	1.5077	1.5393	1.5069	1.3991	1.4915	1.4797	0.2705	0.2533	1.5407	1.5862	1.2556	1.2927	1.5241	0.2575	1.3859	1.5272	1.5309	0.2600	0.2507	1.4670	1.3512	1.1930	1.5308	1.5507	1.3664	0.2464	1.5403	1.5296	1.5392	1.5424	0.2758	1.5240	1.5477	1.3106	1.5326	1.3716	1.5345	0.2491	1.5443	0.2499	1.5603	1.2820	0.2526	1.4149	1.2288	1.5332	1.3646	1.5341	1.4899	0.2397	1.4954	1.5152	1.4231	1.5028	0.2551	1.4552	1.0650	1.3561	1.5651	1.5746	0.2488	0.2395	1.5924	1.2559	1.3039	1.5342	0.2639	1.4998	1.6174	1.5474	1.5565	1.5700	1.5516	0.2566	1.3293	1.5170	1.5245	1.3708	0.2578	1.2768	0.2784	1.5843	0.2534	1.6110	1.2230	1.5661	1.2510	1.5599	1.3990	1.5683	1.5335	0.2678
14:59:15	30.2	0.2846	1.5972	1.5468	1.3819	1.5095	1.5417	1.5066	1.3983	1.5171	1.4832	0.2704	0.2531	1.5627	1.5849	1.2487	1.2923	1.5254	0.2574	1.3835	1.5286	1.5320	0.2599	0.2508	1.4704	1.3464	1.1778	1.5333	1.5519	1.3605	0.2462	1.4963	1.5346	1.5414	1.5400	0.2757	1.5254	1.5526	1.3107	1.5338	1.3744	1.5370	0.2490	1.5457	0.2494	1.5609	1.2814	0.2525	1.4114	1.2352	1.5299	1.3555	1.5215	1.4931	0.2398	1.5224	1.5157	1.4225	1.5018	0.2550	1.4603	1.0564	1.3473	1.5710	1.5772	0.2486	0.2394	1.5942	1.2473	1.2992	1.5341	0.2639	1.5027	1.6192	1.5435	1.5556	1.5672	1.5519	0.2565	1.3179	1.5176	1.5229	1.3665	0.2578	1.2741	0.2784	1.5914	0.2532	1.6147	1.2125	1.5554	1.2541	1.5586	1.3953	1.5694	1.5330	0.2678
15:09:16	30.2	0.2820	1.5897	1.5478	1.3758	1.5098	1.5412	1.5045	1.4020	1.5422	1.4852	0.2703	0.2530	1.5630	1.5873	1.2393	1.2941	1.5250	0.2574	1.3840	1.5279	1.5329	0.2600	0.2509	1.4703	1.3374	1.1636	1.5330	1.5506	1.3553	0.2464	1.5712	1.5332	1.5413	1.5404	0.2757	1.5254	1.5545	1.3272	1.5373	1.3668	1.5330	0.2491	1.5486	0.2489	1.5604	1.2755	0.2526	1.4089	1.2449	1.5304	1.3466	1.5281	1.4950	0.2398	1.5492	1.5153	1.4178	1.5083	0.2550	1.4581	1.0443	1.3378	1.5692	1.5788	0.2486	0.2393	1.5954	1.2384	1.3059	1.5323	0.2641	1.5029	1.6201	1.5448	1.5504	1.5681	1.5534	0.2565	1.3058	1.5166	1.5198	1.3605	0.2580	1.2744	0.2784	1.5886	0.2532	1.6146	1.2041	1.5600	1.2694	1.5554	1.3927	1.5689	1.5310	0.2677
15:19:16	30.1	0.2877	1.5860	1.5471	1.3632	1.5145	1.5431	1.5089	1.3944	1.5422	1.4919	0.2704	0.2532	1.5633	1.5894	1.2282	1.3039	1.5244	0.2574	1.3773	1.5257	1.5334	0.2599	0.2509	1.4774	1.3316	1.1480	1.5319	1.5525	1.3490	0.2464	1.5901	1.5344	1.5387	1.5413	0.2758	1.5227	1.5532	1.3388	1.5363	1.3611	1.5389	0.2491	1.5472	0.2492	1.5623	1.2691	0.2526	1.4057	1.2683	1.5330	1.3399	1.5282	1.4988	0.2397	1.4963	1.5153	1.4132	1.5142	0.2552	1.4523	1.0355	1.3353	1.5707	1.5808	0.2486	0.2394	1.5955	1.2277	1.3150	1.5303	0.2640	1.5035	1.6211	1.5443	1.5475	1.5673	1.5540	0.2566	1.2942	1.5235	1.5222	1.3581	0.2579	1.2712	0.2784	1.5896	0.2535	1.6175	1.1955	1.5560	1.2803	1.5575	1.3849	1.5734	1.5321	0.2677
15:29:16	30.2	0.2843	1.5727	1.5458	1.3520	1.5140	1.5386	1.5101	1.3907	1.5079	1.4929	0.2702	0.2531	1.5614	1.5896	1.2192	1.3038	1.5227	0.2574	1.3746	1.5229	1.5311	0.2600	0.2508	1.4744	1.3252	1.1356	1.5321	1.5545	1.3435	0.2464	1.5802	1.5304	1.5375	1.5395	0.2757	1.5201	1.5556	1.3437	1.5365	1.3565	1.5354	0.2491	1.5463	0.2490	1.5628	1.2610	0.2526	1.3972	1.2817	1.5316	1.3329	1.5281	1.4983	0.2397	1.5280	1.5159	1.4089	1.5073	0.2550	1.4588	1.0272	1.3291	1.5705	1.5789	0.2485	0.2394	1.5969	1.2176	1.3140	1.5276	0.2640	1.5030	1.6237	1.5482	1.5440	1.5657	1.5559	0.2566	1.2817	1.5202	1.5256	1.3525	0.2590	1.2683	0.2785	1.5912	0.2532	1.6193	1.1836	1.5549	1.2918	1.5584	1.3791	1.5756	1.5327	0.2678
15:39:16	30.2	0.2883	1.5714	1.5474	1.3451	1.5094	1.5397	1.5084	1.3863	1.5537	1.4947	0.2703	0.2532	1.5629	1.5992	1.2124	1.3228	1.5213	0.2574	1.3709	1.5215	1.5329	0.2600	0.2508	1.4769	1.3204	1.1216	1.5322	1.5551	1.3379	0.2466	1.4826	1.5294	1.5338	1.5404	0.2757	1.5180	1.5557	1.3590	1.5401	1.3530	1.5366	0.2492	1.5472	0.2496	1.5633	1.2558	0.2525	1.3924	1.3014	1.5317	1.3273	1.5299	1.4917	0.2396	1.5213	1.5154	1.4035	1.5059	0.2550	1.4607	1.0212	1.3222	1.5692	1.5845	0.2486	0.2393	1.5959	1.2067	1.3254	1.5314	0.2639	1.5024	1.6240	1.5422	1.5448	1.5657	1.5566	0.2563	1.2665	1.5230	1.5248	1.3507	0.2579	1.2670	0.2783	1.5931	0.2533	1.6186	1.1726	1.5545	1.3072	1.5635	1.3746	1.5761	1.5302	0.2677
15:49:16	30.2	0.2886	1.5695	1.5483	1.3328	1.5136	1.5385	1.5101	1.3800	1.5701	1.4905	0.2703	0.2530	1.5610	1.5999	1.2024	1.3306	1.5234	0.2574	1.3662	1.5190	1.5337	0.2599	0.2507	1.4702	1.3155	1.1098	1.5331	1.5587	1.3325	0.2463	1.4865	1.5277	1.5357	1.5397	0.2758	1.5190	1.5551	1.3705	1.5361	1.3503	1.5373	0.2490	1.5502	0.2491	1.5636	1.2465	0.2526	1.3881	1.3184	1.5330	1.3215	1.5092	1.4946	0.2397	1.5266	1.5156	1.3970	1.5072	0.2550	1.4601	1.0144	1.3188	1.5720	1.5816	0.2484	0.2394	1.5980	1.1944	1.3320	1.5320	0.2638	1.5042	1.6254	1.5349	1.5460	1.5648	1.5569	0.2564	1.2525	1.5143	1.5252	1.3394	0.2578	1.2642	0.2783	1.5959	0.2533	1.6197	1.1646	1.5530	1.3229	1.5626	1.3707	1.5786	1.5286	0.2676
15:59:16	30.1	0.2850	1.5698	1.5468	1.3229	1.5048	1.5385	1.5092	1.3760	1.5485	1.4883	0.2703	0.2530	1.5601	1.6009	1.1931	1.3429	1.5227	0.2575	1.3609	1.5189	1.5350	0.2600	0.2509	1.4740	1.3103	1.0994	1.5362	1.5600	1.3273	0.2464	1.5012	1.5302	1.5371	1.5404	0.2758	1.5156	1.5563	1.3874	1.5348	1.3437	1.5352	0.2489	1.5483	0.2488	1.5654	1.2353	0.2526	1.3839	1.3358	1.5368	1.3150	1.5047	1.4901	0.2397	1.5322	1.5160	1.3903	1.5029	0.2550	1.4585	1.0116	1.3135	1.5679	1.5838	0.2486	0.2393	1.5980	1.1833	1.3432	1.5327	0.2638	1.5005	1.6238	1.5483	1.5476	1.5622	1.5573	0.2565	1.2385	1.5166	1.5196	1.3280	0.2580	1.2623	0.2783	1.5939	0.2532	1.6199	1.1578	1.5513	1.3371	1.5591	1.3658	1.5725	1.5307	0.2676
16:09:16	30.2	0.2848	1.5679	1.5490	1.3098	1.5067	1.5389	1.5113	1.3704	1.4943	1.4915	0.2705	0.2530	1.5848	1.6010	1.1824	1.3630	1.5232	0.2574	1.3550	1.5203	1.5366	0.2601	0.2508	1.4783	1.3055	1.0895	1.5337	1.5619	1.3219	0.2463	1.4741	1.5316	1.5347	1.5410	0.2758	1.5196	1.5579	1.3979	1.5375	1.3405	1.5385	0.2490	1.5480	0.2489	1.5682	1.2265	0.2525	1.3782	1.3687	1.5367	1.3111	1.4937	1.4917	0.2397	1.4837	1.5150	1.3816	1.5044	0.2550	1.4568	1.0054	1.3104	1.5675	1.5889	0.2487	0.2393	1.5994	1.1702	1.3565	1.5314	0.2640	1.5020	1.6255	1.5480	1.5479	1.5606	1.5601	0.2565	1.2254	1.5144	1.5247	1.3191	0.2580	1.2585	0.2782	1.5948	0.2532	1.6221	1.1458	1.5458	1.3533	1.5614	1.3627	1.5728	1.5342	0.2676
16:19:16	30.2	0.2855	1.5613	1.5509	1.2997	1.5091	1.5389	1.5145	1.3638	1.5193	1.4953	0.2703	0.2531	1.5603	1.6019	1.1744	1.3764	1.5279	0.2574	1.3502	1.5169	1.5339	0.2601	0.2509	1.4790	1.2997	1.0791	1.5381	1.5622	1.3153	0.2463	1.4714	1.5341	1.5315	1.5421	0.2757	1.5177	1.5592	1.4103	1.5377	1.3334	1.5387	0.2490	1.5482	0.2491	1.5653	1.2157	0.2525	1.3740	1.3834	1.5371	1.3070	1.4984	1.4934	0.2397	1.4815	1.5147	1.3728	1.5013	0.2551	1.4557	1.0018	1.3007	1.5687	1.5873	0.2486	0.2394	1.6002	1.1585	1.3671	1.5292	0.2641	1.5012	1.6263	1.5437	1.5502	1.5616	1.5602	0.2565	1.2105	1.5176	1.5258	1.3116	0.2579	1.2553	0.2784	1.5975	0.2534	1.6213	1.1364	1.5405	1.3691	1.5625	1.3581	1.5723	1.5341	0.2677
16:29:16	30.1	0.2848	1.5569	1.5508	1.2853	1.5081	1.5418	1.5158	1.3601	1.5135	1.4913	0.2704	0.2532	1.6002	1.6030	1.1648	1.3772	1.5294	0.2575	1.3458	1.5185	1.5382	0.2601	0.2509	1.4764	1.2941	1.0710	1.5367	1.5640	1.3118	0.2464	1.4711	1.5363	1.5233	1.5420	0.2759	1.5161	1.5608	1.4215	1.5398	1.3296	1.5391	0.2492	1.5489	0.2481	1.5680	1.2076	0.2527	1.3695	1.4046	1.5392	1.3075	1.4975	1.4957	0.2397	1.5583	1.5182	1.3651	1.5062	0.2552	1.4541	0.9974	1.2967	1.5725	1.5871	0.2488	0.2394	1.5999	1.1465	1.3799	1.5344	0.2641	1.5028	1.6274	1.5442	1.5514	1.5603	1.5604	0.2565	1.1972	1.5217	1.5267	1.3081	0.2580	1.2515	0.2783	1.5994	0.2534	1.6219	1.1293	1.5401	1.3856	1.5633	1.3541	1.5753	1.5351	0.2678
16:39:16	30.2	0.2858	1.5638	1.5534	1.2742	1.5075	1.5413	1.5189	1.3564	1.5929	1.4959	0.2703	0.2531	1.5608	1.6031	1.1579	1.3947	1.5302	0.2575	1.3381	1.5210	1.5366	0.2600	0.2508	1.4774	1.2862	1.0633	1.5359	1.5649	1.3063	0.2464	1.5219	1.5373	1.5346	1.5412	0.2758	1.5149	1.5618	1.4298	1.5397	1.3253	1.5373	0.2491	1.5512	0.2492	1.5679	1.1994	0.2527	1.3659	1.4208	1.5427	1.3199	1.5212	1.4962	0.2398	1.5302	1.5195	1.3565	1.5041	0.2551	1.4612	0.9938	1.2919	1.5726	1.5883	0.2487	0.2394	1.5973	1.1384	1.3951	1.5365	0.2638	1.5063	1.6284	1.5482	1.5500	1.5572	1.5613	0.2564	1.1853	1.5201	1.5288	1.3030	0.2581	1.2490	0.2783	1.5987	0.2532	1.6234	1.1199	1.5376	1.4006	1.5674	1.3490	1.5760	1.5336	0.2678
16:49:16	30.2	0.2827	1.5596	1.5529	1.2640	1.5108	1.5436	1.5207	1.3527	1.4720	1.4952	0.2704	0.2532	1.5782	1.6049	1.1512	1.4021	1.5324	0.2574	1.3330	1.5220	1.5343	0.2601	0.2509	1.4757	1.2835	1.0571	1.5370	1.5659	1.3009	0.2466	1.4616	1.5395	1.5349	1.5435	0.2756	1.5138	1.5650	1.4344	1.5407	1.3222	1.5399	0.2490	1.5537	0.2491	1.5704	1.1833	0.2525	1.3633	1.4286	1.5418	1.2869	1.4708	1.4979	0.2397	1.5457	1.5205	1.3467	1.5057	0.2551	1.4581	0.9924	1.2886	1.5713	1.5897	0.2486	0.2394	1.5968	1.1301	1.4059	1.5361	0.2641	1.5032	1.6295	1.5450	1.5545	1.5523	1.5615	0.2565	1.1731	1.5175	1.5303	1.2974	0.2578	1.2453	0.2783	1.5983	0.2532	1.6250	1.1143	1.5331	1.4112	1.5694	1.3439	1.5748	1.5331	0.2677
16:59:16	30.2	0.2853	1.5578	1.5533	1.2513	1.5138	1.5458	1.5215	1.3432	1.5146	1.4984	0.2703	0.2532	1.5711	1.6046	1.1449	1.4121	1.5330	0.2574	1.3250	1.5260	1.5367	0.2600	0.2509	1.4778	1.2771	1.0499	1.5431	1.5688	1.2951	0.2464	1.4646	1.5392	1.5455	1.5436	0.2758	1.5142	1.5668	1.4451	1.5415	1.3153	1.5414	0.2491	1.5516	0.2480	1.5693	1.1781	0.2526	1.3452	1.4429	1.5441	1.3038	1.4758	1.4997	0.2396	1.5028	1.5212	1.3358	1.5107	0.2551	1.4687	0.9880	1.2802	1.5717	1.5926	0.2485	0.2394	1.5995	1.1206	1.4167	1.5391	0.2641	1.5060	1.6306	1.5402	1.5537	1.5510	1.5594	0.2565	1.1590	1.5167	1.5355	1.2958	0.2580	1.2412	0.2784	1.6003	0.2533	1.6257	1.1068	1.5298	1.4243	1.5718	1.3383	1.5793	1.5358	0.2677
17:09:16	30.2	0.2812	1.5614	1.5527	1.2373	1.5163	1.5445	1.5213	1.3358	1.4813	1.4985	0.2702	0.2530	1.5730	1.6046	1.1344	1.4205	1.5344	0.2572	1.3180	1.5270	1.5362	0.2600	0.2508	1.4773	1.2716	1.0441	1.5405	1.5711	1.2991	0.2462	1.5359	1.5401	1.5670	1.5454	0.2757	1.5150	1.5669	1.4512	1.5439	1.3101	1.5425	0.2489	1.5542	0.2488	1.5703	1.1675	0.2524	1.3408	1.4539	1.5480	1.2753	1.4939	1.4987	0.2397	1.5423	1.5202	1.3261	1.5131	0.2549	1.4688	0.9864	1.2750	1.5753	1.5904	0.2484	0.2394	1.6021	1.1135	1.4271	1.5402	0.2639	1.5091	1.6323	1.5397	1.5548	1.5471	1.5612	0.2564	1.1461	1.5208	1.5366	1.2854	0.2578	1.2382	0.2783	1.6012	0.2531	1.6282	1.0982	1.5302	1.4345	1.5719	1.3309	1.5827	1.5379	0.2676
17:19:16	30.2	0.2846	1.5574	1.5539	1.2266	1.5120	1.5450	1.5210	1.3303	1.5002	1.4977	0.2704	0.2532	1.5624	1.6056	1.1296	1.4293	1.5381	0.2575	1.3114	1.5281	1.5371	0.2600	0.2509	1.4789	1.2682	1.0371	1.5410	1.5740	1.2801	0.2464	1.5200	1.5387	1.5447	1.5473	0.2759	1.5207	1.5654	1.4625	1.5458	1.3054	1.5453	0.2490	1.5534	0.2488	1.5724	1.1599	0.2526	1.3326	1.4685	1.5482	1.2668	1.4666	1.5003	0.2398	1.5014	1.5186	1.3116	1.5106	0.2550	1.4689	0.9842	1.2697	1.5709	1.5938	0.2486	0.2394	1.6022	1.1032	1.4423	1.5412	0.2639	1.5054	1.6337	1.5427	1.5532	1.5516	1.5614	0.2566	1.1352	1.5195	1.5351	1.2768	0.2581	1.2358	0.2783	1.6005	0.2533	1.6267	1.0946	1.5509	1.4435	1.5718	1.3262	1.5808	1.5409	0.2678
17:29:16	30.2	0.2848	1.5702	1.5550	1.2174	1.5127	1.5463	1.5216	1.3249	1.5401	1.4999	0.2703	0.2531	1.5632	1.6060	1.1231	1.4376	1.5391	0.2574	1.3053	1.5273	1.5373	0.2600	0.2508	1.4805	1.2653	1.0336	1.5424	1.5748	1.2756	0.2464	1.5112	1.5412	1.5387	1.5457	0.2758	1.5185	1.5667	1.4604	1.5463	1.3001	1.5469	0.2490	1.5522	0.2483	1.5714	1.1504	0.2526	1.3264	1.4772	1.5517	1.2619	1.4953	1.5005	0.2397	1.4796	1.5167	1.3040	1.5090	0.2550	1.4722	0.9824	1.2655	1.5725	1.5943	0.2486	0.2394	1.6032	1.0967	1.4503	1.5391	0.2642	1.5051	1.6348	1.5370	1.5552	1.5502	1.5616	0.2565	1.1235	1.5223	1.5369	1.2713	0.2579	1.2346	0.2782	1.6025	0.2533	1.6276	1.0880	1.5239	1.4515	1.5728	1.3165	1.5825	1.5386	0.2677
17:39:16	30.2	0.2832	1.5644	1.5551	1.2004	1.5143	1.5498	1.5253	1.3188	1.4922	1.4993	0.2703	0.2531	1.5662	1.6068	1.1154	1.4447	1.5411	0.2572	1.2980	1.5289	1.5372	0.2600	0.2510	1.4809	1.2567	1.0281	1.5422	1.5753	1.2677	0.2464	1.4575	1.5438	1.5403	1.5479	0.2757	1.5208	1.5687	1.4685	1.5469	1.2946	1.5497	0.2490	1.5540	0.2489	1.5742	1.1417	0.2526	1.3169	1.4780	1.5508	1.2561	1.5041	1.5043	0.2396	1.5465	1.5178	1.2909	1.5168	0.2550	1.4689	0.9779	1.2584	1.5755	1.5959	0.2485	0.2393	1.6032	1.0912	1.4589	1.5448	0.2639	1.5052	1.6352	1.5387	1.5570	1.5461	1.5629	0.2565	1.1128	1.5286	1.5374	1.2715	0.2580	1.2306	0.2782	1.6041	0.2533	1.6288	1.0808	1.5299	1.4602	1.5709	1.3100	1.5807	1.5398	0.2676
17:49:16	30.2	0.2835	1.5521	1.5545	1.1938	1.5155	1.5488	1.5281	1.3251	1.4876	1.4989	0.2704	0.2532	1.5590	1.6062	1.1128	1.4529	1.5431	0.2574	1.2956	1.5296	1.5369	0.2600	0.2509	1.4822	1.2506	1.0246	1.5446	1.5760	1.2638	0.2464	1.4453	1.5456	1.5554	1.5484	0.2757	1.5213	1.5680	1.4688	1.5492	1.2918	1.5478	0.2491	1.5549	0.2489	1.5738	1.1326	0.2526	1.3166	1.4955	1.5506	1.2554	1.5006	1.5059	0.2397	1.5814	1.5175	1.2825	1.5100	0.2551	1.4702	0.9776	1.2550	1.5751	1.5962	0.2486	0.2394	1.6038	1.0871	1.4684	1.5441	0.2640	1.5024	1.6352	1.5381	1.5577	1.5568	1.5638	0.2564	1.1045	1.5299	1.5355	1.2594	0.2579	1.2266	0.2784	1.6074	0.2533	1.6297	1.0736	1.5221	1.4668	1.5729	1.3039	1.5757	1.5409	0.2679
17:59:16	30.2	0.2829	1.5534	1.5551	1.1810	1.5176	1.5503	1.5298	1.3034	1.4588	1.5050	0.2703	0.2531	1.5529	1.6080	1.1060	1.4565	1.5446	0.2574	1.2906	1.5333	1.5429	0.2602	0.2509	1.4879	1.2491	1.0211	1.5445	1.5763	1.2578	0.2463	1.4545	1.5457	1.5368	1.5474	0.2757	1.5191	1.5675	1.4721	1.5507	1.2856	1.5518	0.2490	1.5564	0.2487	1.5757	1.1292	0.2525	1.3111	1.4927	1.5547	1.2490	1.5021	1.5096	0.2395	1.5810	1.5190	1.2724	1.5158	0.2549	1.4785	0.9763	1.2491	1.5772	1.5983	0.2485	0.2393	1.6050	1.0832	1.4741	1.5440	0.2640	1.5061	1.6357	1.5338	1.5594	1.5531	1.5631	0.2563	1.0933	1.5316	1.5426	1.2556	0.2578	1.2217	0.2783	1.6092	0.2532	1.6302	1.0666	1.5134	1.4719	1.5749	1.3006	1.5789	1.5436	0.2676
18:09:16	30.2	0.2861	1.5447	1.5537	1.1713	1.5196	1.5522	1.5310	1.2958	1.4533	1.5066	0.2704	0.2532	1.5632	1.6087	1.1020	1.4565	1.5443	0.2575	1.2858	1.5349	1.5392	0.2600	0.2511	1.4921	1.2445	1.0162	1.5451	1.5766	1.2534	0.2464	1.4493	1.5475	1.5134	1.5486	0.2759	1.5199	1.5681	1.4800	1.5514	1.2807	1.5517	0.2492	1.5575	0.2487	1.5764	1.1236	0.2526	1.3232	1.4890	1.5572	1.2446	1.4979	1.5106	0.2397	1.6149	1.5232	1.2673	1.5156	0.2551	1.4788	0.9740	1.2454	1.5809	1.5988	0.2486	0.2395	1.6057	1.0781	1.4790	1.5503	0.2639	1.5124	1.6367	1.5339	1.5602	1.5525	1.5650	0.2565	1.0860	1.5345	1.5417	1.2563	0.2581	1.2174	0.2783	1.6123	0.2534	1.6322	1.0598	1.5152	1.4795	1.5776	1.2925	1.5852	1.5407	0.2677

OD 600 heat:600

0:09:16	40.0	0.2800	1.5545	1.5535	1.1478	1.5180	1.5494	1.5280	1.2718	1.4601	1.4979	0.2678	0.2501	1.5696	1.6054	1.0828	1.4516	1.5398	0.2514	1.2694	1.5278	1.5360	0.2558	0.2480	1.4761	1.2303	1.0032	1.5383	1.5729	1.2412	0.2415	1.4488	1.5427	1.5482	1.5437	0.2715	1.5145	1.5619	1.4743	1.5467	1.2681	1.5484	0.2449	1.5523	0.2429	1.5732	1.1107	0.2489	1.2976	1.4854	1.5498	1.2315	1.4578	1.5056	0.2353	1.5622	1.5204	1.2444	1.5054	0.2500	1.4601	0.9591	1.2322	1.5716	1.5945	0.2428	0.2345	1.6014	1.0620	1.4832	1.5402	0.2585	1.4956	1.6358	1.5265	1.5590	1.5519	1.5639	0.2520	1.0715	1.5292	1.5386	1.2375	0.2533	1.1917	0.2719	1.6097	0.2481	1.6256	1.0430	1.5071	1.4638	1.5709	1.2788	1.5811	1.5282	0.2631
0:19:16	40.0	0.2776	1.5392	1.5618	1.1006	1.5223	1.5548	1.5336	1.2542	1.4554	1.5038	0.2647	0.2469	1.5436	1.6097	1.0581	1.4763	1.5449	0.2480	1.2504	1.5312	1.5378	0.2514	0.2442	1.4830	1.2206	0.9851	1.5412	1.5722	1.2293	0.2381	1.4400	1.5436	1.5129	1.5482	0.2673	1.5244	1.5686	1.4798	1.5495	1.2562	1.5535	0.2413	1.5639	0.2393	1.5772	1.0786	0.2455	1.2814	1.5018	1.5554	1.2211	1.4778	1.5108	0.2318	1.5744	1.5276	1.1987	1.5108	0.2453	1.4715	0.9478	1.2169	1.5809	1.6015	0.2389	0.2311	1.6133	1.0396	1.4807	1.5493	0.2540	1.5042	1.6440	1.5188	1.5564	1.5349	1.5672	0.2486	1.0427	1.5304	1.5459	1.2193	0.2491	1.1627	0.2677	1.6183	0.2444	1.6338	1.0278	1.5083	1.4824	1.5771	1.2584	1.5903	1.5379	0.2593
0:29:16	40.0	0.2759	1.5735	1.5784	1.0623	1.5261	1.5645	1.5436	1.2410	1.4281	1.5084	0.2640	0.2460	1.5521	1.6190	1.0358	1.4821	1.5519	0.2470	1.2466	1.5365	1.5454	0.2497	0.2427	1.4876	1.2216	0.9662	1.5449	1.5783	1.2233	0.2368	1.4299	1.5497	1.5127	1.5669	0.2655	1.5368	1.5790	1.4867	1.5565	1.2452	1.5612	0.2397	1.5693	0.2385	1.5951	1.0513	0.2440	1.2697	1.5149	1.5653	1.2089	1.4595	1.5244	0.2306	1.4933	1.5393	1.1483	1.5187	0.2435	1.4863	0.9375	1.1968	1.5932	1.6057	0.2373	0.2300	1.6269	1.0198	1.4925	1.5617	0.2521	1.5161	1.6514	1.5176	1.5629	1.5359	1.5841	0.2473	1.0158	1.5401	1.5583	1.2124	0.2478	1.1398	0.2667	1.6256	0.2436	1.6477	1.0127	1.5066	1.4947	1.5831	1.2505	1.5977	1.5520	0.2582
0:39:16	40.0	0.2763	1.5599	1.5773	1.0381	1.5303	1.5676	1.5463	1.2485	1.4294	1.5152	0.2632	0.2457	1.5337	1.6248	1.0187	1.4985	1.5556	0.2469	1.2447	1.5432	1.5477	0.2488	0.2419	1.4891	1.2203	0.9493	1.5432	1.5798	1.2171	0.2365	1.4350	1.5533	1.5160	1.5728	0.2649	1.5407	1.5784	1.4968	1.5548	1.2301	1.5658	0.2391	1.5727	0.2389	1.6022	1.0354	0.2433	1.2708	1.5015	1.5611	1.1800	1.4560	1.5308	0.2298	1.4969	1.5516	1.1042	1.5151	0.2428	1.4925	0.9287	1.1965	1.5918	1.6066	0.2367	0.2293	1.6332	1.0076	1.5018	1.5640	0.2514	1.5187	1.6550	1.5143	1.5589	1.5338	1.5920	0.2467	0.9922	1.5446	1.5572	1.2119	0.2472	1.1241	0.2662	1.6250	0.2430	1.6512	0.9976	1.5084	1.5067	1.5856	1.2315	1.5977	1.5572	0.2577
0:49:16	40.0	0.2768	1.5596	1.5734	1.0209	1.5198	1.5646	1.5385	1.2351	1.4368	1.5086	0.2630	0.2455	1.5351	1.6190	1.0095	1.5179	1.5494	0.2467	1.2124	1.5343	1.5469	0.2483	0.2415	1.4819	1.2077	0.9346	1.5317	1.5722	1.1985	0.2363	1.4335	1.5466	1.5213	1.5703	0.2644	1.5395	1.5726	1.5109	1.5430	1.2398	1.5605	0.2388	1.5719	0.2389	1.6005	1.0219	0.2431	1.2563	1.5227	1.5537	1.1805	1.4548	1.5276	0.2295	1.4979	1.5479	1.0711	1.5110	0.2424	1.4891	0.9204	1.1870	1.5886	1.6026	0.2366	0.2290	1.6291	0.9979	1.5135	1.5620	0.2512	1.5097	1.6481	1.5118	1.5490	1.5354	1.5922	0.2463	0.9757	1.5355	1.5521	1.1973	0.2468	1.1143	0.2658	1.6196	0.2426	1.6477	0.9908	1.5096	1.5204	1.5725	1.2215	1.5922	1.5551	0.2574
0:59:16	40.0	0.2762	1.5507	1.5668	1.0070	1.5080	1.5607	1.5295	1.2060	1.4429	1.5028	0.2630	0.2454	1.5330	1.6138	1.0035	1.5305	1.5381	0.2469	1.2105	1.5311	1.5454	0.2481	0.2414	1.4814	1.2074	0.9282	1.5198	1.5615	1.2011	0.2363	1.4456	1.5358	1.5193	1.5684	0.2642	1.5383	1.5601	1.5255	1.5344	1.2274	1.5618	0.2387	1.5696	0.2381	1.5969	1.0135	0.2429	1.2432	1.5436	1.5439	1.1759	1.4594	1.5218	0.2295	1.4895	1.5428	1.0444	1.5051	0.2424	1.4848	0.9131	1.1749	1.5799	1.5987	0.2365	0.2289	1.6257	0.9926	1.5292	1.5550	0.2511	1.5074	1.6439	1.5068	1.5348	1.5384	1.5868	0.2463	0.9650	1.5254	1.5439	1.2213	0.2474	1.1074	0.2658	1.6130	0.2427	1.6414	0.9859	1.5125	1.5341	1.5650	1.2160	1.5889	1.5508	0.2574
1:09:16	40.0	0.2757	1.5394	1.5533	0.9933	1.4928	1.5562	1.5183	1.1981	1.4362	1.4989	0.2630	0.2454	1.5335	1.6052	0.9995	1.5462	1.5304	0.2468	1.1940	1.5243	1.5432	0.2480	0.2413	1.4769	1.1942	0.9175	1.5032	1.5495	1.2022	0.2362	1.4348	1.5243	1.5174	1.5628	0.2643	1.5335	1.5456	1.5371	1.5225	1.2095	1.5534	0.2386	1.5690	0.2367	1.5897	1.0072	0.2430	1.2465	1.5596	1.5301	1.1710	1.4707	1.5127	0.2293	1.4798	1.5366	1.0234	1.4984	0.2421	1.4767	0.9055	1.1733	1.5745	1.5918	0.2366	0.2288	1.6201	0.9893	1.5411	1.5428	0.2508	1.4967	1.6380	1.4997	1.5229	1.5352	1.5785	0.2461	0.9543	1.5123	1.5342	1.2633	0.2469	1.1009	0.2657	1.6026	0.2425	1.6349	0.9821	1.5140	1.5474	1.5524	1.2230	1.5806	1.5432	0.2573
1:19:16	40.0	0.2757	1.5389	1.5442	0.9796	1.4769	1.5429	1.5060	1.1975	1.4347	1.4844	0.2627	0.2454	1.5341	1.5922	0.9941	1.5570	1.5199	0.2467	1.1997	1.5180	1.5313	0.2478	0.2412	1.4706	1.1940	0.9080	1.4865	1.5369	1.1919	0.2360	1.4309	1.5126	1.5171	1.5540	0.2644	1.5305	1.5313	1.5443	1.5066	1.2113	1.5477	0.2385	1.5602	0.2361	1.5813	0.9994	0.2427	1.2352	1.5642	1.5165	1.1641	1.4638	1.5003	0.2292	1.4719	1.5253	1.0041	1.4839	0.2421	1.4668	0.8987	1.1531	1.5649	1.5838	0.2363	0.2287	1.6122	0.9804	1.5580	1.5316	0.2511	1.4844	1.6282	1.4959	1.5046	1.5337	1.5690	0.2460	0.9442	1.4989	1.5211	1.1838	0.2468	1.0954	0.2654	1.5930	0.2424	1.6240	0.9773	1.5183	1.5579	1.5391	1.2100	1.5724	1.5353	0.2572
1:29:16	40.0	0.2756	1.5369	1.5306	0.9680	1.4645	1.5362	1.4976	1.1816	1.4419	1.4772	0.2628	0.2453	1.5345	1.5816	0.9888	1.5651	1.5098	0.2466	1.1918	1.5085	1.5252	0.2477	0.2412	1.4611	1.1778	0.9006	1.4707	1.5248	1.1844	0.2362	1.4332	1.4985	1.5164	1.5450	0.2642	1.5245	1.5180	1.5561	1.4902	1.2041	1.5354	0.2385	1.5541	0.2360	1.5730	1.0000	0.2428	1.2282	1.5721	1.5024	1.1473	1.4595	1.4886	0.2290	1.4666	1.5158	0.9909	1.4750	0.2422	1.4572	0.8911	1.1571	1.5542	1.5764	0.2365	0.2287	1.6039	0.9831	1.5665	1.5180	0.2513	1.4702	1.6174	1.4931	1.4848	1.5325	1.5609	0.2459	0.9379	1.4863	1.5099	1.1634	0.2468	1.0907	0.2654	1.5830	0.2424	1.6144	0.9760	1.5184	1.5660	1.5238	1.2127	1.5659	1.5254	0.2572
1:39:16	40.0	0.2761	1.5351	1.5177	0.9563	1.4502	1.5249	1.4847	1.1879	1.4420	1.4659	0.2627	0.2453	1.5359	1.5692	0.9818	1.5711	1.4962	0.2466	1.1889	1.4984	1.5153	0.2477	0.2411	1.4510	1.1688	0.8935	1.4526	1.5116	1.1742	0.2361	1.4325	1.4812	1.5166	1.5364	0.2642	1.5170	1.5023	1.5643	1.4726	1.1969	1.5266	0.2385	1.5449	0.2360	1.5644	0.9916	0.2429	1.2164	1.5773	1.4875	1.1406	1.4525	1.4765	0.2290	1.4635	1.5061	0.9761	1.4604	0.2421	1.4456	0.8887	1.1491	1.5422	1.5665	0.2364	0.2285	1.5933	0.9758	1.5801	1.5050	0.2511	1.4549	1.6060	1.4889	1.4652	1.5295	1.5522	0.2459	0.9310	1.4734	1.4979	1.1697	0.2469	1.0829	0.2654	1.5719	0.2424	1.6062	0.9666	1.5207	1.5728	1.5072	1.2154	1.5569	1.5186	0.2571
1:49:16	40.0	0.2757	1.5358	1.5058	0.9465	1.4357	1.5168	1.4727	1.1818	1.4464	1.4755	0.2626	0.2452	1.5370	1.5581	0.9761	1.5783	1.4843	0.2466	1.1794	1.4892	1.5123	0.2476	0.2411	1.4454	1.1596	0.8878	1.4349	1.4972	1.1678	0.2361	1.4358	1.4667	1.5179	1.5267	0.2642	1.5084	1.4865	1.5669	1.4558	1.1878	1.5148	0.2385	1.5362	0.2352	1.5547	0.9914	0.2427	1.2108	1.5792	1.4721	1.1364	1.4571	1.4640	0.2290	1.4639	1.4965	0.9662	1.4449	0.2421	1.4359	0.8857	1.1431	1.5300	1.5554	0.2363	0.2285	1.5828	0.9737	1.5844	1.4923	0.2508	1.4402	1.5963	1.4861	1.4453	1.5279	1.5419	0.2457	0.9259	1.4602	1.4857	1.1577	0.2469	1.0772	0.2654	1.5626	0.2424	1.5941	0.9612	1.5246	1.5761	1.4906	1.2068	1.5461	1.5083	0.2570
1:59:16	40.0	0.2762	1.5371	1.4945	0.9368	1.4196	1.5074	1.4607	1.1805	1.4502	1.4626	0.2626	0.2452	1.5392	1.5477	0.9688	1.5790	1.4710	0.2464	1.1720	1.4798	1.5048	0.2475	0.2409	1.4407	1.1518	0.8841	1.4170	1.4829	1.1591	0.2360	1.4380	1.4514	1.5174	1.5170	0.2642	1.4981	1.4708	1.5721	1.4394	1.1838	1.5035	0.2383	1.5272	0.2347	1.5439	0.9871	0.2427	1.2057	1.5829	1.4562	1.1284	1.4579	1.4508	0.2288	1.4625	1.4848	0.9552	1.4301	0.2420	1.4277	0.8828	1.1376	1.5155	1.5431	0.2361	0.2284	1.5722	0.9687	1.5873	1.4778	0.2509	1.4258	1.5865	1.4838	1.4282	1.5253	1.5320	0.2457	0.9184	1.4445	1.4729	1.1683	0.2470	1.0695	0.2652	1.5494	0.2422	1.5845	0.9547	1.5268	1.5770	1.4741	1.2030	1.5326	1.4957	0.2568
2:09:16	40.0	0.2760	1.5376	1.4804	0.9296	1.4044	1.4970	1.4484	1.1610	1.4531	1.4555	0.2625	0.2453	1.5438	1.5382	0.9625	1.5844	1.4569	0.2463	1.1695	1.4695	1.4937	0.2474	0.2410	1.4410	1.1467	0.8805	1.4007	1.4675	1.1528	0.2361	1.4419	1.4340	1.5196	1.5062	0.2643	1.4853	1.4559	1.5699	1.4244	1.1762	1.4902	0.2384	1.5165	0.2383	1.5330	0.9832	0.2427	1.1971	1.5890	1.4413	1.1119	1.4602	1.4364	0.2288	1.4619	1.4735	0.9495	1.4322	0.2421	1.4316	0.8801	1.1346	1.5008	1.5292	0.2362	0.2283	1.5617	0.9642	1.5894	1.4626	0.2510	1.4114	1.5778	1.4789	1.4113	1.5225	1.5214	0.2458	0.9157	1.4286	1.4606	1.1448	0.2470	1.0610	0.2653	1.5357	0.2423	1.5745	0.9491	1.5294	1.5802	1.4597	1.1950	1.5192	1.4880	0.2569
2:19:16	40.0	0.2756	1.5402	1.4681	0.9212	1.3879	1.4868	1.4345	1.1576	1.4573	1.4409	0.2623	0.2453	1.5474	1.5275	0.9553	1.5888	1.4435	0.2464	1.1611	1.4591	1.4850	0.2472	0.2409	1.4178	1.1403	0.8797	1.3855	1.4524	1.1453	0.2359	1.4464	1.4159	1.5198	1.4968	0.2642	1.4745	1.4424	1.5751	1.4101	1.1712	1.4760	0.2384	1.5042	0.2385	1.5219	0.9766	0.2427	1.1957	1.5903	1.4261	1.1055	1.4610	1.4197	0.2287	1.4652	1.4621	0.9441	1.4031	0.2419	1.4184	0.8791	1.1288	1.4850	1.5152	0.2362	0.2282	1.5520	0.9614	1.5922	1.4479	0.2505	1.4000	1.5669	1.4767	1.3955	1.5207	1.5096	0.2456	0.9118	1.4128	1.4456	1.1311	0.2467	1.0532	0.2652	1.5212	0.2421	1.5644	0.9434	1.5310	1.5837	1.4497	1.1881	1.5066	1.4777	0.2568
2:29:16	40.0	0.2760	1.5455	1.4571	0.9134	1.3729	1.4766	1.4470	1.1521	1.4629	1.4317	0.2624	0.2453	1.5510	1.5167	0.9499	1.5893	1.4306	0.2463	1.1545	1.4477	1.4742	0.2474	0.2410	1.4216	1.1334	0.8753	1.3719	1.4392	1.1387	0.2360	1.4524	1.3991	1.5206	1.4881	0.2641	1.4623	1.4298	1.5756	1.3982	1.1645	1.4611	0.2383	1.4923	0.2393	1.5159	0.9747	0.2428	1.1916	1.5918	1.4137	1.1090	1.4627	1.4017	0.2289	1.4698	1.4531	0.9411	1.3940	0.2421	1.4030	0.8774	1.1222	1.4694	1.4993	0.2362	0.2284	1.5414	0.9591	1.5923	1.4341	0.2508	1.3915	1.5558	1.4743	1.3823	1.5177	1.4973	0.2456	0.9099	1.3966	1.4314	1.1219	0.2468	1.0451	0.2653	1.5054	0.2422	1.5541	0.9384	1.5317	1.5838	1.4371	1.1832	1.4931	1.4661	0.2570
2:39:16	40.0	0.2761	1.5495	1.4445	0.9070	1.3602	1.4667	1.4360	1.1459	1.4667	1.4301	0.2624	0.2453	1.5545	1.5072	0.9423	1.5888	1.4174	0.2463	1.1479	1.4342	1.4659	0.2474	0.2409	1.4158	1.1244	0.8725	1.3596	1.4274	1.1318	0.2359	1.4598	1.3841	1.5193	1.4801	0.2642	1.4516	1.4185	1.5764	1.3863	1.1573	1.4460	0.2383	1.4772	0.2395	1.5075	0.9696	0.2428	1.1895	1.5906	1.4007	1.0961	1.4660	1.3866	0.2288	1.4735	1.4426	0.9314	1.3721	0.2420	1.3892	0.8778	1.1169	1.4551	1.4829	0.2360	0.2284	1.5312	0.9521	1.6007	1.4210	0.2511	1.3820	1.5463	1.4716	1.3702	1.5160	1.4848	0.2455	0.9058	1.3840	1.4172	1.1022	0.2469	1.0385	0.2651	1.4896	0.2422	1.5425	0.9336	1.5353	1.5878	1.4268	1.1819	1.4800	1.4563	0.2569
2:49:16	40.0	0.2752	1.5501	1.4334	0.9015	1.3475	1.4549	1.4213	1.1422	1.4700	1.4005	0.2623	0.2452	1.5586	1.4941	0.9354	1.5911	1.4072	0.2462	1.1438	1.4221	1.4594	0.2471	0.2408	1.3913	1.1170	0.8706	1.3483	1.4160	1.1269	0.2358	1.4681	1.3714	1.5169	1.4698	0.2640	1.4414	1.4082	1.5774	1.3767	1.1536	1.4324	0.2382	1.4633	0.2388	1.4985	0.9591	0.2426	1.1859	1.5912	1.3891	1.0759	1.4656	1.3701	0.2287	1.4773	1.4314	0.9228	1.3672	0.2418	1.3773	0.8758	1.1126	1.4398	1.4665	0.2360	0.2281	1.5208	0.9460	1.6004	1.4088	0.2504	1.3819	1.5347	1.4692	1.3588	1.5137	1.4741	0.2454	0.9016	1.3713	1.4048	1.0903	0.2467	1.0288	0.2650	1.4755	0.2422	1.5308	0.9268	1.5375	1.5897	1.4220	1.1762	1.4683	1.4474	0.2568
2:59:16	40.0	0.2755	1.5508	1.4222	0.8936	1.3383	1.4429	1.4138	1.1375	1.4747	1.3920	0.2624	0.2451	1.5624	1.4833	0.9285	1.5910	1.3958	0.2461	1.1393	1.4087	1.4444	0.2472	0.2408	1.3575	1.1108	0.8673	1.3384	1.4057	1.1194	0.2358	1.4784	1.3597	1.5163	1.4592	0.2641	1.4306	1.3983	1.5781	1.3677	1.1496	1.4188	0.2381	1.4482	0.2389	1.4889	0.9539	0.2427	1.1824	1.5911	1.3790	1.0653	1.4688	1.3569	0.2288	1.4824	1.4204	0.9126	1.3524	0.2420	1.3649	0.8735	1.1082	1.4256	1.4498	0.2360	0.2282	1.5093	0.9439	1.6049	1.3972	0.2505	1.3764	1.5215	1.4678	1.3486	1.5112	1.4615	0.2455	0.8942	1.3599	1.3916	1.0871	0.2467	1.0211	0.2651	1.4600	0.2420	1.5189	0.9222	1.5409	1.5928	1.4128	1.1673	1.4575	1.4371	0.2567
3:09:16	40.0	0.2759	1.5533	1.4123	0.8890	1.3305	1.4316	1.4059	1.1337	1.4802	1.3776	0.2624	0.2452	1.5654	1.4718	0.9234	1.5922	1.3873	0.2461	1.1352	1.3967	1.4328	0.2472	0.2408	1.3517	1.1047	0.8636	1.3291	1.3958	1.1139	0.2362	1.4908	1.3480	1.5164	1.4500	0.2641	1.4209	1.3893	1.5763	1.3605	1.1469	1.4059	0.2383	1.4322	0.2388	1.4812	0.9451	0.2428	1.1801	1.5921	1.3697	1.0578	1.4703	1.3445	0.2287	1.4876	1.4097	0.8968	1.3592	0.2419	1.3529	0.8701	1.1048	1.4122	1.4331	0.2359	0.2283	1.4978	0.9386	1.6056	1.3868	0.2508	1.3785	1.5093	1.4671	1.3382	1.5102	1.4488	0.2454	0.8876	1.3493	1.3804	1.0839	0.2468	1.0144	0.2651	1.4464	0.2422	1.5056	0.9169	1.5438	1.5950	1.4044	1.1675	1.4460	1.4278	0.2568
3:19:16	40.0	0.2752	1.5537	1.4031	0.8815	1.3202	1.4197	1.3938	1.1297	1.4839	1.3637	0.2624	0.2452	1.5700	1.4600	0.9166	1.5916	1.3776	0.2459	1.1315	1.3845	1.4172	0.2474	0.2408	1.3528	1.0997	0.8613	1.3203	1.3873	1.1090	0.2358	1.5013	1.3385	1.5150	1.4385	0.2642	1.4156	1.3811	1.5791	1.3527	1.1431	1.3920	0.2382	1.4172	0.2390	1.4716	0.9329	0.2426	1.1774	1.5956	1.3607	1.0487	1.4712	1.3328	0.2287	1.4924	1.3981	0.8775	1.3395	0.2420	1.3429	0.8712	1.1018	1.4009	1.4183	0.2358	0.2280	1.4858	0.9369	1.6094	1.3762	0.2506	1.3486	1.4972	1.4666	1.3289	1.5083	1.4369	0.2452	0.8814	1.3414	1.3705	1.0761	0.2467	1.0056	0.2649	1.4338	0.2421	1.4940	0.9110	1.5478	1.5966	1.3964	1.1609	1.4357	1.4187	0.2567
3:29:16	40.0	0.2760	1.5555	1.3926	0.8766	1.3141	1.4098	1.3895	1.1263	1.4884	1.3568	0.2622	0.2451	1.5720	1.4511	0.9110	1.5944	1.3700	0.2460	1.1291	1.3757	1.4199	0.2470	0.2406	1.3394	1.0926	0.8549	1.3141	1.3801	1.1028	0.2358	1.5112	1.3289	1.5155	1.4309	0.2639	1.4071	1.3746	1.5802	1.3460	1.1394	1.3820	0.2380	1.4006	0.2386	1.4628	0.9343	0.2425	1.1746	1.5966	1.3535	1.0479	1.4735	1.3232	0.2285	1.4967	1.3863	0.8561	1.3183	0.2418	1.3342	0.8643	1.0961	1.3905	1.4048	0.2357	0.2279	1.4747	0.9076	1.6075	1.3677	0.2507	1.3416	1.4862	1.4664	1.3217	1.5078	1.4250	0.2452	0.8751	1.3346	1.3622	1.0706	0.2468	0.9967	0.2648	1.4245	0.2419	1.4892	0.9060	1.5512	1.5974	1.3902	1.1583	1.4296	1.4101	0.2566
3:39:16	40.0	0.2759	1.5555	1.3817	0.8712	1.3060	1.3971	1.3813	1.1223	1.4909	1.3337	0.2620	0.2450	1.5754	1.4376	0.9060	1.5923	1.3607	0.2458	1.1238	1.3639	1.3986	0.2470	0.2405	1.3356	1.0890	0.8517	1.3048	1.3725	1.1003	0.2356	1.5193	1.3215	1.5156	1.4205	0.2640	1.3940	1.3679	1.5791	1.3387	1.1365	1.3702	0.2380	1.3863	0.2384	1.4554	0.9038	0.2425	1.1709	1.5996	1.3450	1.0421	1.4745	1.3130	0.2284	1.5013	1.3751	0.8540	1.3069	0.2417	1.3268	0.8606	1.0938	1.3787	1.3907	0.2357	0.2280	1.4619	0.8801	1.6130	1.3612	0.2506	1.3340	1.4746	1.4658	1.3136	1.5067	1.4152	0.2452	0.8674	1.3243	1.3538	1.0677	0.2466	0.9881	0.2649	1.4137	0.2419	1.4788	0.8998	1.5539	1.5999	1.3832	1.1550	1.4216	1.4022	0.2565
3:49:16	40.0	0.2759	1.5571	1.3744	0.8695	1.3025	1.3867	1.3751	1.1191	1.4942	1.3208	0.2622	0.2453	1.5779	1.4295	0.9006	1.5929	1.3541	0.2459	1.1231	1.3562	1.3867	0.2471	0.2407	1.3429	1.0852	0.8478	1.2989	1.3650	1.0964	0.2357	1.5263	1.3148	1.5173	1.4117	0.2641	1.3886	1.3611	1.5789	1.3328	1.1338	1.3602	0.2381	1.3718	0.2387	1.4455	0.9046	0.2426	1.1679	1.5984	1.3382	1.0413	1.4769	1.3036	0.2285	1.5046	1.3668	0.8352	1.3016	0.2419	1.3229	0.8549	1.0908	1.3695	1.3798	0.2360	0.2281	1.4489	0.8632	1.6156	1.3534	0.2507	1.3207	1.4655	1.4636	1.3060	1.5066	1.4028	0.2453	0.8649	1.3163	1.3481	1.0637	0.2468	0.9803	0.2648	1.4019	0.2422	1.4708	0.8953	1.5568	1.6011	1.3769	1.1524	1.4149	1.3939	0.2567
3:59:16	40.0	0.2754	1.5575	1.3657	0.8625	1.2954	1.3775	1.3636	1.1150	1.4970	1.3122	0.2623	0.2450	1.5830	1.4199	0.8954	1.5942	1.3466	0.2457	1.1172	1.3470	1.3764	0.2470	0.2407	1.3107	1.0815	0.8452	1.2910	1.3587	1.0927	0.2355	1.5312	1.3068	1.5172	1.4024	0.2639	1.3799	1.3557	1.5775	1.3265	1.1300	1.3529	0.2379	1.3590	0.2385	1.4373	0.8967	0.2425	1.1637	1.5993	1.3319	1.0377	1.4795	1.2954	0.2284	1.5064	1.3593	0.8265	1.3106	0.2419	1.3183	0.8506	1.0880	1.3605	1.3683	0.2357	0.2280	1.4379	0.8602	1.6152	1.3461	0.2506	1.3136	1.4559	1.4636	1.2986	1.5074	1.3945	0.2452	0.8603	1.3084	1.3400	1.0593	0.2468	0.9708	0.2647	1.3933	0.2418	1.4543	0.8913	1.5584	1.6011	1.3707	1.1477	1.4093	1.3870	0.2565
4:09:16	40.0	0.2747	1.5588	1.3591	0.8488	1.2859	1.3715	1.3360	1.1105	1.5005	1.3140	0.2620	0.2451	1.5827	1.4120	0.8899	1.5972	1.3400	0.2458	1.1148	1.3403	1.3634	0.2470	0.2407	1.3020	1.0786	0.8413	1.2839	1.3532	1.0885	0.2358	1.5357	1.3009	1.5191	1.3956	0.2641	1.3848	1.3497	1.5792	1.3213	1.1276	1.3433	0.2379	1.3455	0.2385	1.4271	0.8703	0.2426	1.1589	1.6011	1.3259	1.0370	1.4822	1.2868	0.2284	1.5086	1.3504	0.8140	1.2883	0.2419	1.3132	0.8450	1.0849	1.3526	1.3597	0.2359	0.2280	1.4254	0.8423	1.6192	1.3405	0.2508	1.3073	1.4477	1.4690	1.2916	1.5078	1.3828	0.2452	0.8535	1.3171	1.3334	1.0572	0.2467	0.9633	0.2648	1.3843	0.2419	1.4459	0.8872	1.5614	1.6016	1.3573	1.1444	1.4050	1.3815	0.2566
