

Software Version	3.14.03



Experiment File Path:	C:\Users\Public\Documents\Experiments\Hermina\serial_passage\5Aug24\day2--5Aug24.xpt
Protocol File Path:	C:\Users\Public\Documents\Protocols\rough_growth_curve.prt



Plate Number	Plate 1
Date	06/08/2024
Time	12:32:50
Reader Type:	Epoch 2
Reader Serial Number:	23053024
Reading Type	Reader

Procedure Details

Plate Type	96 WELL PLATE (Use plate lid)
Well Selection	Runtime
Eject plate on completion	
Set Temperature	Setpoint 40°C, Gradient 1 °C
	Preheat before moving to next step
Read	OD 600
	Absorbance Endpoint
	Full Plate
	Wavelengths:  600
	Read Speed: Normal,  Delay: 100 msec,  Measurements/Data Point: 8
Start Kinetic	Runtime 8:00:00 (HH:MM:SS), Interval 0:10:00, 49 Reads
    Shake	Double Orbital: Continuous
	Frequency: 205 cpm (5 mm)
    Read	Absorbance Endpoint
	Full Plate
	Wavelengths:  600
	Read Speed: Normal,  Delay: 100 msec,  Measurements/Data Point: 8
End Kinetic	
Set Temperature	Setpoint 30°C, Gradient 1 °C
Start Kinetic	Runtime 15:00:00 (HH:MM:SS), Interval 0:10:00, 91 Reads
    Shake	Double Orbital: Continuous
	Frequency: 205 cpm (5 mm)
    Read	Absorbance Endpoint
	Full Plate
	Wavelengths:  600
	Read Speed: Normal,  Delay: 100 msec,  Measurements/Data Point: 8
End Kinetic	

OD 600 heat:600

0:09:16	40.0	0.2392	0.2903	0.2938	0.2883	0.2926	0.3082	0.3008	0.3167	0.3246	0.2969	0.2506	0.2549	0.2860	0.2856	0.3674	0.2989	0.3026	0.2627	0.3171	0.2829	0.2922	0.2645	0.2627	0.3007	0.2740	0.4527	0.2905	0.2944	0.3233	0.2607	0.2803	0.2782	0.3202	0.3045	0.2561	0.3070	0.3045	0.3086	0.2907	0.3196	0.2847	0.2548	0.2938	0.2629	0.2987	0.3011	0.2570	0.3168	0.2904	0.3042	0.3160	0.2975	0.2884	0.2593	0.3046	0.3174	0.3063	0.3044	0.2641	0.2923	0.7087	0.3288	0.2970	0.2988	0.2476	0.2565	0.2980	0.2786	0.3017	0.3031	0.2653	0.2921	0.3111	0.2978	0.2865	0.3009	0.3062	0.2671	0.5033	0.3055	0.3104	0.3280	0.2590	0.3240	0.3032	0.3464	0.2972	0.3307	0.6054	0.3508	0.3346	0.3456	0.3507	0.3292	0.3216	0.2789
0:19:16	40.0	0.2367	0.2889	0.2907	0.2845	0.2897	0.3056	0.2979	0.3141	0.3217	0.2934	0.2473	0.2529	0.2813	0.2821	0.3741	0.3004	0.2973	0.2590	0.3158	0.2794	0.2882	0.2601	0.2586	0.2983	0.2709	0.5260	0.2858	0.2901	0.3194	0.2564	0.2774	0.2746	0.3161	0.3012	0.2532	0.3031	0.3007	0.3030	0.2852	0.3155	0.2820	0.2506	0.2893	0.2580	0.2931	0.2975	0.2536	0.3138	0.2971	0.2994	0.3113	0.2933	0.2847	0.2555	0.3018	0.3134	0.3079	0.3002	0.2600	0.2888	0.6627	0.3241	0.2928	0.2918	0.2444	0.2526	0.2938	0.2747	0.2979	0.2990	0.2613	0.2892	0.3067	0.2946	0.2821	0.2982	0.3009	0.2638	0.4565	0.3012	0.3058	0.3234	0.2565	0.3214	0.3002	0.3431	0.2941	0.3274	0.5214	0.3473	0.3354	0.3410	0.3469	0.3263	0.3182	0.2750
0:29:16	40.0	0.2358	0.2880	0.2901	0.2823	0.2889	0.3034	0.2963	0.3135	0.3227	0.2921	0.2462	0.2524	0.2804	0.2818	0.3722	0.2987	0.2957	0.2574	0.3134	0.2780	0.2863	0.2583	0.2570	0.2976	0.2701	0.5368	0.2838	0.2876	0.3173	0.2542	0.2796	0.2741	0.3153	0.3000	0.2525	0.3019	0.2992	0.3039	0.2835	0.3139	0.2801	0.2480	0.2871	0.2556	0.2919	0.2946	0.2521	0.3139	0.2969	0.2976	0.3091	0.2918	0.2824	0.2543	0.3009	0.3089	0.3110	0.2992	0.2584	0.2873	0.6780	0.3231	0.2912	0.2941	0.2428	0.2510	0.2921	0.2729	0.2967	0.2973	0.2595	0.2883	0.3061	0.2930	0.2825	0.2974	0.2990	0.2627	0.3776	0.2997	0.3033	0.3226	0.2554	0.3198	0.2997	0.3421	0.2868	0.3266	0.4382	0.3462	0.3290	0.3399	0.3464	0.3279	0.3164	0.2738
0:39:16	40.0	0.2352	0.2879	0.2900	0.2810	0.2875	0.3035	0.2946	0.3131	0.3236	0.2902	0.2455	0.2519	0.2812	0.2810	0.3733	0.2974	0.2941	0.2565	0.3131	0.2757	0.2855	0.2574	0.2563	0.2954	0.2703	0.4947	0.2829	0.2871	0.3172	0.2531	0.2793	0.2735	0.3136	0.2994	0.2521	0.3020	0.2986	0.3030	0.3071	0.3139	0.2776	0.2471	0.3004	0.2543	0.2918	0.2939	0.2511	0.3148	0.2986	0.2975	0.3094	0.2921	0.2818	0.2533	0.2993	0.3124	0.2889	0.2994	0.2574	0.2865	0.6891	0.3230	0.2908	0.2935	0.2421	0.2499	0.2925	0.2719	0.2962	0.2971	0.2586	0.2883	0.3061	0.2936	0.2821	0.2978	0.2989	0.2623	0.4300	0.2986	0.3022	0.3228	0.2550	0.3172	0.2995	0.3419	0.2885	0.3266	0.6587	0.3457	0.3259	0.3393	0.3468	0.3276	0.3159	0.2730
0:49:16	40.0	0.2352	0.2885	0.2893	0.2811	0.2881	0.3038	0.2935	0.3144	0.3234	0.2915	0.2453	0.2517	0.2809	0.2801	0.3735	0.2956	0.2946	0.2562	0.3135	0.2749	0.2846	0.2570	0.2559	0.2955	0.2715	0.5546	0.2826	0.2856	0.3189	0.2526	0.2790	0.2734	0.3129	0.2997	0.2523	0.3013	0.2980	0.3047	0.2865	0.3149	0.2774	0.2464	0.2899	0.2536	0.2916	0.2947	0.2507	0.3172	0.2984	0.2972	0.3114	0.2921	0.2817	0.2533	0.2987	0.3120	0.2894	0.2988	0.2571	0.2867	0.6676	0.3244	0.2915	0.2940	0.2418	0.2494	0.2924	0.2713	0.2947	0.2957	0.2583	0.2884	0.3054	0.2951	0.2820	0.2981	0.2987	0.2620	0.5114	0.2985	0.3019	0.3239	0.2549	0.3185	0.2993	0.3424	0.2883	0.3271	0.7266	0.3452	0.3242	0.3389	0.3488	0.3249	0.3162	0.2728
0:59:16	40.0	0.2352	0.2902	0.2891	0.2824	0.2882	0.3032	0.2942	0.3154	0.3241	0.2915	0.2453	0.2519	0.2817	0.2829	0.3752	0.2947	0.2948	0.2563	0.3142	0.2759	0.2862	0.2570	0.2562	0.2956	0.2738	0.6494	0.2823	0.2850	0.3234	0.2526	0.2793	0.2736	0.3128	0.2997	0.2523	0.3022	0.2980	0.3086	0.2913	0.3158	0.2768	0.2475	0.2951	0.2531	0.2923	0.2950	0.2507	0.3195	0.2977	0.2975	0.3149	0.2919	0.2818	0.2531	0.2974	0.3123	0.2895	0.2997	0.2569	0.2871	0.6922	0.3285	0.2914	0.2935	0.2418	0.2492	0.2925	0.2714	0.2945	0.2958	0.2585	0.2891	0.3057	0.2971	0.2824	0.2989	0.2986	0.2620	0.3284	0.2984	0.3016	0.3258	0.2548	0.3193	0.2996	0.3429	0.2894	0.3277	0.5054	0.3469	0.3241	0.3390	0.3513	0.3254	0.3161	0.2726
1:09:16	40.0	0.2352	0.2911	0.2891	0.2816	0.2884	0.3017	0.2935	0.3171	0.3249	0.2913	0.2451	0.2518	0.2828	0.2815	0.3751	0.2933	0.2945	0.2562	0.3165	0.2763	0.2851	0.2570	0.2558	0.2957	0.2774	0.5287	0.2827	0.2864	0.3286	0.2525	0.2793	0.2738	0.3132	0.2998	0.2524	0.3021	0.2980	0.3002	0.2919	0.3185	0.2775	0.2462	0.2875	0.2528	0.2919	0.2960	0.2505	0.3235	0.2989	0.2969	0.3184	0.2923	0.2820	0.2528	0.2981	0.3125	0.2896	0.2989	0.2569	0.2872	0.6262	0.3303	0.2915	0.2937	0.2417	0.2492	0.2929	0.2711	0.2951	0.2966	0.2584	0.2892	0.3065	0.3000	0.2817	0.3002	0.2989	0.2620	0.4196	0.2984	0.3019	0.3285	0.2546	0.3199	0.2995	0.3434	0.2906	0.3272	0.5276	0.3476	0.3227	0.3393	0.3574	0.3287	0.3164	0.2726
1:19:16	40.0	0.2350	0.2911	0.2889	0.2810	0.2882	0.3024	0.2935	0.3186	0.3271	0.2914	0.2450	0.2515	0.2852	0.2821	0.3740	0.2917	0.2945	0.2561	0.3181	0.2763	0.2851	0.2566	0.2555	0.2963	0.2824	0.5850	0.2831	0.2859	0.3401	0.2522	0.2790	0.2739	0.3131	0.2996	0.2522	0.3018	0.2980	0.2982	0.2877	0.3213	0.2774	0.2462	0.2857	0.2526	0.2916	0.2969	0.2502	0.3294	0.2974	0.2966	0.3243	0.2914	0.2819	0.2531	0.2968	0.3118	0.2904	0.2988	0.2567	0.2866	0.6338	0.3359	0.2917	0.2939	0.2416	0.2489	0.2931	0.2709	0.2943	0.2906	0.2579	0.2893	0.3068	0.3044	0.2817	0.3010	0.2987	0.2617	0.4779	0.2987	0.3018	0.3296	0.2546	0.3212	0.2994	0.3427	0.2909	0.3275	0.6488	0.3481	0.3175	0.3388	0.3641	0.3268	0.3164	0.2723
1:29:16	40.0	0.2352	0.2931	0.2880	0.2819	0.2882	0.3014	0.2931	0.3209	0.3309	0.2918	0.2449	0.2516	0.2885	0.2826	0.3768	0.2915	0.2943	0.2562	0.3211	0.2766	0.2855	0.2574	0.2556	0.2972	0.2887	0.6619	0.2833	0.2866	0.3552	0.2524	0.2797	0.2744	0.3138	0.2998	0.2523	0.3026	0.2979	0.2964	0.2825	0.3235	0.2774	0.2468	0.2856	0.2524	0.2919	0.2975	0.2502	0.3368	0.2971	0.2971	0.3322	0.2925	0.2823	0.2528	0.2970	0.3121	0.2901	0.2993	0.2566	0.2867	0.6371	0.3472	0.2924	0.2930	0.2414	0.2489	0.2934	0.2711	0.2948	0.2878	0.2578	0.2897	0.3078	0.3107	0.2817	0.3019	0.2986	0.2617	0.4330	0.2988	0.3021	0.3310	0.2545	0.3454	0.2995	0.3438	0.2904	0.3275	0.6233	0.3493	0.3110	0.3388	0.3725	0.3300	0.3163	0.2722
1:39:16	40.0	0.2351	0.2942	0.2885	0.2814	0.2880	0.3015	0.2928	0.3226	0.3349	0.2916	0.2449	0.2517	0.2915	0.2826	0.3771	0.2917	0.2941	0.2562	0.3229	0.2769	0.2850	0.2567	0.2558	0.2977	0.2979	0.5259	0.2834	0.2870	0.3686	0.2523	0.2812	0.2747	0.3169	0.2998	0.2524	0.3024	0.2983	0.3005	0.2831	0.3268	0.2779	0.2460	0.2856	0.2521	0.2919	0.2958	0.2503	0.3484	0.2961	0.2981	0.3419	0.2939	0.2834	0.2525	0.2975	0.3120	0.2908	0.2993	0.2566	0.2868	0.6496	0.3576	0.2928	0.2809	0.2416	0.2489	0.2940	0.2714	0.2955	0.2677	0.2581	0.2896	0.3084	0.3201	0.2766	0.3041	0.2994	0.2617	0.5094	0.2991	0.3024	0.3348	0.2544	0.3207	0.2996	0.3443	0.2903	0.3286	0.4113	0.3503	0.3098	0.3388	0.3834	0.3239	0.3167	0.2720
1:49:16	40.0	0.2347	0.2967	0.2879	0.2815	0.2879	0.3025	0.2912	0.3267	0.3456	0.2916	0.2450	0.2516	0.2954	0.2820	0.3807	0.2918	0.2937	0.2562	0.3258	0.2772	0.2850	0.2566	0.2555	0.2983	0.3118	0.4886	0.2840	0.2872	0.3854	0.2521	0.2817	0.2738	0.3156	0.2999	0.2526	0.3025	0.2984	0.2974	0.2833	0.3331	0.2783	0.2462	0.2857	0.2521	0.2921	0.2952	0.2502	0.3671	0.2971	0.2980	0.3532	0.2966	0.2826	0.2533	0.2983	0.3119	0.2918	0.2993	0.2566	0.2869	0.6589	0.3696	0.2929	0.2687	0.2416	0.2488	0.2938	0.2715	0.2951	0.2657	0.2579	0.2898	0.3087	0.3310	0.2834	0.3078	0.2995	0.2617	0.5159	0.2995	0.3022	0.3419	0.2545	0.3240	0.2995	0.3446	0.2907	0.3281	0.5273	0.3510	0.3081	0.3388	0.4116	0.3265	0.3170	0.2722
1:59:16	40.0	0.2347	0.3003	0.2886	0.2824	0.2878	0.3027	0.2902	0.3309	0.3558	0.2913	0.2447	0.2514	0.3012	0.2825	0.3850	0.2904	0.2939	0.2559	0.3322	0.2768	0.2850	0.2564	0.2554	0.2978	0.3301	0.5055	0.2847	0.2880	0.4042	0.2521	0.2826	0.2741	0.3159	0.2995	0.2525	0.3025	0.2976	0.2950	0.2832	0.3381	0.2784	0.2463	0.2857	0.2519	0.2930	0.2948	0.2500	0.3891	0.2974	0.2977	0.3648	0.2960	0.2832	0.2532	0.3018	0.3118	0.2911	0.2986	0.2565	0.2872	0.6135	0.3926	0.2934	0.2629	0.2415	0.2486	0.2941	0.2717	0.2948	0.2641	0.2579	0.2897	0.3103	0.3450	0.2825	0.3106	0.2997	0.2615	0.4371	0.2995	0.3020	0.3505	0.2543	0.3237	0.2994	0.3454	0.2908	0.3284	0.5167	0.3536	0.3072	0.3390	0.4056	0.3287	0.3173	0.2719
2:09:16	40.0	0.2348	0.3031	0.2883	0.2803	0.2876	0.3023	0.2907	0.3392	0.3734	0.2914	0.2446	0.2515	0.3094	0.2818	0.3886	0.2909	0.2927	0.2560	0.3417	0.2769	0.2850	0.2566	0.2554	0.2986	0.3528	0.4916	0.2857	0.2882	0.4131	0.2519	0.2840	0.2745	0.3167	0.2997	0.2523	0.3030	0.2981	0.2954	0.2832	0.3454	0.2786	0.2457	0.2851	0.2518	0.2944	0.2974	0.2500	0.4134	0.2976	0.2997	0.3774	0.2977	0.2837	0.2237	0.3005	0.3117	0.2906	0.2997	0.2565	0.2876	0.6083	0.4090	0.2937	0.2624	0.2414	0.2490	0.2949	0.2718	0.2948	0.2644	0.2577	0.2900	0.3115	0.3590	0.2833	0.3169	0.3005	0.2614	0.4165	0.2996	0.3023	0.3636	0.2542	0.3261	0.2996	0.3464	0.2903	0.3299	0.5337	0.3510	0.3078	0.3388	0.4059	0.3208	0.3181	0.2722
2:19:16	40.0	0.2348	0.3103	0.2888	0.2810	0.2879	0.3026	0.2898	0.3504	0.3908	0.2913	0.2447	0.2513	0.3200	0.2825	0.3930	0.2909	0.2936	0.2559	0.3516	0.2767	0.2846	0.2564	0.2554	0.2985	0.3751	0.5130	0.2863	0.2888	0.4255	0.2520	0.2852	0.2746	0.3206	0.2997	0.2523	0.3032	0.2978	0.2968	0.2846	0.3889	0.2799	0.2460	0.2853	0.2516	0.2954	0.2997	0.2500	0.4427	0.2957	0.2992	0.3902	0.3053	0.2841	0.2215	0.3094	0.3120	0.2914	0.2996	0.2564	0.2879	0.6301	0.4270	0.2947	0.2630	0.2415	0.2486	0.2958	0.2727	0.2952	0.2651	0.2578	0.2895	0.3134	0.3805	0.2837	0.3229	0.3014	0.2613	0.4165	0.2998	0.3025	0.3873	0.2541	0.3284	0.2993	0.3483	0.2903	0.3315	0.5176	0.3608	0.3076	0.3393	0.4177	0.3279	0.3185	0.2718
2:29:16	40.0	0.2350	0.3175	0.2895	0.2819	0.2879	0.3044	0.2897	0.3627	0.4071	0.2921	0.2446	0.2514	0.3281	0.2828	0.3928	0.2902	0.2938	0.2561	0.3637	0.2775	0.2849	0.2565	0.2552	0.2990	0.3939	0.5566	0.2875	0.2900	0.4331	0.2522	0.2866	0.2746	0.3247	0.2995	0.2526	0.3034	0.2978	0.2946	0.2856	0.3641	0.2809	0.2471	0.2860	0.2517	0.2961	0.2985	0.2499	0.4607	0.2977	0.3007	0.4027	0.3126	0.2856	0.2214	0.3107	0.3122	0.2915	0.2999	0.2565	0.2880	0.6236	0.4388	0.2964	0.2641	0.2415	0.2487	0.2967	0.2731	0.2956	0.2653	0.2577	0.2897	0.3149	0.3976	0.2843	0.3276	0.3021	0.2613	0.4795	0.3014	0.3029	0.4089	0.2541	0.3316	0.2996	0.3493	0.2904	0.3332	0.5030	0.3673	0.3079	0.3399	0.4289	0.3269	0.3188	0.2718
2:39:16	40.0	0.2346	0.3237	0.2907	0.2809	0.2879	0.3052	0.2896	0.3751	0.4212	0.2913	0.2447	0.2515	0.3393	0.2829	0.3948	0.2896	0.2931	0.2561	0.3747	0.2774	0.2853	0.2564	0.2551	0.2990	0.4124	0.5322	0.2889	0.2903	0.4296	0.2518	0.2850	0.2749	0.3226	0.2995	0.2526	0.3036	0.2980	0.2972	0.2856	0.4017	0.2815	0.2454	0.2855	0.2516	0.2977	0.3062	0.2498	0.4492	0.2973	0.3016	0.4126	0.3019	0.2857	0.2211	0.3008	0.3120	0.2902	0.2969	0.2564	0.2887	0.5985	0.4528	0.2965	0.2642	0.2413	0.2484	0.2969	0.2734	0.2942	0.2654	0.2579	0.2898	0.3164	0.4099	0.2841	0.3273	0.3023	0.2611	0.3722	0.3017	0.3029	0.3995	0.2540	0.3344	0.2993	0.3520	0.2905	0.3347	0.4968	0.3588	0.3072	0.3398	0.4312	0.3221	0.3200	0.2719
2:49:16	40.1	0.2346	0.3258	0.2914	0.2803	0.2878	0.3055	0.2892	0.3840	0.4222	0.2919	0.2445	0.2513	0.3513	0.2835	0.3960	0.2897	0.2932	0.2559	0.3831	0.2772	0.2849	0.2563	0.2551	0.3008	0.4187	0.4606	0.2899	0.2915	0.4445	0.2518	0.2823	0.2751	0.3203	0.2995	0.2526	0.3038	0.2984	0.2965	0.2864	0.3785	0.2838	0.2463	0.2865	0.2512	0.2994	0.2978	0.2498	0.4447	0.2974	0.3026	0.4243	0.3057	0.2866	0.2205	0.2982	0.3126	0.2899	0.2774	0.2564	0.2896	0.6099	0.4621	0.2974	0.2658	0.2414	0.2485	0.2977	0.2739	0.2955	0.2656	0.2577	0.2892	0.3179	0.4154	0.2844	0.3299	0.3041	0.2610	0.5232	0.3034	0.3034	0.4093	0.2540	0.3369	0.2995	0.3537	0.2914	0.3365	0.4882	0.3732	0.3083	0.3408	0.3968	0.3271	0.3229	0.2717
2:59:16	40.0	0.2347	0.3286	0.2921	0.2708	0.2881	0.3078	0.2842	0.3986	0.4303	0.2921	0.2446	0.2513	0.3577	0.2846	0.3985	0.2897	0.2932	0.2560	0.3953	0.2781	0.2840	0.2563	0.2551	0.3013	0.4229	0.4834	0.2919	0.2934	0.4422	0.2517	0.2825	0.2757	0.3239	0.2997	0.2524	0.3044	0.2980	0.2970	0.2871	0.3785	0.2858	0.2467	0.2870	0.2508	0.3022	0.3116	0.2497	0.4427	0.2976	0.3029	0.4145	0.3083	0.2881	0.2202	0.2910	0.3127	0.2897	0.2768	0.2563	0.2904	0.6728	0.4612	0.2983	0.2663	0.2413	0.2483	0.2986	0.2746	0.2951	0.2659	0.2578	0.2890	0.3209	0.4219	0.2849	0.3314	0.3054	0.2610	0.4043	0.3050	0.3037	0.3884	0.2540	0.3397	0.2993	0.3558	0.2907	0.3401	0.5053	0.3668	0.3086	0.3407	0.4013	0.3289	0.3242	0.2717
3:09:16	40.0	0.2348	0.3352	0.2932	0.2682	0.2882	0.3091	0.2825	0.4089	0.4302	0.2924	0.2445	0.2513	0.3577	0.2864	0.4045	0.2893	0.2934	0.2559	0.4068	0.2781	0.2793	0.2561	0.2551	0.3011	0.4294	0.4901	0.2929	0.2946	0.4465	0.2518	0.2869	0.2761	0.3251	0.2998	0.2526	0.3045	0.2980	0.2977	0.2883	0.3794	0.2877	0.2458	0.2862	0.2512	0.3045	0.3111	0.2497	0.4579	0.2979	0.3039	0.4159	0.2996	0.2880	0.2203	0.2900	0.3134	0.2899	0.2753	0.2563	0.2912	0.5923	0.4663	0.3002	0.2679	0.2412	0.2483	0.2997	0.2754	0.2946	0.2662	0.2576	0.2894	0.3232	0.4256	0.2859	0.3326	0.3068	0.2612	0.3604	0.3074	0.3041	0.4064	0.2539	0.3416	0.2992	0.3584	0.2905	0.3429	0.4880	0.3443	0.3080	0.3424	0.4165	0.3244	0.3267	0.2716
3:19:16	40.0	0.2348	0.3379	0.2947	0.2626	0.2882	0.3116	0.2737	0.4121	0.4239	0.2928	0.2446	0.2512	0.3550	0.2880	0.4040	0.2892	0.2942	0.2561	0.4119	0.2793	0.2781	0.2563	0.2551	0.3014	0.4316	0.5007	0.2950	0.2961	0.4499	0.2516	0.2917	0.2767	0.3170	0.3004	0.2526	0.3051	0.2983	0.2977	0.2895	0.3819	0.2902	0.2450	0.2771	0.2511	0.3070	0.3215	0.2498	0.4756	0.2979	0.3054	0.4141	0.2910	0.2902	0.2202	0.2882	0.3137	0.2901	0.2725	0.2563	0.2930	0.5783	0.4680	0.3023	0.2689	0.2416	0.2484	0.3011	0.2762	0.2948	0.2668	0.2578	0.2892	0.3257	0.4279	0.2842	0.3327	0.3093	0.2610	0.3191	0.3093	0.3051	0.4261	0.2541	0.3456	0.2995	0.3615	0.2888	0.3458	0.4736	0.3410	0.3088	0.3441	0.4312	0.3296	0.3298	0.2718
3:29:16	40.0	0.2347	0.3416	0.2960	0.2618	0.2888	0.3131	0.2755	0.4251	0.4331	0.2929	0.2443	0.2511	0.3565	0.2900	0.3946	0.2897	0.2941	0.2559	0.4173	0.2800	0.2660	0.2561	0.2551	0.3016	0.4349	0.5081	0.2967	0.2979	0.4514	0.2514	0.2989	0.2735	0.3162	0.3001	0.2523	0.3051	0.2977	0.2983	0.2904	0.3845	0.2919	0.2458	0.2716	0.2509	0.3094	0.3256	0.2495	0.4879	0.2968	0.3071	0.4162	0.2886	0.2919	0.2200	0.2782	0.3145	0.2902	0.2722	0.2564	0.2951	0.6575	0.4729	0.3031	0.2697	0.2411	0.2481	0.3025	0.2770	0.2941	0.2672	0.2573	0.2890	0.3280	0.4281	0.2880	0.3333	0.3108	0.2608	0.3227	0.3113	0.3055	0.4419	0.2539	0.3465	0.2993	0.3640	0.2906	0.3482	0.4693	0.3396	0.3080	0.3465	0.4330	0.3317	0.3321	0.2720
3:39:16	40.1	0.2345	0.3503	0.2983	0.2608	0.2893	0.3159	0.2773	0.4332	0.4418	0.2939	0.2443	0.2510	0.3573	0.2925	0.4104	0.2893	0.2950	0.2559	0.4270	0.2819	0.2651	0.2561	0.2550	0.3021	0.4378	0.5122	0.2983	0.2994	0.4525	0.2515	0.2989	0.2717	0.3200	0.3001	0.2523	0.3053	0.2980	0.2982	0.2919	0.3861	0.2940	0.2452	0.2621	0.2507	0.3119	0.3333	0.2496	0.4962	0.2968	0.3074	0.4174	0.2921	0.2929	0.2198	0.2767	0.3147	0.2898	0.2722	0.2563	0.2975	0.6126	0.4747	0.3042	0.2703	0.2411	0.2481	0.3041	0.2777	0.2954	0.2674	0.2576	0.2886	0.3311	0.4322	0.2890	0.3343	0.3131	0.2608	0.3498	0.3132	0.3065	0.4553	0.2537	0.3503	0.2993	0.3678	0.2900	0.3502	0.4765	0.3403	0.3080	0.3498	0.4362	0.3307	0.3341	0.2714
3:49:16	40.0	0.2346	0.3504	0.3007	0.2607	0.2905	0.3185	0.2795	0.4327	0.4503	0.2952	0.2443	0.2511	0.3627	0.2951	0.4173	0.2895	0.2958	0.2559	0.4334	0.2833	0.2658	0.2561	0.2548	0.3024	0.4371	0.5122	0.2997	0.3007	0.4593	0.2512	0.2982	0.2712	0.3210	0.3003	0.2524	0.3058	0.2981	0.2992	0.2941	0.3882	0.2977	0.2458	0.2612	0.2509	0.3150	0.3288	0.2495	0.5043	0.2965	0.3089	0.4099	0.3014	0.2948	0.2198	0.2753	0.3154	0.2901	0.2725	0.2561	0.3004	0.5859	0.4771	0.3069	0.2722	0.2413	0.2480	0.3055	0.2782	0.2959	0.2685	0.2576	0.2890	0.3331	0.4327	0.2901	0.3354	0.3151	0.2608	0.4075	0.3161	0.3081	0.4414	0.2536	0.3515	0.2992	0.3715	0.2885	0.3531	0.5048	0.3414	0.3092	0.3533	0.4470	0.3343	0.3380	0.2713
3:59:16	40.0	0.2345	0.3520	0.3024	0.2611	0.2909	0.3201	0.2788	0.4149	0.4658	0.2964	0.2445	0.2512	0.3653	0.2975	0.4235	0.2888	0.2970	0.2558	0.4085	0.2834	0.2655	0.2561	0.2549	0.3023	0.4351	0.4722	0.3021	0.3026	0.4581	0.2515	0.2987	0.2699	0.3209	0.3006	0.2524	0.3068	0.2976	0.3100	0.2958	0.3886	0.3000	0.2451	0.2622	0.2507	0.3168	0.3232	0.2495	0.5102	0.2955	0.3122	0.4055	0.3082	0.2965	0.2196	0.2764	0.3169	0.2909	0.2726	0.2562	0.3033	0.5945	0.4792	0.3093	0.2746	0.2413	0.2481	0.3074	0.2792	0.2952	0.2694	0.2574	0.2886	0.3365	0.4339	0.2911	0.3327	0.3169	0.2608	0.4292	0.3185	0.3096	0.4444	0.2536	0.3523	0.2992	0.3758	0.2900	0.3560	0.4940	0.3436	0.3091	0.3552	0.4469	0.3305	0.3408	0.2712
4:09:16	40.0	0.2344	0.3558	0.3060	0.2633	0.2923	0.3238	0.2804	0.4288	0.4850	0.2987	0.2442	0.2511	0.3685	0.3007	0.4308	0.2889	0.2986	0.2558	0.3949	0.2859	0.2656	0.2559	0.2547	0.3026	0.4289	0.4805	0.3030	0.3031	0.4547	0.2511	0.2959	0.2470	0.3193	0.3007	0.2524	0.3071	0.2977	0.3018	0.2965	0.3967	0.3027	0.2463	0.2609	0.2506	0.3199	0.3208	0.2495	0.5169	0.2964	0.3126	0.4049	0.2955	0.2981	0.2195	0.2787	0.3188	0.2918	0.2732	0.2562	0.3049	0.6121	0.4815	0.3100	0.2764	0.2409	0.2479	0.3090	0.2802	0.2950	0.2713	0.2572	0.2890	0.3385	0.4341	0.2930	0.3331	0.3189	0.2605	0.4068	0.3202	0.3108	0.4461	0.2534	0.3553	0.2993	0.3793	0.2892	0.3584	0.4972	0.3430	0.3093	0.3544	0.4454	0.3352	0.3457	0.2711
4:19:16	40.0	0.2346	0.3585	0.3087	0.2663	0.2937	0.3270	0.2835	0.4266	0.4822	0.3016	0.2442	0.2511	0.3761	0.3038	0.4360	0.2889	0.3001	0.2559	0.4015	0.2877	0.2659	0.2560	0.2547	0.3030	0.4307	0.5022	0.3055	0.3060	0.4581	0.2515	0.2920	0.2475	0.3133	0.3012	0.2525	0.3093	0.2980	0.3000	0.2986	0.3919	0.3059	0.2455	0.2621	0.2505	0.3228	0.3329	0.2495	0.5132	0.2963	0.3145	0.4041	0.2952	0.2998	0.2197	0.2786	0.3196	0.2906	0.2739	0.2561	0.3084	0.5924	0.4943	0.3120	0.2779	0.2411	0.2486	0.3106	0.2806	0.2902	0.2722	0.2570	0.2891	0.3414	0.4359	0.2947	0.3342	0.3210	0.2607	0.3135	0.3220	0.3124	0.4555	0.2535	0.3648	0.2993	0.3835	0.2899	0.3608	0.4711	0.3437	0.3098	0.3524	0.4521	0.3391	0.3475	0.2712
4:29:16	40.0	0.2345	0.3609	0.3116	0.2681	0.2951	0.3300	0.2855	0.4336	0.5059	0.3041	0.2443	0.2510	0.3774	0.3067	0.4405	0.2888	0.3020	0.2558	0.4014	0.2902	0.2669	0.2559	0.2547	0.3037	0.4243	0.4663	0.3082	0.3078	0.4608	0.2515	0.2927	0.2484	0.3163	0.3017	0.2524	0.3109	0.2979	0.3004	0.2998	0.3921	0.3087	0.2463	0.2635	0.2505	0.3254	0.3437	0.2494	0.5246	0.2959	0.3160	0.4064	0.2964	0.3013	0.2195	0.2809	0.3213	0.2918	0.2748	0.2563	0.3090	0.5842	0.4901	0.3144	0.2808	0.2411	0.2484	0.3122	0.2822	0.2801	0.2741	0.2564	0.2888	0.3452	0.4371	0.2916	0.3341	0.3231	0.2607	0.3191	0.3253	0.3147	0.4421	0.2535	0.3595	0.2991	0.3878	0.2906	0.3635	0.4832	0.3453	0.3094	0.3477	0.4536	0.3391	0.3492	0.2713
4:39:16	40.0	0.2345	0.3638	0.3147	0.2706	0.2969	0.3310	0.2876	0.4416	0.4969	0.3071	0.2441	0.2510	0.3839	0.3096	0.4451	0.2887	0.3038	0.2559	0.4060	0.2926	0.2688	0.2559	0.2548	0.3041	0.4215	0.4599	0.3107	0.3104	0.4592	0.2513	0.2926	0.2496	0.3180	0.3023	0.2525	0.3146	0.2987	0.3065	0.3017	0.3966	0.3121	0.2458	0.2647	0.2503	0.3289	0.3478	0.2495	0.5291	0.2955	0.3187	0.4028	0.2985	0.3024	0.2197	0.2796	0.3218	0.2910	0.2749	0.2562	0.3121	0.5963	0.5077	0.3159	0.2822	0.2411	0.2484	0.3137	0.2832	0.2787	0.2744	0.2568	0.2887	0.3472	0.4381	0.2973	0.3347	0.3251	0.2607	0.3932	0.3262	0.3167	0.4410	0.2536	0.3598	0.2992	0.3925	0.2872	0.3657	0.4888	0.3459	0.3095	0.3487	0.4583	0.3443	0.3513	0.2713
4:49:16	40.1	0.2344	0.3679	0.3162	0.2718	0.2988	0.3319	0.2888	0.4372	0.4838	0.3094	0.2442	0.2510	0.3857	0.3125	0.4465	0.2884	0.3050	0.2560	0.4108	0.2865	0.2701	0.2559	0.2548	0.3040	0.4254	0.4689	0.3130	0.3130	0.4646	0.2518	0.2920	0.2509	0.3219	0.3033	0.2525	0.3185	0.2993	0.3017	0.3042	0.3934	0.3156	0.2461	0.2662	0.2505	0.3315	0.3409	0.2496	0.5330	0.2981	0.3179	0.3982	0.2962	0.3050	0.2197	0.2841	0.2995	0.2903	0.2766	0.2562	0.3143	0.5740	0.4915	0.3194	0.2857	0.2414	0.2481	0.3161	0.2843	0.2771	0.2770	0.2568	0.2892	0.3494	0.4390	0.2984	0.3349	0.3274	0.2608	0.3109	0.3281	0.3182	0.4408	0.2537	0.3616	0.2992	0.3968	0.2906	0.3694	0.4761	0.3470	0.3098	0.3494	0.4798	0.3471	0.3494	0.2714
4:59:16	40.0	0.2345	0.3705	0.3205	0.2762	0.3000	0.3351	0.2922	0.4292	0.4954	0.3134	0.2443	0.2511	0.3909	0.3158	0.4517	0.2883	0.3080	0.2561	0.4150	0.2816	0.2723	0.2560	0.2547	0.3047	0.4235	0.4556	0.3151	0.3154	0.4637	0.2513	0.2927	0.2515	0.3245	0.3040	0.2524	0.3217	0.2996	0.3158	0.3062	0.3872	0.3184	0.2454	0.2677	0.2503	0.3347	0.3630	0.2494	0.5413	0.2970	0.3054	0.4001	0.3002	0.3042	0.2197	0.2854	0.2914	0.2905	0.2773	0.2563	0.3138	0.5709	0.4935	0.3208	0.2877	0.2414	0.2483	0.3178	0.2861	0.2696	0.2764	0.2569	0.2889	0.3537	0.4419	0.2995	0.3348	0.3299	0.2609	0.4185	0.3315	0.3208	0.4517	0.2537	0.3632	0.2996	0.4013	0.2906	0.3696	0.4823	0.3479	0.3097	0.3449	0.4699	0.3466	0.3538	0.2713
5:09:16	40.0	0.2343	0.3747	0.3235	0.2787	0.3026	0.3373	0.2947	0.4270	0.4932	0.3166	0.2441	0.2509	0.3931	0.3188	0.4558	0.2880	0.3103	0.2558	0.4092	0.2789	0.2743	0.2558	0.2546	0.3049	0.4242	0.4692	0.3171	0.3163	0.4884	0.2512	0.2940	0.2528	0.3289	0.3047	0.2524	0.3253	0.3003	0.3185	0.3082	0.3879	0.3222	0.2446	0.2688	0.2504	0.3383	0.3577	0.2493	0.5498	0.2961	0.3068	0.4011	0.3008	0.2869	0.2196	0.2881	0.2912	0.2911	0.2779	0.2563	0.3139	0.5916	0.5225	0.3237	0.2901	0.2411	0.2482	0.3196	0.2871	0.2679	0.2783	0.2567	0.2888	0.3559	0.4423	0.3028	0.3331	0.3319	0.2605	0.3120	0.3325	0.3232	0.4452	0.2537	0.3719	0.2993	0.4044	0.2897	0.3694	0.4792	0.3499	0.3107	0.3433	0.4869	0.3489	0.3535	0.2710
5:19:16	40.0	0.2344	0.3778	0.3262	0.2809	0.3044	0.3400	0.2969	0.4309	0.4830	0.3210	0.2442	0.2509	0.3976	0.3218	0.4588	0.2879	0.3130	0.2560	0.4048	0.2804	0.2771	0.2558	0.2549	0.3065	0.4215	0.4762	0.3211	0.3189	0.4667	0.2515	0.2923	0.2545	0.3316	0.3055	0.2525	0.3306	0.3010	0.3050	0.3107	0.3870	0.3259	0.2463	0.2696	0.2507	0.3424	0.3618	0.2494	0.5614	0.2969	0.3086	0.4043	0.3025	0.2872	0.2196	0.2892	0.2916	0.2913	0.2790	0.2562	0.3133	0.5670	0.5139	0.3257	0.2926	0.2412	0.2482	0.3223	0.2891	0.2669	0.2795	0.2558	0.2889	0.3590	0.4439	0.3042	0.3340	0.3342	0.2608	0.3505	0.3351	0.3259	0.4720	0.2536	0.3677	0.2991	0.4090	0.2868	0.3702	0.4983	0.3516	0.3103	0.3426	0.4765	0.3526	0.3565	0.2711
5:29:16	40.0	0.2343	0.3826	0.3315	0.2858	0.3065	0.3441	0.3011	0.4363	0.4859	0.3264	0.2440	0.2508	0.4003	0.3256	0.4631	0.2885	0.3164	0.2556	0.4086	0.2847	0.2812	0.2557	0.2546	0.3083	0.4178	0.4690	0.3235	0.3207	0.4676	0.2514	0.2954	0.2569	0.3325	0.3072	0.2523	0.3360	0.3021	0.3045	0.3120	0.3847	0.3288	0.2446	0.2731	0.2505	0.3448	0.3627	0.2492	0.5625	0.2958	0.3105	0.3991	0.3092	0.2801	0.2195	0.2906	0.2961	0.2793	0.2810	0.2557	0.3168	0.5695	0.5004	0.3234	0.2952	0.2410	0.2484	0.3238	0.2903	0.2663	0.2809	0.2563	0.2888	0.3639	0.4435	0.3056	0.3336	0.3367	0.2606	0.3434	0.3363	0.3280	0.4578	0.2535	0.3698	0.2995	0.4125	0.2872	0.3749	0.4855	0.3541	0.3097	0.3422	0.4990	0.3559	0.3582	0.2709
5:39:16	40.0	0.2346	0.3851	0.3365	0.2906	0.3100	0.3488	0.3041	0.4410	0.5069	0.3325	0.2441	0.2508	0.4031	0.3294	0.4681	0.2895	0.3202	0.2558	0.4081	0.2880	0.2858	0.2560	0.2548	0.3108	0.4148	0.4788	0.3254	0.3231	0.4656	0.2515	0.2966	0.2590	0.3382	0.3093	0.2523	0.3418	0.3042	0.3051	0.3140	0.3862	0.3318	0.2459	0.2733	0.2505	0.3481	0.3664	0.2494	0.5704	0.2965	0.3129	0.3921	0.3161	0.2811	0.2196	0.2934	0.2989	0.2749	0.2831	0.2560	0.3211	0.5651	0.5315	0.3248	0.2981	0.2412	0.2482	0.3261	0.2918	0.2645	0.2824	0.2564	0.2893	0.3689	0.4448	0.3090	0.3334	0.3391	0.2605	0.3084	0.3386	0.3303	0.4589	0.2537	0.3727	0.2998	0.4168	0.2910	0.3788	0.4764	0.3552	0.3101	0.3418	0.4904	0.3550	0.3640	0.2710
5:49:16	40.0	0.2345	0.3874	0.3399	0.2940	0.3121	0.3503	0.3052	0.4492	0.5159	0.3382	0.2441	0.2508	0.4062	0.3323	0.4720	0.2892	0.3217	0.2560	0.4020	0.2914	0.2882	0.2558	0.2546	0.3134	0.4132	0.4832	0.3277	0.3249	0.4706	0.2516	0.2985	0.2609	0.3314	0.3115	0.2524	0.3488	0.3062	0.3111	0.3171	0.3958	0.3359	0.2449	0.2729	0.2507	0.3519	0.3603	0.2494	0.5828	0.2971	0.3149	0.3958	0.3162	0.2830	0.2195	0.2957	0.3006	0.2742	0.2853	0.2560	0.3222	0.5585	0.4932	0.3270	0.3010	0.2413	0.2481	0.3283	0.2935	0.2646	0.2841	0.2562	0.2891	0.3715	0.4450	0.3109	0.3339	0.3411	0.2605	0.3353	0.3151	0.3323	0.4456	0.2537	0.3739	0.2999	0.4205	0.2892	0.3800	0.4843	0.3567	0.3111	0.3423	0.4819	0.3556	0.3652	0.2710
5:59:16	40.0	0.2344	0.3898	0.3432	0.2967	0.3149	0.3540	0.3093	0.4567	0.5184	0.3417	0.2439	0.2509	0.4055	0.3352	0.4765	0.2891	0.3239	0.2557	0.3956	0.2938	0.2908	0.2557	0.2545	0.3171	0.4093	0.4629	0.3306	0.3267	0.4737	0.2511	0.3039	0.2625	0.3323	0.3129	0.2522	0.3527	0.3075	0.3188	0.3183	0.3813	0.3390	0.2460	0.2731	0.2504	0.3544	0.3653	0.2490	0.5788	0.2977	0.3161	0.3974	0.3137	0.2841	0.2194	0.2995	0.3017	0.2737	0.2853	0.2560	0.3232	0.5611	0.5377	0.3289	0.3029	0.2408	0.2484	0.3292	0.2940	0.2641	0.2841	0.2554	0.2891	0.3761	0.4464	0.3130	0.3316	0.3436	0.2607	0.3253	0.3139	0.3342	0.4171	0.2534	0.3754	0.2997	0.4219	0.2888	0.3827	0.4792	0.3573	0.3108	0.3395	0.4983	0.3597	0.3619	0.2708
6:09:16	40.0	0.2346	0.3887	0.3455	0.2975	0.3150	0.3536	0.3106	0.4505	0.5182	0.3437	0.2442	0.2510	0.4103	0.3379	0.4796	0.2883	0.3247	0.2556	0.3978	0.2938	0.2911	0.2559	0.2546	0.3193	0.4126	0.4660	0.3330	0.3287	0.4694	0.2326	0.3042	0.2639	0.3322	0.3137	0.2524	0.3583	0.3091	0.3223	0.3211	0.3791	0.3436	0.2466	0.2745	0.2505	0.3589	0.3620	0.2493	0.6102	0.2980	0.3184	0.4121	0.3124	0.2870	0.2196	0.3047	0.3032	0.2733	0.2858	0.2560	0.3187	0.5374	0.4904	0.3325	0.3075	0.2409	0.2484	0.3312	0.2968	0.2649	0.2854	0.2565	0.2894	0.3741	0.4462	0.3164	0.3302	0.3467	0.2603	0.3181	0.3151	0.3367	0.4080	0.2536	0.3772	0.2999	0.4217	0.2870	0.3765	0.4663	0.3601	0.3113	0.3345	0.4752	0.3285	0.3564	0.2709
6:19:16	39.9	0.2344	0.3927	0.3509	0.3021	0.3183	0.3594	0.3139	0.4485	0.5337	0.3502	0.2441	0.2509	0.4139	0.3416	0.4837	0.2884	0.3293	0.2554	0.3991	0.2976	0.2959	0.2558	0.2546	0.3230	0.4103	0.4857	0.3360	0.3311	0.4700	0.2306	0.3075	0.2661	0.3319	0.3153	0.2524	0.3634	0.3116	0.3153	0.3231	0.3782	0.3463	0.2462	0.2768	0.2505	0.3614	0.3765	0.2492	0.5817	0.2969	0.3205	0.3945	0.3148	0.2888	0.2193	0.3099	0.3057	0.2734	0.2868	0.2560	0.3202	0.5348	0.4869	0.3332	0.3101	0.2396	0.2490	0.3337	0.2977	0.2642	0.2863	0.2555	0.2896	0.3812	0.4483	0.3117	0.3309	0.3490	0.2603	0.3486	0.3161	0.3382	0.4259	0.2536	0.3760	0.2996	0.4254	0.2870	0.3815	0.4699	0.3612	0.3119	0.3344	0.5109	0.3384	0.3596	0.2709
6:29:16	40.0	0.2344	0.3967	0.3551	0.3052	0.3204	0.3617	0.3172	0.4515	0.5413	0.3557	0.2440	0.2507	0.4182	0.3452	0.4888	0.2885	0.3322	0.2557	0.3953	0.3013	0.3000	0.2558	0.2545	0.3277	0.4098	0.4885	0.3382	0.3339	0.4750	0.2289	0.3080	0.2680	0.3322	0.3173	0.2525	0.3709	0.3143	0.3159	0.3251	0.3851	0.3503	0.2464	0.2790	0.2503	0.3652	0.3789	0.2493	0.6002	0.2973	0.3230	0.3961	0.3148	0.2909	0.2194	0.3176	0.3084	0.2743	0.2888	0.2561	0.3241	0.5363	0.4840	0.3349	0.3130	0.2342	0.2306	0.3360	0.2996	0.2646	0.2886	0.2545	0.2898	0.3865	0.4492	0.3206	0.3329	0.3519	0.2602	0.3403	0.3172	0.3403	0.4122	0.2536	0.3799	0.2998	0.4287	0.2890	0.3857	0.4752	0.3634	0.3121	0.3341	0.4650	0.3367	0.3624	0.2711
6:39:16	40.0	0.2345	0.3959	0.3584	0.3079	0.3223	0.3633	0.3195	0.4516	0.5415	0.3613	0.2439	0.2508	0.4219	0.3485	0.4922	0.2884	0.3351	0.2558	0.3947	0.3047	0.3035	0.2557	0.2544	0.3322	0.4083	0.4554	0.3407	0.3361	0.4780	0.2280	0.3142	0.2703	0.3371	0.3194	0.2522	0.3759	0.3168	0.3139	0.3271	0.3815	0.3538	0.2461	0.2814	0.2505	0.3678	0.3831	0.2490	0.6232	0.2979	0.3251	0.3889	0.3169	0.2928	0.2195	0.3207	0.3107	0.2750	0.2901	0.2558	0.3267	0.5299	0.4838	0.3368	0.3162	0.2320	0.2300	0.3386	0.3017	0.2645	0.2890	0.2537	0.2897	0.3909	0.4499	0.3213	0.3325	0.3546	0.2604	0.3246	0.3190	0.3419	0.4010	0.2535	0.3812	0.2996	0.4308	0.2882	0.3885	0.4672	0.3654	0.3124	0.3336	0.4767	0.3392	0.3618	0.2708
6:49:16	40.0	0.2341	0.3941	0.3612	0.3091	0.3235	0.3621	0.3201	0.4560	0.5502	0.3630	0.2438	0.2508	0.4256	0.3503	0.4939	0.2882	0.3353	0.2558	0.3928	0.3030	0.3029	0.2556	0.2544	0.3342	0.4050	0.4538	0.3420	0.3382	0.4663	0.2272	0.3101	0.2720	0.3339	0.3200	0.2524	0.3831	0.3178	0.3184	0.3301	0.3855	0.3581	0.2460	0.2826	0.2506	0.3713	0.3884	0.2492	0.6415	0.2985	0.3279	0.4128	0.3144	0.2956	0.2194	0.3243	0.3128	0.2735	0.2899	0.2558	0.3241	0.5483	0.4859	0.3390	0.3196	0.2316	0.2296	0.3398	0.3036	0.2646	0.2889	0.2523	0.2901	0.3892	0.4503	0.3235	0.3351	0.3589	0.2602	0.3074	0.3212	0.3440	0.4058	0.2535	0.3846	0.2998	0.4281	0.2893	0.3833	0.4965	0.3675	0.3127	0.3296	0.5011	0.3280	0.3568	0.2709
6:59:16	40.1	0.2343	0.3963	0.3656	0.3127	0.3253	0.3674	0.3234	0.4476	0.5596	0.3672	0.2437	0.2507	0.4298	0.3540	0.4965	0.2887	0.3368	0.2558	0.3886	0.3075	0.3059	0.2555	0.2544	0.3400	0.4023	0.4929	0.3443	0.3405	0.4659	0.2270	0.3173	0.2742	0.3400	0.3217	0.2523	0.3913	0.3197	0.3229	0.3324	0.3791	0.3610	0.2441	0.2842	0.2503	0.3749	0.3870	0.2491	0.6416	0.2983	0.3297	0.3811	0.3072	0.2962	0.2193	0.3282	0.3142	0.2716	0.2906	0.2558	0.3282	0.5225	0.4865	0.3393	0.3226	0.2204	0.2296	0.3411	0.3039	0.2642	0.2887	0.2525	0.2900	0.3945	0.4521	0.3243	0.3370	0.3613	0.2609	0.3164	0.3232	0.3462	0.3964	0.2534	0.3842	0.2998	0.4293	0.2901	0.3888	0.4998	0.3705	0.3130	0.3294	0.4473	0.3311	0.3572	0.2708
7:09:16	40.0	0.2344	0.3987	0.3700	0.3166	0.3273	0.3704	0.3270	0.4565	0.5696	0.3755	0.2437	0.2508	0.4334	0.3573	0.4993	0.2887	0.3396	0.2557	0.3910	0.3104	0.3094	0.2557	0.2545	0.3440	0.4002	0.4874	0.3459	0.3428	0.4868	0.2258	0.3082	0.2751	0.3408	0.3236	0.2524	0.3919	0.3226	0.3195	0.3346	0.4049	0.3641	0.2459	0.2857	0.2507	0.3785	0.3852	0.2493	0.6523	0.2986	0.3308	0.3740	0.3051	0.2987	0.2194	0.3358	0.3171	0.2713	0.2912	0.2559	0.3299	0.5302	0.4845	0.3322	0.3266	0.2078	0.2296	0.3429	0.3065	0.2650	0.2900	0.2522	0.2905	0.3977	0.4521	0.3326	0.3370	0.3637	0.2602	0.3566	0.3254	0.3484	0.4444	0.2534	0.3865	0.2999	0.4284	0.2902	0.3903	0.4784	0.3734	0.3134	0.3274	0.4523	0.3280	0.3567	0.2711
7:19:16	40.0	0.2344	0.4014	0.3738	0.3188	0.3303	0.3732	0.3284	0.4576	0.5860	0.3811	0.2438	0.2509	0.4416	0.3609	0.5023	0.2882	0.3426	0.2556	0.3898	0.3152	0.3153	0.2555	0.2545	0.3513	0.4012	0.4964	0.3479	0.3441	0.4819	0.2225	0.3159	0.2761	0.3452	0.3251	0.2524	0.3990	0.3255	0.3241	0.3369	0.3794	0.3678	0.2446	0.2890	0.2506	0.3812	0.3893	0.2491	0.6548	0.2990	0.3329	0.3680	0.2994	0.2998	0.2195	0.3371	0.3172	0.2699	0.2914	0.2559	0.3325	0.5334	0.4849	0.3330	0.3283	0.2076	0.2290	0.3441	0.3058	0.2647	0.2904	0.2516	0.2905	0.4036	0.4532	0.3357	0.3355	0.3668	0.2602	0.3495	0.3263	0.3502	0.3915	0.2532	0.3854	0.2997	0.4298	0.2888	0.3931	0.4871	0.3763	0.3133	0.3267	0.4551	0.3228	0.3582	0.2707
7:29:15	40.0	0.2341	0.4034	0.3780	0.3208	0.3331	0.3748	0.3295	0.4573	0.5951	0.3835	0.2438	0.2506	0.4441	0.3645	0.5015	0.2878	0.3444	0.2557	0.3885	0.3155	0.3172	0.2556	0.2543	0.3541	0.4022	0.5172	0.3482	0.3462	0.4587	0.2219	0.3114	0.2794	0.3454	0.3262	0.2523	0.4048	0.3273	0.3240	0.3394	0.3792	0.3718	0.2451	0.2899	0.2503	0.3849	0.3900	0.2491	0.6640	0.2998	0.3355	0.3689	0.2990	0.3031	0.2195	0.3389	0.3192	0.2701	0.2915	0.2557	0.3328	0.5258	0.4854	0.3352	0.3320	0.2075	0.2292	0.3462	0.3015	0.2649	0.2894	0.2508	0.2904	0.4048	0.4544	0.3385	0.3388	0.3694	0.2602	0.3069	0.3277	0.3526	0.4255	0.2533	0.3875	0.2996	0.4303	0.2897	0.3920	0.4925	0.3810	0.3142	0.3253	0.4684	0.3258	0.3565	0.2711
7:39:16	40.0	0.2341	0.4060	0.3820	0.3239	0.3357	0.3778	0.3330	0.4617	0.6086	0.3877	0.2439	0.2505	0.4518	0.3668	0.5020	0.2879	0.3462	0.2557	0.3879	0.3178	0.3195	0.2557	0.2544	0.3576	0.4013	0.4724	0.3328	0.3492	0.4894	0.2218	0.3204	0.2813	0.3467	0.3276	0.2524	0.4097	0.3304	0.3244	0.3418	0.3775	0.3755	0.2462	0.2923	0.2507	0.3881	0.3961	0.2491	0.6715	0.3000	0.3385	0.3671	0.2957	0.3053	0.2194	0.3391	0.3213	0.2704	0.2918	0.2559	0.3356	0.5169	0.4854	0.3359	0.3341	0.2076	0.2287	0.3485	0.2974	0.2648	0.2902	0.2508	0.2906	0.4116	0.4565	0.3402	0.3416	0.3728	0.2609	0.3105	0.3297	0.3548	0.4155	0.2534	0.3877	0.2997	0.4350	0.2900	0.3966	0.4901	0.3833	0.3145	0.3253	0.5089	0.3244	0.3589	0.2708
7:49:16	40.0	0.2341	0.4102	0.3856	0.3253	0.3365	0.3794	0.3365	0.4585	0.6201	0.3919	0.2439	0.2506	0.4583	0.3707	0.5023	0.2888	0.3485	0.2556	0.3844	0.3179	0.3223	0.2557	0.2545	0.3612	0.3987	0.4731	0.3316	0.3511	0.4657	0.2214	0.3043	0.2817	0.3469	0.3299	0.2524	0.4109	0.3331	0.3260	0.3446	0.3817	0.3786	0.2447	0.2950	0.2502	0.3918	0.3934	0.2491	0.6811	0.3003	0.3416	0.3648	0.3070	0.3063	0.2192	0.3448	0.3233	0.2713	0.2925	0.2559	0.3359	0.5329	0.4835	0.3385	0.3377	0.2074	0.2285	0.3492	0.2978	0.2652	0.2916	0.2504	0.2911	0.4152	0.4603	0.3429	0.3419	0.3759	0.2605	0.3479	0.3312	0.3569	0.4640	0.2532	0.3847	0.2996	0.4342	0.2906	0.3995	0.5153	0.3873	0.3144	0.3236	0.4508	0.3245	0.3584	0.2707
7:59:16	40.0	0.2341	0.4136	0.3904	0.3279	0.3401	0.3827	0.3383	0.4614	0.6339	0.3964	0.2437	0.2505	0.4662	0.3739	0.5064	0.2879	0.3520	0.2557	0.3817	0.3230	0.3278	0.2559	0.2543	0.3685	0.3950	0.4568	0.3348	0.3528	0.4652	0.2209	0.3167	0.2852	0.3542	0.3334	0.2522	0.4193	0.3366	0.3264	0.3461	0.3840	0.3828	0.2442	0.2992	0.2501	0.3957	0.3995	0.2490	0.6868	0.2998	0.3442	0.3676	0.3075	0.3091	0.2193	0.3495	0.3259	0.2722	0.2949	0.2559	0.3426	0.5014	0.4813	0.3399	0.3405	0.2075	0.2282	0.3529	0.2982	0.2658	0.2938	0.2500	0.2909	0.4236	0.4603	0.3459	0.3444	0.3789	0.2603	0.3039	0.3322	0.3593	0.4275	0.2532	0.3867	0.2996	0.4397	0.2922	0.3953	0.4970	0.3926	0.3156	0.3247	0.4773	0.3247	0.3622	0.2706
8:09:16	40.0	0.2341	0.4188	0.3947	0.3306	0.3426	0.3849	0.3417	0.4653	0.6447	0.4031	0.2438	0.2506	0.4709	0.3769	0.5108	0.2880	0.3548	0.2558	0.3798	0.3255	0.3328	0.2557	0.2543	0.3724	0.3925	0.4590	0.3355	0.3553	0.4801	0.2205	0.3169	0.2868	0.3537	0.3351	0.2523	0.4215	0.3399	0.3252	0.3479	0.3840	0.3858	0.2389	0.3018	0.2498	0.3978	0.4068	0.2490	0.6978	0.2996	0.3467	0.3608	0.3136	0.3110	0.2193	0.3516	0.3288	0.2725	0.2959	0.2560	0.3480	0.5096	0.4718	0.3421	0.3431	0.2076	0.2186	0.3554	0.2996	0.2653	0.2950	0.2478	0.2912	0.4297	0.4623	0.3490	0.3459	0.3817	0.2614	0.3158	0.3341	0.3614	0.3862	0.2533	0.3839	0.2996	0.4438	0.2922	0.3927	0.5134	0.3974	0.3158	0.3245	0.4782	0.3329	0.3645	0.2706

OD 600:600

0:09:16	36.3	0.2437	0.4186	0.3911	0.3197	0.3355	0.3720	0.3275	0.4531	0.6209	0.3741	0.2536	0.2640	0.4655	0.3868	0.5213	0.3104	0.3573	0.2772	0.3880	0.3269	0.3334	0.2762	0.2678	0.3750	0.4102	0.4903	0.3557	0.3700	0.4935	0.2434	0.3048	0.3016	0.3497	0.3534	0.2698	0.4354	0.3489	0.3412	0.3699	0.4105	0.4082	0.2601	0.3207	0.2708	0.4169	0.4226	0.2660	0.7071	0.3103	0.3698	0.3740	0.3327	0.3306	0.2416	0.3725	0.3497	0.2915	0.3158	0.2759	0.3511	0.5311	0.4847	0.3605	0.3648	0.2302	0.2395	0.3733	0.3197	0.2866	0.3168	0.2677	0.2913	0.4369	0.4828	0.3690	0.3716	0.4070	0.2805	0.3303	0.3555	0.3826	0.3932	0.2729	0.3895	0.3067	0.4426	0.2956	0.3994	0.4471	0.4072	0.3255	0.3269	0.4483	0.3305	0.3677	0.2731
0:19:16	34.2	0.2720	0.4409	0.4087	0.3373	0.3534	0.3857	0.3429	0.4807	0.6477	0.3978	0.2871	0.2950	0.4869	0.4081	0.5499	0.3418	0.3770	0.3075	0.4183	0.3534	0.3621	0.3130	0.3021	0.4096	0.4453	0.5245	0.3836	0.3943	0.5189	0.2763	0.3222	0.3305	0.3763	0.3862	0.3057	0.4703	0.3776	0.3973	0.4036	0.4301	0.4429	0.2946	0.3511	0.3045	0.4527	0.4579	0.3005	0.7583	0.3392	0.4031	0.4047	0.3573	0.3612	0.2740	0.4158	0.3840	0.3232	0.3508	0.3118	0.3917	0.5582	0.5215	0.3896	0.3956	0.2612	0.2695	0.4054	0.3527	0.3206	0.3505	0.3020	0.3113	0.4603	0.5080	0.4041	0.4067	0.4428	0.3021	0.3731	0.3933	0.4189	0.4683	0.3050	0.4133	0.3301	0.4704	0.3179	0.4401	0.4688	0.4361	0.3576	0.3596	0.4829	0.3718	0.4094	0.2967
0:29:16	32.8	0.2906	0.4569	0.4294	0.3584	0.3702	0.4064	0.3609	0.5002	0.6787	0.4219	0.3060	0.3155	0.5019	0.4326	0.5750	0.3612	0.3929	0.3238	0.4382	0.3748	0.3873	0.3347	0.3245	0.4393	0.4642	0.5270	0.4069	0.4137	0.5275	0.2948	0.3439	0.3518	0.3960	0.4071	0.3259	0.4965	0.3969	0.3893	0.4226	0.4705	0.4627	0.3161	0.3745	0.3279	0.4758	0.4787	0.3221	0.7784	0.3591	0.4248	0.4344	0.3982	0.3816	0.2963	0.4309	0.4054	0.3433	0.3714	0.3335	0.4224	0.5730	0.5456	0.4082	0.4132	0.2823	0.2898	0.4262	0.3728	0.3426	0.3725	0.3201	0.3253	0.4828	0.5316	0.4282	0.4288	0.4630	0.3234	0.3613	0.4170	0.4400	0.4473	0.3240	0.4254	0.3445	0.4889	0.3339	0.4646	0.5487	0.4548	0.3774	0.3799	0.5434	0.3921	0.4322	0.3121
0:39:16	31.8	0.3028	0.4656	0.4488	0.3730	0.3846	0.4203	0.3751	0.5094	0.6966	0.4362	0.3188	0.3277	0.5146	0.4466	0.5853	0.3745	0.4074	0.3365	0.4496	0.3902	0.4029	0.3485	0.3367	0.4559	0.4751	0.5374	0.4221	0.4294	0.5499	0.3095	0.3833	0.3663	0.4147	0.4243	0.3401	0.5198	0.4109	0.4062	0.4365	0.4777	0.4803	0.3284	0.3875	0.3412	0.4931	0.4949	0.3364	0.7878	0.3703	0.4379	0.4407	0.3915	0.3952	0.3097	0.4426	0.4170	0.3550	0.3856	0.3456	0.4363	0.5817	0.5599	0.4251	0.4287	0.2956	0.3022	0.4373	0.3887	0.3572	0.3864	0.3335	0.3269	0.4957	0.5470	0.4437	0.4427	0.4774	0.3366	0.3759	0.4330	0.4544	0.5072	0.3372	0.4338	0.3535	0.4941	0.3429	0.4740	0.5645	0.4716	0.3903	0.3916	0.5188	0.4099	0.4420	0.3214
0:49:16	30.9	0.3106	0.4785	0.4664	0.3887	0.3974	0.4350	0.3881	0.5193	0.7126	0.4510	0.3271	0.3367	0.5242	0.4604	0.5974	0.3843	0.4188	0.3458	0.4588	0.4047	0.4154	0.3575	0.3469	0.4748	0.4817	0.5423	0.4321	0.4359	0.5558	0.3193	0.3829	0.3777	0.4270	0.4354	0.3486	0.5408	0.4215	0.4193	0.4459	0.4892	0.4918	0.3364	0.3917	0.3486	0.5047	0.4963	0.3459	0.8020	0.3811	0.4477	0.4497	0.3994	0.4060	0.3172	0.4549	0.4298	0.3621	0.3942	0.3549	0.4470	0.5862	0.5696	0.4379	0.4372	0.3051	0.3094	0.4420	0.3965	0.3676	0.3940	0.3403	0.3198	0.5060	0.5564	0.4552	0.4573	0.4863	0.3460	0.3857	0.4439	0.4624	0.4901	0.3469	0.4302	0.3603	0.5012	0.3489	0.4837	0.5445	0.4809	0.4004	0.3995	0.5244	0.4154	0.4503	0.3272
0:59:16	30.6	0.3144	0.4834	0.4762	0.4010	0.4072	0.4471	0.4013	0.5245	0.7343	0.4621	0.3326	0.3426	0.5311	0.4709	0.5980	0.3904	0.4287	0.3496	0.4655	0.4177	0.4302	0.3632	0.3524	0.4851	0.4855	0.5484	0.4405	0.4437	0.5840	0.3234	0.3710	0.3832	0.4302	0.4407	0.3536	0.5501	0.4248	0.4170	0.4524	0.4915	0.5019	0.3406	0.4019	0.3532	0.5137	0.4875	0.3508	0.8010	0.3865	0.4547	0.4614	0.4084	0.4143	0.3233	0.4578	0.4304	0.3682	0.3985	0.3595	0.4372	0.5883	0.5825	0.4422	0.4402	0.3109	0.3146	0.4427	0.4044	0.3735	0.3982	0.3460	0.3010	0.5134	0.5637	0.4611	0.4657	0.4937	0.3519	0.3913	0.4509	0.4693	0.4810	0.3506	0.4066	0.3640	0.5009	0.3453	0.4861	0.6049	0.4858	0.4061	0.4012	0.5251	0.4229	0.4539	0.3276
1:09:16	30.5	0.3151	0.4975	0.4928	0.4080	0.4170	0.4596	0.4166	0.5251	0.7504	0.4730	0.3352	0.3466	0.5374	0.4815	0.6088	0.3920	0.4397	0.3510	0.4712	0.4272	0.4413	0.3663	0.3561	0.4935	0.4908	0.5541	0.4481	0.4515	0.5957	0.3270	0.3785	0.3872	0.4378	0.4472	0.3564	0.5603	0.4309	0.4213	0.4574	0.5103	0.5077	0.3454	0.4047	0.3562	0.5200	0.4980	0.3543	0.8037	0.3898	0.4592	0.4665	0.4039	0.4162	0.3257	0.4629	0.4302	0.3709	0.4005	0.3620	0.4008	0.5878	0.5904	0.4464	0.4418	0.3142	0.3179	0.4471	0.4059	0.3767	0.4010	0.3493	0.2993	0.5228	0.5674	0.4657	0.4678	0.4952	0.3542	0.3945	0.4538	0.4724	0.4907	0.3524	0.3894	0.3657	0.4976	0.3345	0.4857	0.5428	0.4911	0.4079	0.3995	0.5200	0.4225	0.4549	0.3105
1:19:16	30.4	0.3137	0.5012	0.4981	0.4133	0.4240	0.4691	0.4271	0.5278	0.7616	0.4835	0.3362	0.3489	0.5406	0.4864	0.6156	0.3942	0.4486	0.3523	0.4722	0.4366	0.4495	0.3683	0.3578	0.5022	0.4886	0.5663	0.4535	0.4538	0.6145	0.3275	0.3816	0.3918	0.4433	0.4498	0.3567	0.5678	0.4341	0.4241	0.4615	0.5010	0.5130	0.3444	0.4071	0.3576	0.5204	0.4914	0.3558	0.8052	0.3900	0.4616	0.4835	0.4016	0.4176	0.3270	0.4710	0.4316	0.3726	0.4021	0.3635	0.3991	0.5812	0.5928	0.4503	0.4436	0.3160	0.3186	0.4475	0.4077	0.3786	0.4012	0.3498	0.2996	0.5282	0.5708	0.4672	0.4717	0.4945	0.3561	0.3966	0.4553	0.4743	0.4808	0.3533	0.3860	0.3652	0.4744	0.3001	0.4571	0.5815	0.4900	0.4074	0.3814	0.4892	0.4061	0.4460	0.2789
1:29:16	30.3	0.3049	0.5094	0.4993	0.4180	0.4289	0.4748	0.4333	0.5389	0.7643	0.4833	0.3364	0.3519	0.5528	0.4901	0.6218	0.3954	0.4542	0.3537	0.4752	0.4416	0.4583	0.3698	0.3592	0.5121	0.4844	0.5674	0.4580	0.4599	0.5787	0.3283	0.3956	0.3950	0.4568	0.4523	0.3570	0.5713	0.4367	0.4257	0.4629	0.5131	0.5149	0.3470	0.4090	0.3586	0.5206	0.4901	0.3569	0.8022	0.3909	0.4647	0.4644	0.3976	0.4196	0.3276	0.4695	0.4326	0.3735	0.4038	0.3644	0.4035	0.5805	0.5907	0.4519	0.4443	0.3168	0.3194	0.4494	0.4087	0.3789	0.4045	0.3506	0.3004	0.5348	0.5751	0.4672	0.4727	0.4985	0.3556	0.3970	0.4546	0.4749	0.4803	0.3537	0.3899	0.3635	0.4532	0.3018	0.4363	0.6119	0.4943	0.4046	0.3391	0.4809	0.3598	0.4125	0.2793
1:39:16	30.2	0.2687	0.5127	0.5010	0.4190	0.4291	0.4778	0.4366	0.5395	0.7532	0.4603	0.3362	0.3529	0.5579	0.4914	0.6230	0.3951	0.4577	0.3538	0.4783	0.4458	0.4581	0.3709	0.3602	0.5181	0.4772	0.5843	0.4584	0.4591	0.6785	0.3269	0.4061	0.3959	0.4609	0.4511	0.3574	0.5729	0.4360	0.4285	0.4613	0.5057	0.5144	0.3460	0.4078	0.3590	0.5188	0.4848	0.3565	0.7602	0.3909	0.4637	0.4644	0.4099	0.4203	0.3282	0.4497	0.4279	0.3739	0.4028	0.3649	0.4025	0.5774	0.5927	0.4486	0.4394	0.3173	0.3193	0.4466	0.4092	0.3800	0.4041	0.3505	0.3014	0.5352	0.5774	0.4658	0.4744	0.4946	0.3561	0.3984	0.4527	0.4737	0.4825	0.3537	0.3871	0.3564	0.4420	0.3016	0.4313	0.5156	0.4956	0.3954	0.3276	0.4534	0.3271	0.3845	0.2794
1:49:16	30.2	0.2411	0.5154	0.4962	0.4185	0.4282	0.4748	0.4345	0.5391	0.7359	0.4197	0.3355	0.3545	0.5655	0.4891	0.6162	0.3948	0.4576	0.3532	0.4770	0.4426	0.4545	0.3711	0.3616	0.5134	0.4708	0.5949	0.4584	0.4589	0.5803	0.3268	0.4166	0.3946	0.4745	0.4465	0.3575	0.5684	0.4335	0.4525	0.4621	0.5069	0.5141	0.3462	0.4047	0.3591	0.5170	0.4770	0.3571	0.7611	0.3900	0.4633	0.4659	0.4205	0.4199	0.3283	0.4504	0.4231	0.3736	0.3993	0.3648	0.3930	0.5717	0.5923	0.4504	0.4402	0.3174	0.3192	0.4421	0.4118	0.3805	0.3989	0.3504	0.3016	0.5280	0.5794	0.4630	0.4877	0.4883	0.3561	0.3979	0.4501	0.4712	0.4833	0.3531	0.3876	0.3324	0.4325	0.3012	0.4251	0.5818	0.4812	0.3643	0.3253	0.4733	0.3181	0.3743	0.2795
1:59:16	30.2	0.2399	0.5189	0.4917	0.4167	0.4241	0.4729	0.4349	0.5388	0.7332	0.4098	0.3341	0.3560	0.5756	0.4889	0.6207	0.3944	0.4599	0.3528	0.4776	0.4435	0.4541	0.3713	0.3621	0.5166	0.4692	0.5856	0.4588	0.4604	0.5741	0.3268	0.4015	0.3932	0.4773	0.4415	0.3577	0.5685	0.4272	0.4276	0.4617	0.5115	0.5115	0.3478	0.4018	0.3590	0.5118	0.4709	0.3571	0.8314	0.3876	0.4619	0.4679	0.4445	0.4194	0.3283	0.4526	0.4173	0.3740	0.3972	0.3650	0.3865	0.5652	0.5944	0.4474	0.4381	0.3175	0.3192	0.4365	0.4128	0.3807	0.3953	0.3501	0.3018	0.5249	0.5800	0.4613	0.4973	0.4822	0.3560	0.3957	0.4467	0.4685	0.4722	0.3527	0.3829	0.3101	0.4234	0.3018	0.4188	0.5118	0.4580	0.3316	0.3248	0.4754	0.3139	0.3686	0.2797
2:09:16	30.2	0.2400	0.5222	0.4880	0.4109	0.4163	0.4731	0.4388	0.5298	0.7471	0.4124	0.3311	0.3553	0.5830	0.4866	0.6313	0.3949	0.4610	0.3525	0.4850	0.4432	0.4504	0.3713	0.3623	0.5210	0.4666	0.5876	0.4574	0.4594	0.5761	0.3264	0.3912	0.3919	0.4801	0.4365	0.3577	0.5648	0.4161	0.4267	0.4596	0.5037	0.5071	0.3481	0.3967	0.3588	0.5057	0.4645	0.3565	0.9131	0.3816	0.4606	0.4641	0.4498	0.4156	0.3279	0.4748	0.4127	0.3737	0.3938	0.3646	0.3796	0.5624	0.5972	0.4449	0.4324	0.3172	0.3189	0.4331	0.4138	0.3800	0.3922	0.3495	0.3017	0.5179	0.5784	0.4575	0.4975	0.4765	0.3557	0.3983	0.4453	0.4667	0.4701	0.3518	0.3831	0.3070	0.4098	0.3015	0.4143	0.4922	0.4227	0.3267	0.3245	0.4931	0.3098	0.3618	0.2797
2:19:16	30.2	0.2398	0.5252	0.4797	0.3898	0.3983	0.4676	0.4341	0.5091	0.7537	0.4049	0.3240	0.3565	0.5889	0.4837	0.6251	0.3939	0.4595	0.3524	0.4856	0.4391	0.4475	0.3712	0.3624	0.5180	0.4569	0.5824	0.4571	0.4574	0.5986	0.3259	0.4015	0.3894	0.4978	0.4313	0.3574	0.5636	0.3929	0.4512	0.4561	0.5021	0.5033	0.3462	0.3930	0.3587	0.4997	0.4603	0.3562	0.8044	0.3651	0.4591	0.4654	0.4540	0.4139	0.3279	0.4675	0.4079	0.3736	0.3899	0.3644	0.3749	0.5544	0.5994	0.4398	0.4271	0.3172	0.3187	0.4279	0.4130	0.3795	0.3888	0.3489	0.3023	0.5106	0.5830	0.4526	0.4968	0.4691	0.3552	0.4250	0.4434	0.4650	0.4659	0.3506	0.3821	0.3071	0.3996	0.3015	0.4083	0.4730	0.4212	0.3263	0.3251	0.4551	0.3076	0.3558	0.2799
2:29:16	30.2	0.2399	0.5224	0.4713	0.3583	0.3650	0.4601	0.4266	0.4921	0.7624	0.3939	0.3058	0.3575	0.5881	0.4779	0.6247	0.3936	0.4555	0.3519	0.4864	0.4325	0.4412	0.3710	0.3629	0.5104	0.4486	0.5798	0.4562	0.4548	0.5760	0.3255	0.4110	0.3860	0.4888	0.4275	0.3573	0.5506	0.3654	0.4273	0.4556	0.5026	0.4996	0.3471	0.3897	0.3583	0.4949	0.4713	0.3558	0.8334	0.3375	0.4569	0.4649	0.4751	0.4124	0.3277	0.4567	0.4024	0.3732	0.3867	0.3642	0.3637	0.5468	0.5938	0.4362	0.4225	0.3170	0.3183	0.4237	0.4131	0.3797	0.3863	0.3483	0.3028	0.5010	0.5856	0.4494	0.5085	0.4616	0.3549	0.3967	0.4380	0.4613	0.4653	0.3496	0.3786	0.3073	0.3915	0.2949	0.4041	0.5261	0.4229	0.3266	0.3260	0.5553	0.3074	0.3492	0.2799
2:39:16	30.2	0.2399	0.5306	0.4674	0.3487	0.3460	0.4576	0.4235	0.4957	0.7664	0.3945	0.2720	0.3580	0.5919	0.4745	0.6303	0.3934	0.4552	0.3515	0.4933	0.4278	0.4398	0.3707	0.3627	0.5119	0.4342	0.5852	0.4536	0.4525	0.5771	0.3247	0.4052	0.3822	0.5270	0.4257	0.3569	0.5382	0.3485	0.4450	0.4521	0.5019	0.4937	0.3461	0.3860	0.3578	0.4879	0.4573	0.3550	0.8256	0.3185	0.4542	0.4701	0.4850	0.4087	0.3274	0.4575	0.3999	0.3729	0.3849	0.3636	0.3617	0.5378	0.5982	0.4299	0.4180	0.3167	0.3179	0.4196	0.4125	0.3794	0.3847	0.3473	0.3033	0.4937	0.5893	0.4440	0.5003	0.4569	0.3544	0.3962	0.4343	0.4592	0.4569	0.3474	0.3772	0.3070	0.3857	0.2939	0.3992	0.5116	0.4181	0.3265	0.3260	0.4401	0.3072	0.3451	0.2797
2:49:16	30.2	0.2399	0.5311	0.4584	0.3477	0.3391	0.4487	0.4136	0.5038	0.7716	0.3927	0.2536	0.3584	0.5980	0.4690	0.6289	0.3927	0.4525	0.3508	0.4976	0.4234	0.4348	0.3706	0.3628	0.5096	0.4142	0.5844	0.4516	0.4474	0.6217	0.3244	0.4113	0.3791	0.5134	0.4234	0.3566	0.5125	0.3419	0.4348	0.4512	0.5180	0.4901	0.3453	0.3833	0.3575	0.4842	0.4544	0.3546	0.8476	0.3160	0.4513	0.4662	0.4954	0.4061	0.3273	0.4701	0.3975	0.3728	0.3840	0.3630	0.3547	0.5380	0.5901	0.4274	0.4111	0.3164	0.3177	0.4143	0.4125	0.3791	0.3839	0.3461	0.3039	0.4849	0.5919	0.4400	0.5068	0.4480	0.3540	0.3953	0.4326	0.4546	0.5511	0.3443	0.3752	0.3071	0.3800	0.2947	0.3930	0.5517	0.4172	0.3269	0.3271	0.4175	0.3077	0.3423	0.2798
2:59:16	30.2	0.2401	0.5329	0.4436	0.3468	0.3346	0.4404	0.4047	0.5078	0.7831	0.3898	0.2504	0.3589	0.5946	0.4649	0.6295	0.3926	0.4494	0.3502	0.4984	0.4179	0.4309	0.3704	0.3630	0.5082	0.3892	0.5846	0.4498	0.4466	0.5646	0.3234	0.4144	0.3761	0.5014	0.4220	0.3565	0.4897	0.3391	0.4340	0.4512	0.5063	0.4864	0.3443	0.3800	0.3571	0.4788	0.4534	0.3539	0.8584	0.3158	0.4479	0.4730	0.5039	0.4042	0.3270	0.4710	0.3965	0.3725	0.3831	0.3626	0.3513	0.5118	0.5933	0.4252	0.4068	0.3162	0.3172	0.4112	0.4144	0.3792	0.3841	0.3446	0.3050	0.4775	0.6001	0.4345	0.5121	0.4425	0.3533	0.3946	0.4309	0.4499	0.4577	0.3403	0.3766	0.3072	0.3738	0.2941	0.3918	0.5199	0.4139	0.3277	0.3279	0.4573	0.3076	0.3406	0.2802
3:09:16	30.2	0.2401	0.5313	0.4285	0.3512	0.3338	0.4325	0.3954	0.5126	0.8205	0.3931	0.2501	0.3591	0.5896	0.4621	0.6323	0.3922	0.4449	0.3493	0.4971	0.4154	0.4279	0.3698	0.3628	0.5110	0.3652	0.5693	0.4500	0.4479	0.5674	0.3222	0.4177	0.3751	0.5057	0.4201	0.3561	0.4772	0.3360	0.4276	0.4485	0.5070	0.4838	0.3450	0.3762	0.3564	0.4743	0.4503	0.3530	0.8764	0.3166	0.4459	0.4907	0.5025	0.4043	0.3267	0.4694	0.3947	0.3714	0.3831	0.3618	0.3515	0.5014	0.5977	0.4210	0.4002	0.3156	0.3165	0.4095	0.4142	0.3778	0.3843	0.3422	0.3052	0.4715	0.6068	0.4266	0.5093	0.4397	0.3524	0.3943	0.4283	0.4474	0.4890	0.3335	0.3783	0.3072	0.3696	0.3007	0.3915	0.4721	0.4069	0.3274	0.3282	0.4045	0.3072	0.3374	0.2799
3:19:16	30.2	0.2401	0.5233	0.4022	0.3509	0.3326	0.4220	0.3797	0.5143	0.8527	0.3900	0.2501	0.3596	0.5780	0.4588	0.6309	0.3914	0.4418	0.3482	0.5025	0.4119	0.4248	0.3694	0.3629	0.5098	0.3569	0.5938	0.4485	0.4465	0.5791	0.3210	0.4191	0.3726	0.5071	0.4210	0.3556	0.4752	0.3332	0.4274	0.4476	0.5061	0.4810	0.3439	0.3747	0.3560	0.4707	0.4522	0.3522	0.8917	0.3169	0.4414	0.4774	0.5066	0.3997	0.3262	0.4756	0.3925	0.3713	0.3826	0.3602	0.3486	0.4856	0.6009	0.4181	0.3977	0.3152	0.3158	0.4064	0.4131	0.3776	0.3842	0.3389	0.3063	0.4649	0.6095	0.4212	0.5024	0.4336	0.3515	0.3929	0.4253	0.4401	0.4389	0.3243	0.3782	0.3073	0.3662	0.3020	0.3910	0.4374	0.4058	0.3274	0.3292	0.4279	0.3058	0.3380	0.2800
3:29:16	30.2	0.2399	0.5153	0.3875	0.3535	0.3324	0.4122	0.3577	0.5202	0.8929	0.3944	0.2503	0.3596	0.5635	0.4574	0.6329	0.3900	0.4401	0.3469	0.5092	0.4102	0.4239	0.3690	0.3629	0.5109	0.3547	0.5771	0.4475	0.4420	0.5857	0.3196	0.4212	0.3703	0.5069	0.4246	0.3553	0.4785	0.3311	0.4282	0.4443	0.5096	0.4777	0.3421	0.3705	0.3554	0.4667	0.4507	0.3513	0.8910	0.3174	0.4380	0.4757	0.5104	0.3966	0.3258	0.4753	0.3907	0.3704	0.3822	0.3587	0.3496	0.4751	0.6073	0.4113	0.3888	0.3148	0.3151	0.4032	0.4126	0.3769	0.3828	0.3347	0.3069	0.4564	0.6124	0.4138	0.5036	0.4285	0.3504	0.3922	0.4197	0.4329	0.4265	0.3113	0.3753	0.3072	0.3656	0.3016	0.3888	0.4387	0.4084	0.3280	0.3296	0.3918	0.3063	0.3370	0.2800
3:39:16	30.2	0.2402	0.5019	0.3786	0.3525	0.3279	0.3948	0.3362	0.5214	0.9080	0.3908	0.2504	0.3600	0.5522	0.4550	0.6253	0.3888	0.4357	0.3454	0.5157	0.4042	0.4202	0.3686	0.3627	0.5130	0.3561	0.6087	0.4470	0.4409	0.5834	0.3184	0.4229	0.3688	0.5104	0.4313	0.3549	0.4861	0.3271	0.4296	0.4424	0.5103	0.4761	0.3415	0.3681	0.3548	0.4633	0.4528	0.3501	0.9093	0.3180	0.4338	0.4775	0.5156	0.3946	0.3253	0.4789	0.3897	0.3702	0.3820	0.3568	0.3463	0.4654	0.6083	0.4138	0.3873	0.3144	0.3144	0.4008	0.4131	0.3770	0.3827	0.3289	0.3070	0.4437	0.6151	0.4084	0.5058	0.4263	0.3490	0.3959	0.4160	0.4252	0.4128	0.2927	0.3772	0.3076	0.3656	0.2969	0.3852	0.4363	0.4282	0.3286	0.3304	0.4145	0.3084	0.3435	0.2803
3:49:16	30.2	0.2400	0.4859	0.3816	0.3544	0.3273	0.3768	0.3228	0.5427	0.9175	0.3966	0.2503	0.3600	0.5492	0.4548	0.6344	0.3879	0.4314	0.3435	0.5218	0.4051	0.4221	0.3680	0.3626	0.5188	0.3563	0.5886	0.4446	0.4402	0.5970	0.3170	0.4285	0.3677	0.5208	0.4482	0.3543	0.5045	0.3266	0.4253	0.4379	0.5200	0.4747	0.3431	0.3674	0.3541	0.4607	0.4617	0.3486	0.9268	0.3188	0.4329	0.4836	0.5212	0.3906	0.3247	0.4867	0.3906	0.3696	0.3815	0.3539	0.3509	0.4600	0.6074	0.4132	0.3874	0.3136	0.3134	0.4007	0.4138	0.3763	0.3812	0.3217	0.3109	0.4342	0.6186	0.4022	0.5007	0.4266	0.3470	0.3850	0.4087	0.4165	0.4102	0.2809	0.3819	0.3074	0.3703	0.3023	0.3900	0.5003	0.4323	0.3284	0.3312	0.4425	0.3135	0.3520	0.2803
3:59:16	30.2	0.2401	0.4776	0.3867	0.3562	0.3249	0.3611	0.3193	0.5607	0.9355	0.4021	0.2503	0.3603	0.5519	0.4532	0.6343	0.3861	0.4257	0.3409	0.5256	0.4035	0.4228	0.3671	0.3624	0.5270	0.3691	0.5937	0.4428	0.4328	0.5822	0.3153	0.4322	0.3648	0.5259	0.4665	0.3536	0.5226	0.3297	0.4261	0.4337	0.5194	0.4740	0.3393	0.3668	0.3530	0.4624	0.4642	0.3469	0.9321	0.3179	0.4277	0.4952	0.5227	0.3873	0.3240	0.4952	0.3913	0.3689	0.3785	0.3503	0.3618	0.4557	0.6113	0.4116	0.3828	0.3128	0.3124	0.3987	0.4117	0.3745	0.3782	0.3131	0.3129	0.4338	0.6210	0.3965	0.4995	0.4232	0.3445	0.3828	0.4025	0.4050	0.4118	0.2666	0.3792	0.3074	0.3741	0.3020	0.3997	0.4185	0.4362	0.3284	0.3303	0.4180	0.3203	0.3653	0.2802
4:09:16	30.2	0.2401	0.4761	0.3863	0.3578	0.3234	0.3565	0.3189	0.5809	0.9484	0.4089	0.2502	0.3604	0.5515	0.4539	0.6386	0.3827	0.4215	0.3376	0.5273	0.4012	0.4227	0.3662	0.3621	0.5397	0.3686	0.5965	0.4393	0.4276	0.5774	0.3130	0.4341	0.3628	0.5273	0.4936	0.3531	0.5381	0.3253	0.4250	0.4289	0.5221	0.4734	0.3391	0.3668	0.3518	0.4638	0.4809	0.3453	0.9258	0.3189	0.4237	0.4913	0.5260	0.3835	0.3231	0.4994	0.3978	0.3734	0.3779	0.3456	0.3694	0.4538	0.6152	0.4085	0.3788	0.3117	0.3111	0.3989	0.4114	0.3740	0.3775	0.3015	0.3179	0.4506	0.6185	0.3872	0.5007	0.4228	0.3414	0.3757	0.3933	0.3963	0.4577	0.2606	0.3783	0.3074	0.3813	0.3014	0.4025	0.4762	0.4423	0.3294	0.3331	0.4301	0.3273	0.3820	0.2801
4:19:16	30.2	0.2401	0.4861	0.4192	0.3613	0.3253	0.3599	0.3200	0.6276	0.9584	0.4229	0.2501	0.3604	0.5532	0.4581	0.6344	0.3811	0.4172	0.3340	0.5309	0.4036	0.4287	0.3651	0.3620	0.5616	0.3972	0.5709	0.4377	0.4241	0.6143	0.3106	0.4402	0.3633	0.5417	0.5110	0.3524	0.5426	0.3281	0.4252	0.4288	0.5224	0.4769	0.3399	0.3712	0.3509	0.4694	0.4616	0.3433	0.9335	0.3199	0.4227	0.4943	0.5266	0.3819	0.3220	0.5048	0.4077	0.3668	0.3792	0.3389	0.3940	0.4486	0.6182	0.4138	0.3803	0.3107	0.3097	0.4061	0.4118	0.3725	0.3778	0.2859	0.3296	0.4534	0.6240	0.3857	0.4943	0.4293	0.3374	0.3726	0.3837	0.3818	0.3949	0.2605	0.3790	0.3073	0.3965	0.3023	0.4325	0.4493	0.4603	0.3293	0.3375	0.4442	0.3409	0.4150	0.2801
4:29:16	30.2	0.2402	0.4973	0.4612	0.3605	0.3289	0.3652	0.3227	0.6572	0.9579	0.4507	0.2503	0.3605	0.5529	0.4638	0.6290	0.3774	0.4115	0.3302	0.5306	0.4082	0.4409	0.3640	0.3618	0.5859	0.4163	0.5388	0.4344	0.4208	0.5838	0.3081	0.4469	0.3644	0.5560	0.5170	0.3516	0.5639	0.3295	0.4333	0.4275	0.5287	0.4791	0.3361	0.3737	0.3495	0.4824	0.4624	0.3407	0.9399	0.3206	0.4186	0.5014	0.5340	0.3770	0.3210	0.5129	0.4193	0.3659	0.3815	0.3297	0.4155	0.4453	0.6247	0.4173	0.3806	0.3096	0.3080	0.4145	0.4112	0.3713	0.3797	0.2748	0.3453	0.4785	0.6370	0.3780	0.4876	0.4396	0.3326	0.3695	0.3713	0.3688	0.3912	0.2605	0.3783	0.3073	0.4205	0.3023	0.4410	0.4276	0.4736	0.3294	0.3444	0.4443	0.3592	0.4388	0.2802
4:39:16	30.2	0.2401	0.5004	0.4881	0.3614	0.3307	0.3726	0.3274	0.6681	0.9703	0.4928	0.2504	0.3607	0.5559	0.4839	0.6277	0.3744	0.4075	0.3256	0.5402	0.4152	0.4819	0.3625	0.3616	0.6267	0.4241	0.5317	0.4313	0.4191	0.5675	0.3053	0.4519	0.3688	0.5676	0.5191	0.3508	0.5572	0.3344	0.4409	0.4230	0.5355	0.4841	0.3376	0.3787	0.3481	0.5056	0.4631	0.3377	0.9425	0.3207	0.4174	0.5078	0.5438	0.3769	0.3196	0.5225	0.4476	0.3646	0.3887	0.3175	0.4361	0.4461	0.6321	0.4198	0.3807	0.3081	0.3063	0.4328	0.4100	0.3693	0.3845	0.2604	0.3679	0.4921	0.6468	0.3712	0.4808	0.4510	0.3266	0.3588	0.3569	0.3576	0.4221	0.2606	0.3751	0.3074	0.4533	0.3017	0.4660	0.4378	0.4899	0.3300	0.3556	0.4615	0.3993	0.4584	0.2804
4:49:16	30.2	0.2403	0.5157	0.5035	0.3624	0.3398	0.4036	0.3381	0.6809	0.9873	0.5495	0.2503	0.3608	0.5623	0.4989	0.6286	0.3694	0.4074	0.3206	0.5682	0.4565	0.5256	0.3610	0.3615	0.6912	0.4404	0.5413	0.4300	0.4172	0.6056	0.3023	0.4604	0.3819	0.5839	0.5141	0.3502	0.5966	0.3415	0.4463	0.4216	0.5396	0.4909	0.3346	0.3846	0.3466	0.5198	0.4644	0.3345	0.9478	0.3210	0.4183	0.5107	0.5542	0.3781	0.3184	0.5330	0.4734	0.3636	0.4020	0.3036	0.4583	0.4444	0.6517	0.4365	0.3902	0.3068	0.3045	0.4624	0.4083	0.3680	0.3930	0.2485	0.4075	0.5086	0.6576	0.3664	0.4775	0.4514	0.3187	0.3627	0.3464	0.3476	0.4169	0.2607	0.3753	0.3076	0.4496	0.2969	0.4853	0.4923	0.5110	0.3300	0.3729	0.4685	0.4122	0.4878	0.2803
4:59:16	30.2	0.2402	0.5347	0.5196	0.3656	0.3586	0.4462	0.3678	0.7197	0.9935	0.5930	0.2504	0.3606	0.5716	0.5221	0.6295	0.3654	0.4057	0.3149	0.5910	0.4908	0.5385	0.3592	0.3614	0.7110	0.4500	0.5363	0.4309	0.4205	0.6049	0.2985	0.4716	0.4002	0.5866	0.5512	0.3490	0.5990	0.3499	0.4508	0.4241	0.5438	0.5116	0.3346	0.4247	0.3448	0.5297	0.4666	0.3302	0.9458	0.3215	0.4197	0.5281	0.5751	0.3820	0.3166	0.5452	0.4806	0.3616	0.4239	0.2912	0.4740	0.4429	0.6527	0.4428	0.4214	0.3050	0.3023	0.4685	0.4047	0.3657	0.4094	0.2479	0.4261	0.5276	0.6585	0.3698	0.4831	0.4593	0.3086	0.3655	0.3424	0.3438	0.4192	0.2606	0.3758	0.3076	0.4846	0.3026	0.4981	0.5110	0.5219	0.3302	0.4021	0.4783	0.4339	0.5341	0.2802
5:09:16	30.2	0.2403	0.5551	0.5372	0.3672	0.3965	0.4732	0.3888	0.7442	1.0040	0.6159	0.2506	0.3605	0.5893	0.5374	0.6292	0.3598	0.4088	0.3102	0.6121	0.5273	0.5522	0.3570	0.3612	0.7312	0.4652	0.5190	0.4325	0.4264	0.6029	0.2955	0.4829	0.4416	0.5979	0.5691	0.3482	0.6167	0.3661	0.4271	0.4330	0.5495	0.5043	0.3306	0.4413	0.3429	0.5373	0.4704	0.3255	0.9526	0.3218	0.4212	0.5473	0.5937	0.3912	0.3149	0.5626	0.4853	0.3607	0.4500	0.2806	0.4962	0.4430	0.6662	0.4439	0.4316	0.3029	0.3002	0.4753	0.4036	0.3636	0.4249	0.2481	0.4420	0.5433	0.6573	0.3738	0.4894	0.4571	0.2991	0.3441	0.3372	0.3453	0.4320	0.2609	0.3757	0.3075	0.5008	0.3014	0.5209	0.4788	0.5394	0.3304	0.4245	0.5032	0.4311	0.5497	0.2812
5:19:16	30.2	0.2402	0.5823	0.5606	0.3666	0.4177	0.4919	0.4541	0.7504	1.0178	0.6437	0.2505	0.3604	0.6207	0.5576	0.6216	0.3550	0.4546	0.3054	0.6263	0.5572	0.5474	0.3543	0.3608	0.7675	0.4790	0.5240	0.4405	0.4346	0.6270	0.2913	0.4974	0.4494	0.6159	0.5759	0.3469	0.6504	0.3797	0.4157	0.4529	0.5546	0.5232	0.3304	0.4552	0.3407	0.5485	0.4718	0.3195	0.9720	0.3219	0.4277	0.5631	0.6008	0.4128	0.3128	0.5905	0.5213	0.3590	0.4571	0.2709	0.5314	0.4427	0.6898	0.4561	0.4497	0.3004	0.2979	0.4963	0.4028	0.3609	0.4398	0.2477	0.4662	0.5578	0.6629	0.3754	0.5054	0.4785	0.2914	0.3589	0.3376	0.3525	0.4391	0.2607	0.3778	0.3075	0.5244	0.2959	0.5276	0.4698	0.5680	0.3307	0.4445	0.5286	0.4910	0.5656	0.2804
5:29:16	30.2	0.2402	0.6051	0.5782	0.3674	0.4522	0.5284	0.4759	0.7631	1.0304	0.6687	0.2505	0.3600	0.6427	0.5797	0.6167	0.3492	0.4559	0.2979	0.6242	0.5693	0.5666	0.3509	0.3605	0.7978	0.5001	0.4984	0.4498	0.4550	0.6412	0.2866	0.5093	0.4501	0.6127	0.5973	0.3456	0.6571	0.3840	0.4123	0.4588	0.5571	0.5278	0.3262	0.4480	0.3383	0.5700	0.4736	0.3134	0.9658	0.3227	0.4378	0.5878	0.6133	0.4376	0.3102	0.5917	0.5148	0.3567	0.4667	0.2664	0.5483	0.4441	0.6933	0.4865	0.4487	0.2977	0.2950	0.5017	0.4030	0.3584	0.4665	0.2478	0.4837	0.5897	0.6627	0.3892	0.5033	0.4612	0.2854	0.3330	0.3487	0.3643	0.4597	0.2605	0.3771	0.3076	0.5385	0.3020	0.5458	0.4350	0.5748	0.3307	0.4555	0.5674	0.4890	0.5874	0.2803
5:39:16	30.2	0.2403	0.6318	0.6000	0.3709	0.4825	0.5314	0.4898	0.7736	1.0475	0.6889	0.2520	0.3597	0.6780	0.5913	0.6146	0.3432	0.4898	0.2940	0.6381	0.5508	0.5866	0.3470	0.3602	0.7915	0.5106	0.4815	0.4821	0.4697	0.6564	0.2816	0.5238	0.4633	0.6259	0.6092	0.3441	0.6773	0.3997	0.4107	0.4613	0.5761	0.5564	0.3256	0.4875	0.3357	0.5769	0.4727	0.3063	0.9675	0.3239	0.4437	0.5950	0.6219	0.4439	0.3076	0.6075	0.5511	0.3544	0.4748	0.2654	0.5668	0.4476	0.6955	0.4758	0.4739	0.2949	0.2920	0.5010	0.3979	0.3546	0.4730	0.2478	0.5181	0.6132	0.6624	0.4110	0.5263	0.4726	0.2761	0.3053	0.3667	0.3847	0.4919	0.2605	0.3779	0.3076	0.5674	0.3023	0.5706	0.4349	0.5857	0.3315	0.4921	0.5550	0.5261	0.6023	0.2804
5:49:16	30.2	0.2403	0.6697	0.6189	0.3703	0.5216	0.5524	0.5079	0.7947	1.0625	0.7200	0.2505	0.3592	0.6757	0.6070	0.6018	0.3346	0.5179	0.2891	0.6705	0.5927	0.5920	0.3424	0.3598	0.8141	0.5250	0.4679	0.4825	0.4824	0.6648	0.2772	0.5190	0.4800	0.6243	0.6329	0.3426	0.6922	0.4364	0.4291	0.4714	0.5832	0.5612	0.3213	0.5013	0.3328	0.6114	0.4740	0.2979	0.9786	0.3250	0.4528	0.6147	0.6656	0.4514	0.3047	0.6085	0.5224	0.3518	0.5014	0.2655	0.5758	0.4499	0.7093	0.5052	0.4702	0.2916	0.2900	0.5213	0.3934	0.3509	0.5110	0.2477	0.5388	0.6318	0.6698	0.4156	0.5404	0.4650	0.2658	0.3227	0.4001	0.3893	0.4975	0.2606	0.3771	0.3076	0.5846	0.3020	0.5840	0.3952	0.6025	0.3310	0.4984	0.5514	0.5388	0.6383	0.2803
5:59:16	30.2	0.2402	0.7024	0.6396	0.3684	0.5468	0.5812	0.5371	0.8110	1.0706	0.7303	0.2505	0.3587	0.7027	0.6207	0.5847	0.3296	0.5399	0.2837	0.6819	0.5837	0.5907	0.3369	0.3595	0.8228	0.5441	0.4610	0.4880	0.4940	0.6749	0.2723	0.5391	0.4854	0.6446	0.6452	0.3409	0.7099	0.4577	0.4096	0.4838	0.6153	0.5665	0.3194	0.5338	0.3299	0.6016	0.4747	0.2886	0.9893	0.3264	0.4690	0.6245	0.6631	0.4526	0.3015	0.6270	0.5737	0.3494	0.4808	0.2654	0.6047	0.4578	0.7179	0.5236	0.4951	0.2879	0.2863	0.5329	0.3914	0.3474	0.5023	0.2477	0.5454	0.6557	0.6803	0.4357	0.5440	0.4790	0.2597	0.3182	0.4173	0.4196	0.5324	0.2607	0.3772	0.3075	0.6031	0.3015	0.6114	0.4195	0.6270	0.3313	0.5306	0.5908	0.5683	0.6537	0.2804
6:09:16	30.2	0.2403	0.7352	0.6819	0.3716	0.5413	0.5938	0.5411	0.8328	1.0949	0.7360	0.2505	0.3582	0.7265	0.6510	0.5868	0.3247	0.5261	0.2805	0.6916	0.6062	0.6233	0.3304	0.3592	0.8476	0.5557	0.4576	0.5136	0.5270	0.6783	0.2690	0.5522	0.4864	0.6609	0.6539	0.3392	0.7205	0.4734	0.3921	0.5196	0.6343	0.5928	0.3165	0.5661	0.3268	0.6282	0.4752	0.2823	1.0001	0.3277	0.4678	0.6399	0.6783	0.4715	0.2980	0.6372	0.6158	0.3468	0.5292	0.2656	0.6222	0.4690	0.7241	0.5273	0.5099	0.2839	0.2829	0.5677	0.3900	0.3435	0.5380	0.2478	0.5699	0.6812	0.6930	0.4522	0.5539	0.5179	0.2595	0.3175	0.4332	0.4479	0.5500	0.2609	0.3774	0.3078	0.6467	0.3027	0.6196	0.4066	0.6247	0.3316	0.5520	0.6058	0.5957	0.6762	0.2806
6:19:16	30.2	0.2403	0.7687	0.7153	0.3724	0.5653	0.6190	0.5743	0.8606	1.1053	0.7619	0.2505	0.3575	0.7417	0.6798	0.5739	0.3189	0.5322	0.2757	0.7152	0.6301	0.6675	0.3220	0.3588	0.8728	0.5892	0.4929	0.5142	0.5117	0.6850	0.2649	0.5424	0.5122	0.6561	0.6743	0.3370	0.7086	0.5089	0.3863	0.5373	0.6433	0.5970	0.3097	0.5621	0.3232	0.6273	0.4759	0.2751	1.0004	0.3280	0.4910	0.6483	0.6922	0.4875	0.2940	0.6324	0.5889	0.3442	0.5428	0.2655	0.6302	0.4817	0.7391	0.5594	0.5224	0.2789	0.2785	0.5637	0.3847	0.3382	0.5395	0.2478	0.6011	0.7127	0.6989	0.4663	0.5718	0.5069	0.2593	0.3068	0.4517	0.4504	0.5680	0.2607	0.3772	0.3078	0.6859	0.3019	0.6553	0.4423	0.6439	0.3315	0.5578	0.6346	0.5711	0.6789	0.2804
6:29:16	30.2	0.2404	0.7955	0.7331	0.3745	0.5827	0.6509	0.6246	0.8841	1.1216	0.7784	0.2505	0.3567	0.7629	0.7029	0.5662	0.3184	0.5527	0.2721	0.7384	0.6513	0.7023	0.3114	0.3582	0.8886	0.6006	0.4261	0.5233	0.5305	0.6917	0.2619	0.5431	0.5254	0.6604	0.6848	0.3348	0.7072	0.5359	0.3824	0.5380	0.6572	0.6152	0.3052	0.5702	0.3200	0.6524	0.4763	0.2692	1.0077	0.3296	0.5036	0.6570	0.6918	0.4979	0.2898	0.6372	0.5930	0.3411	0.5521	0.2655	0.6488	0.4960	0.7519	0.5694	0.5313	0.2742	0.2733	0.5621	0.3791	0.3332	0.5659	0.2478	0.6086	0.7432	0.7071	0.4796	0.5787	0.5207	0.2593	0.3214	0.4647	0.4731	0.5844	0.2607	0.3763	0.3075	0.7252	0.3013	0.6807	0.3985	0.6429	0.3319	0.5765	0.6535	0.5976	0.6949	0.2804
6:39:16	30.2	0.2402	0.8131	0.7745	0.3747	0.6213	0.6887	0.6305	0.9075	1.1326	0.7844	0.2506	0.3559	0.7863	0.7387	0.5584	0.3105	0.5841	0.2648	0.7610	0.6819	0.6966	0.2993	0.3579	0.9138	0.6099	0.4165	0.5680	0.5368	0.6948	0.2583	0.5682	0.5288	0.6646	0.6859	0.3324	0.7270	0.5623	0.4013	0.5549	0.6776	0.6498	0.3032	0.5951	0.3162	0.6968	0.4742	0.2637	1.0143	0.3312	0.5051	0.6741	0.6925	0.5100	0.2856	0.6495	0.6361	0.3378	0.5696	0.2655	0.6499	0.5102	0.7577	0.5913	0.5520	0.2689	0.2694	0.5756	0.3730	0.3284	0.5598	0.2480	0.6128	0.7536	0.7208	0.4925	0.5965	0.5346	0.2593	0.3575	0.4929	0.4864	0.6009	0.2608	0.3782	0.3076	0.7455	0.2948	0.6872	0.4029	0.6760	0.3319	0.6178	0.6660	0.6395	0.7212	0.2805
6:49:16	30.2	0.2403	0.8530	0.8060	0.3759	0.6660	0.7135	0.6670	0.9308	1.1501	0.8177	0.2505	0.3544	0.8158	0.7525	0.5533	0.2995	0.5831	0.2633	0.7808	0.7262	0.7366	0.2853	0.3571	0.9221	0.6238	0.4493	0.5546	0.5531	0.7020	0.2576	0.5654	0.5514	0.6549	0.7103	0.3296	0.7304	0.5845	0.3933	0.5696	0.6789	0.6551	0.2961	0.5791	0.3117	0.7055	0.5227	0.2574	1.0253	0.3326	0.5215	0.6717	0.6984	0.5198	0.2811	0.6492	0.6473	0.3340	0.5735	0.2657	0.6755	0.5266	0.7685	0.6081	0.5675	0.2627	0.2650	0.5879	0.3676	0.3221	0.5785	0.2481	0.6296	0.7959	0.7231	0.5072	0.6003	0.5519	0.2592	0.3405	0.5154	0.5088	0.6174	0.2608	0.3784	0.3076	0.7857	0.3027	0.7137	0.4051	0.6787	0.3323	0.6272	0.6539	0.6423	0.7399	0.2805
6:59:16	30.2	0.2402	0.8813	0.8140	0.3776	0.6826	0.7421	0.7021	0.9506	1.1579	0.8261	0.2503	0.3523	0.8443	0.7905	0.5460	0.2988	0.6362	0.2635	0.7989	0.7662	0.7788	0.2759	0.3563	0.9471	0.6431	0.4287	0.5872	0.5616	0.7129	0.2543	0.5752	0.5610	0.6483	0.7186	0.3263	0.7373	0.6066	0.3672	0.5886	0.6796	0.7006	0.2928	0.5956	0.3073	0.7242	0.4711	0.2565	1.0335	0.3341	0.5370	0.6878	0.7380	0.5265	0.2765	0.6505	0.6410	0.3293	0.5952	0.2654	0.6803	0.5425	0.7811	0.6216	0.5786	0.2587	0.2610	0.6007	0.3615	0.3175	0.6016	0.2476	0.6443	0.8141	0.7307	0.5172	0.6221	0.5716	0.2590	0.3244	0.5420	0.5288	0.6259	0.2607	0.3799	0.3077	0.8158	0.3024	0.7273	0.4227	0.6983	0.3324	0.6431	0.6648	0.6791	0.7625	0.2804
7:09:16	30.2	0.2402	0.9196	0.8411	0.3770	0.7441	0.7676	0.7519	0.9753	1.1693	0.8616	0.2504	0.3493	0.8692	0.8082	0.6270	0.2993	0.6988	0.2634	0.8208	0.7853	0.8195	0.2733	0.3552	0.9703	0.6811	0.4431	0.5830	0.5600	0.7318	0.2518	0.5783	0.5562	0.6367	0.7264	0.3224	0.7434	0.6390	0.3665	0.5835	0.6933	0.7096	0.2862	0.6179	0.3024	0.7260	0.4697	0.2567	1.0475	0.3360	0.5416	0.6955	0.7525	0.5373	0.2714	0.6439	0.6519	0.3257	0.6006	0.2655	0.6997	0.5597	0.7908	0.6488	0.6195	0.2525	0.2559	0.6100	0.3559	0.3143	0.6012	0.2478	0.6569	0.8420	0.7422	0.5404	0.6262	0.5886	0.2591	0.3077	0.5412	0.5264	0.6411	0.2606	0.3808	0.3078	0.8447	0.3023	0.7483	0.4521	0.7037	0.3326	0.6447	0.6568	0.6584	0.7792	0.2804
7:19:16	30.2	0.2403	0.9507	0.8829	0.3802	0.7515	0.7848	0.7718	0.9930	1.1839	0.8725	0.2506	0.3462	0.8958	0.8374	0.5978	0.2997	0.7096	0.2637	0.8485	0.8135	0.8402	0.2653	0.3544	1.0022	0.7233	0.3998	0.6199	0.5710	0.7424	0.2501	0.5827	0.5797	0.6339	0.7420	0.3184	0.7474	0.6803	0.3687	0.6032	0.7057	0.7441	0.2825	0.6223	0.2973	0.7436	0.4666	0.2570	1.0495	0.3384	0.5661	0.7172	0.7199	0.5501	0.2666	0.6466	0.6730	0.3219	0.6020	0.2659	0.6937	0.5734	0.8120	0.6450	0.6473	0.2470	0.2526	0.6160	0.3507	0.3092	0.5999	0.2481	0.6660	0.8640	0.7545	0.5617	0.6241	0.6013	0.2592	0.3054	0.5733	0.5559	0.6496	0.2609	0.3835	0.3079	0.8677	0.2965	0.7546	0.4580	0.7001	0.3327	0.6623	0.6845	0.6685	0.7999	0.2807
7:29:16	30.2	0.2403	0.9880	0.8935	0.3846	0.7886	0.8032	0.8099	1.0131	1.1913	0.8983	0.2504	0.3420	0.9228	0.8644	0.5831	0.2997	0.7463	0.2635	0.8724	0.8438	0.8712	0.2636	0.3532	1.0269	0.7292	0.4073	0.6186	0.5816	0.7494	0.2498	0.5786	0.5817	0.6286	0.7523	0.3136	0.7695	0.7241	0.3742	0.6315	0.7116	0.7701	0.2756	0.6303	0.2919	0.7695	0.4636	0.2567	1.0623	0.3405	0.5903	0.7068	0.7527	0.5632	0.2619	0.6355	0.6875	0.3175	0.6130	0.2656	0.7136	0.5895	0.8280	0.6692	0.6684	0.2437	0.2501	0.6254	0.3467	0.3045	0.6098	0.2475	0.6800	0.8919	0.7670	0.5678	0.6391	0.6137	0.2590	0.3091	0.5798	0.5498	0.6592	0.2606	0.3826	0.3075	0.8996	0.3025	0.7745	0.4626	0.7197	0.3330	0.6725	0.6938	0.6688	0.8427	0.2804
7:39:16	30.2	0.2403	1.0109	0.9128	0.3854	0.8334	0.8324	0.8150	1.0257	1.2017	0.9206	0.2503	0.3371	0.9518	0.8810	0.5685	0.2998	0.7480	0.2635	0.8887	0.8522	0.8777	0.2643	0.3518	1.0300	0.7435	0.4090	0.6313	0.6225	0.7430	0.2454	0.5885	0.5971	0.6483	0.7588	0.3086	0.7885	0.7494	0.3587	0.6455	0.7156	0.7968	0.2732	0.6480	0.2870	0.8020	0.4609	0.2567	1.0785	0.3423	0.6092	0.6892	0.7299	0.6181	0.2578	0.6357	0.7073	0.3126	0.6244	0.2655	0.7317	0.6043	0.8334	0.6996	0.6770	0.2416	0.2469	0.6460	0.3478	0.3016	0.6122	0.2480	0.7075	0.9155	0.7700	0.5869	0.6383	0.6379	0.2589	0.3076	0.6459	0.5860	0.6852	0.2607	0.3848	0.3075	0.9281	0.3025	0.7923	0.4655	0.7122	0.3330	0.6935	0.7216	0.7218	0.8746	0.2804
7:49:16	30.2	0.2402	1.0432	0.9459	0.3861	0.8660	0.8767	0.8638	1.0462	1.2079	0.9470	0.2504	0.3298	0.9726	0.9066	0.5778	0.2997	0.8084	0.2636	0.9204	0.8793	0.9111	0.2646	0.3501	1.0563	0.7826	0.4045	0.6572	0.6255	0.7552	0.2415	0.5797	0.5890	0.6381	0.7658	0.3026	0.8145	0.7695	0.3651	0.6842	0.7242	0.8110	0.2672	0.6420	0.2823	0.8182	0.4535	0.2566	1.0817	0.3454	0.6413	0.7082	0.7442	0.5920	0.2545	0.6322	0.7185	0.3119	0.5958	0.2655	0.7438	0.6164	0.8406	0.6816	0.7030	0.2392	0.2473	0.6646	0.3442	0.2971	0.6334	0.2480	0.7034	0.9353	0.7760	0.6063	0.6447	0.6572	0.2590	0.3099	0.6353	0.6006	0.6801	0.2607	0.3854	0.3077	0.9419	0.3026	0.8174	0.4691	0.7376	0.3332	0.7187	0.6999	0.7152	0.9086	0.2806
7:59:16	30.2	0.2402	1.0644	0.9558	0.3868	0.8922	0.8990	0.8875	1.0648	1.2200	0.9546	0.2503	0.3228	0.9923	0.9275	0.5783	0.2998	0.8349	0.2635	0.9409	0.9033	0.9394	0.2644	0.3480	1.0628	0.8121	0.4039	0.6660	0.6397	0.7553	0.2348	0.5868	0.5969	0.6364	0.7761	0.2966	0.8342	0.8063	0.3710	0.7100	0.7234	0.8379	0.2654	0.6502	0.2770	0.8361	0.4527	0.2566	1.0892	0.3488	0.6532	0.7079	0.7458	0.6005	0.2509	0.6356	0.7240	0.3075	0.6167	0.2655	0.7340	0.6321	0.8552	0.7039	0.7243	0.2381	0.2449	0.6620	0.3437	0.2939	0.6603	0.2479	0.7252	0.9592	0.7825	0.6099	0.6432	0.6750	0.2589	0.3108	0.6428	0.6043	0.6901	0.2607	0.3876	0.3078	0.9637	0.3026	0.8317	0.4729	0.7688	0.3336	0.7206	0.7075	0.7314	0.9332	0.2806
8:09:16	30.2	0.2403	1.0829	0.9683	0.3888	0.9210	0.9226	0.9270	1.0811	1.2292	0.9842	0.2505	0.3142	1.0176	0.9471	0.5826	0.3000	0.8520	0.2636	0.9688	0.9374	0.9651	0.2646	0.3456	1.0963	0.8360	0.4030	0.6752	0.6286	0.7583	0.2290	0.5735	0.6031	0.6298	0.7717	0.2916	0.8541	0.8200	0.3630	0.7249	0.7051	0.8496	0.2637	0.6580	0.2734	0.8355	0.4440	0.2569	1.0989	0.3530	0.6774	0.6775	0.7248	0.6055	0.2472	0.6438	0.7379	0.3016	0.6276	0.2655	0.7537	0.6518	0.8666	0.7112	0.7338	0.2364	0.2429	0.6744	0.3401	0.2912	0.6536	0.2477	0.7247	0.9902	0.7782	0.6254	0.6459	0.7029	0.2590	0.3115	0.6509	0.6207	0.6877	0.2608	0.3878	0.3079	0.9808	0.3007	0.8863	0.4762	0.7862	0.3331	0.7264	0.6898	0.7388	0.9315	0.2806
8:19:16	30.2	0.2405	1.1042	1.0107	0.3907	0.9502	0.9593	0.9335	1.0953	1.2388	0.9819	0.2505	0.3059	1.0428	0.9750	0.5851	0.3004	0.8937	0.2637	0.9848	0.9567	0.9748	0.2646	0.3430	1.1039	0.8629	0.4011	0.6805	0.6812	0.7690	0.2273	0.5723	0.6166	0.6218	0.7655	0.2892	0.8724	0.8514	0.3642	0.7455	0.7265	0.8858	0.2610	0.6680	0.2698	0.8389	0.4378	0.2569	1.1124	0.3572	0.6916	0.6711	0.7248	0.6188	0.2468	0.6401	0.7444	0.2987	0.6328	0.2659	0.7507	0.6798	0.8797	0.7130	0.7465	0.2320	0.2393	0.7150	0.3394	0.2824	0.6769	0.2480	0.7310	1.0019	0.8095	0.6377	0.6358	0.7279	0.2589	0.3129	0.6529	0.6185	0.7011	0.2608	0.3897	0.3079	0.9888	0.2967	0.8637	0.4804	0.7901	0.3329	0.7572	0.7191	0.7582	0.9600	0.2807
8:29:16	30.2	0.2403	1.1252	1.0305	0.3941	0.9834	0.9823	0.9697	1.1169	1.2486	0.9948	0.2505	0.2974	1.0578	1.0015	0.5873	0.3000	0.9082	0.2635	1.0107	0.9790	1.0055	0.2646	0.3395	1.1354	0.8932	0.3990	0.6820	0.6648	0.7751	0.2273	0.5762	0.6250	0.6306	0.7947	0.2846	0.8948	0.8773	0.3797	0.7628	0.7255	0.9164	0.2628	0.6775	0.2684	0.8262	0.4312	0.2568	1.1176	0.3616	0.7145	0.6772	0.7331	0.6252	0.2458	0.6414	0.7632	0.2956	0.6515	0.2656	0.7960	0.6883	0.8937	0.7238	0.7539	0.2260	0.2322	0.7361	0.3296	0.2777	0.7002	0.2479	0.7334	1.0187	0.8226	0.6383	0.6517	0.7353	0.2588	0.3130	0.6605	0.6648	0.7023	0.2608	0.3904	0.3076	1.0149	0.2983	0.8967	0.4838	0.8236	0.3331	0.7771	0.7308	0.7735	0.9891	0.2806
8:39:16	30.2	0.2403	1.1308	1.0381	0.3975	1.0026	0.9940	0.9887	1.1264	1.2590	1.0079	0.2506	0.2902	1.0752	1.0239	0.5887	0.3005	0.9346	0.2636	1.0221	1.0035	1.0278	0.2646	0.3358	1.1476	0.9120	0.3961	0.6882	0.6961	0.7967	0.2281	0.5694	0.6508	0.6221	0.8203	0.2796	0.9070	0.9055	0.3824	0.7681	0.7534	0.9295	0.2655	0.6920	0.2710	0.8114	0.4245	0.2569	1.1307	0.3653	0.7488	0.6775	0.7462	0.6342	0.2442	0.6415	0.7637	0.2950	0.6709	0.2656	0.8030	0.7114	0.9183	0.7536	0.7805	0.2172	0.2242	0.7157	0.3246	0.2779	0.7092	0.2478	0.7592	1.0317	0.8390	0.6697	0.6464	0.7497	0.2588	0.3139	0.6908	0.6671	0.7155	0.2608	0.3917	0.3077	1.0356	0.2973	0.8950	0.4887	0.8245	0.3333	0.7906	0.7323	0.7977	1.0048	0.2805
8:49:16	30.2	0.2403	1.1498	1.0597	0.3990	1.0275	1.0092	1.0138	1.1412	1.2668	1.0205	0.2505	0.2839	1.0901	1.0482	0.5968	0.3008	0.9664	0.2634	1.0514	1.0194	1.0496	0.2646	0.3311	1.1693	0.9298	0.3951	0.6906	0.6997	0.8151	0.2279	0.5708	0.6644	0.6411	0.8434	0.2778	0.9346	0.9374	0.3715	0.7847	0.7604	0.9513	0.2627	0.6980	0.2705	0.8316	0.4233	0.2568	1.1462	0.3700	0.7764	0.6985	0.7402	0.6407	0.2473	0.6503	0.7879	0.2959	0.6803	0.2658	0.8440	0.7172	0.9349	0.7742	0.8075	0.2147	0.2227	0.7477	0.3243	0.2783	0.7422	0.2480	0.7711	1.0585	0.8476	0.6879	0.6559	0.7754	0.2588	0.3155	0.7063	0.6790	0.7229	0.2609	0.3937	0.3076	1.0610	0.3001	0.9434	0.4955	0.8412	0.3337	0.8118	0.7495	0.8099	1.0270	0.2806
8:59:16	30.2	0.2402	1.1719	1.0819	0.3981	1.0449	1.0389	1.0311	1.1514	1.2731	1.0268	0.2506	0.2756	1.1092	1.0748	0.6009	0.3013	0.9868	0.2635	1.0661	1.0375	1.0640	0.2646	0.3256	1.1756	0.9685	0.3972	0.7018	0.7046	0.8257	0.2284	0.5757	0.6560	0.6417	0.8456	0.2711	0.9386	0.9540	0.3729	0.8126	0.7523	0.9708	0.2599	0.6944	0.2700	0.8568	0.4218	0.2567	1.1447	0.3757	0.8015	0.7223	0.7818	0.6485	0.2468	0.6569	0.7951	0.2908	0.6693	0.2658	0.8332	0.7343	0.9529	0.7873	0.8153	0.2152	0.2233	0.7660	0.3252	0.2789	0.7640	0.2477	0.7748	1.0797	0.8504	0.7003	0.6660	0.7916	0.2588	0.3159	0.7380	0.6922	0.7328	0.2607	0.3944	0.3078	1.1001	0.2968	0.9509	0.4999	0.8652	0.3340	0.8336	0.7459	0.8339	1.0287	0.2805
9:09:16	30.2	0.2403	1.1732	1.1065	0.4001	1.0646	1.0496	1.0520	1.1645	1.2831	1.0382	0.2504	0.2688	1.1214	1.0850	0.6058	0.3014	1.0049	0.2635	1.0851	1.0588	1.0701	0.2646	0.3188	1.1882	0.9856	0.3983	0.7208	0.7305	0.8455	0.2281	0.5800	0.6655	0.6480	0.8804	0.2660	0.9656	0.9850	0.3840	0.8407	0.7603	0.9857	0.2553	0.7128	0.2710	0.8566	0.4219	0.2569	1.1598	0.3803	0.8231	0.7310	0.7835	0.6728	0.2463	0.6587	0.8170	0.2889	0.6770	0.2655	0.8572	0.7479	0.9658	0.7976	0.8296	0.2155	0.2234	0.7626	0.3260	0.2787	0.7587	0.2481	0.7827	1.0943	0.8777	0.7191	0.6816	0.7931	0.2587	0.3162	0.7731	0.7072	0.7458	0.2606	0.3959	0.3079	1.1022	0.3002	0.9815	0.5073	0.8741	0.3350	0.8577	0.7525	0.8482	1.0463	0.2805
9:19:16	30.2	0.2403	1.1858	1.1250	0.4030	1.0772	1.0631	1.0651	1.1742	1.2889	1.0467	0.2507	0.2649	1.1361	1.1068	0.6116	0.3018	1.0233	0.2635	1.0961	1.0456	1.0766	0.2646	0.3103	1.1978	1.0071	0.4019	0.7414	0.7391	0.8733	0.2282	0.6029	0.6746	0.6668	0.9046	0.2620	0.9797	1.0033	0.3749	0.8494	0.7827	1.0037	0.2476	0.7054	0.2701	0.8791	0.4262	0.2567	1.1704	0.3862	0.8445	0.7656	0.7958	0.6857	0.2426	0.6576	0.8328	0.2877	0.6778	0.2657	0.8646	0.7550	0.9894	0.8187	0.8512	0.2154	0.2233	0.8027	0.3258	0.2789	0.7645	0.2476	0.7925	1.1076	0.8689	0.7369	0.6887	0.8486	0.2586	0.3167	0.8210	0.7284	0.7601	0.2606	0.3991	0.3079	1.1146	0.2986	1.0042	0.5148	0.8996	0.3348	0.8772	0.7735	0.8724	1.0680	0.2806
9:29:16	30.2	0.2405	1.1969	1.1332	0.4051	1.0948	1.0740	1.0870	1.1864	1.2983	1.0881	0.2503	0.2626	1.1491	1.1248	0.6161	0.3019	1.0431	0.2634	1.1059	1.0807	1.0950	0.2646	0.3002	1.2176	1.0174	0.4058	0.7607	0.7585	0.8734	0.2284	0.5874	0.6930	0.6584	0.9277	0.2586	1.0088	1.0341	0.3776	0.8771	0.7836	1.0168	0.2465	0.7291	0.2661	0.9100	0.4236	0.2567	1.1775	0.3927	0.8781	0.7678	0.8011	0.7121	0.2365	0.6642	0.8590	0.2894	0.6885	0.2655	0.8921	0.7678	0.9944	0.8331	0.8755	0.2155	0.2233	0.7876	0.3259	0.2792	0.7760	0.2478	0.8239	1.1273	0.9070	0.7519	0.7097	0.8688	0.2585	0.3173	0.8141	0.7201	0.7791	0.2607	0.3987	0.3077	1.1355	0.3001	1.0316	0.5224	0.9091	0.3350	0.8861	0.7730	0.8845	1.0779	0.2805
9:39:16	30.2	0.2402	1.2083	1.1512	0.4087	1.1127	1.0904	1.1024	1.1981	1.3047	1.0902	0.2505	0.2610	1.1564	1.1454	0.6211	0.3025	1.0563	0.2634	1.1187	1.0935	1.1103	0.2645	0.2895	1.2263	1.0353	0.4154	0.7599	0.7723	0.9009	0.2280	0.5989	0.7069	0.6708	0.9597	0.2586	1.0333	1.0592	0.4033	0.8943	0.8126	1.0564	0.2468	0.7580	0.2617	0.9432	0.4203	0.2568	1.1862	0.4001	0.9014	0.7744	0.8234	0.7350	0.2295	0.6661	0.8835	0.2879	0.6902	0.2655	0.9161	0.7876	1.0045	0.8559	0.9037	0.2155	0.2233	0.8134	0.3284	0.2792	0.7845	0.2478	0.8401	1.1445	0.9173	0.7778	0.7354	0.8816	0.2584	0.3181	0.8665	0.7354	0.8073	0.2607	0.4020	0.3077	1.1524	0.2967	1.0533	0.5323	0.9396	0.3365	0.9242	0.7862	0.8998	1.0980	0.2818
9:49:16	30.2	0.2402	1.2162	1.1763	0.4147	1.1254	1.1061	1.1164	1.2119	1.3138	1.1167	0.2507	0.2592	1.1688	1.1555	0.6305	0.3033	1.0750	0.2635	1.1279	1.1097	1.1338	0.2645	0.2807	1.2322	1.0550	0.4262	0.7807	0.7811	0.9239	0.2280	0.6093	0.7260	0.6851	0.9862	0.2591	1.0569	1.0776	0.3811	0.9223	0.8281	1.0633	0.2452	0.7838	0.2587	0.9692	0.4199	0.2571	1.2023	0.4080	0.9288	0.7917	0.8343	0.7578	0.2272	0.6650	0.9107	0.2830	0.7127	0.2658	0.9461	0.7980	1.0104	0.8758	0.9158	0.2157	0.2235	0.8211	0.3264	0.2795	0.8016	0.2478	0.8480	1.1533	0.9273	0.8223	0.7498	0.8964	0.2584	0.3184	0.8911	0.7443	0.8148	0.2607	0.4059	0.3078	1.1683	0.2990	1.0777	0.5425	0.9580	0.3362	0.9458	0.7842	0.9177	1.1119	0.2807
9:59:16	30.2	0.2403	1.2277	1.1926	0.4135	1.1361	1.1245	1.1349	1.2220	1.3241	1.1172	0.2504	0.2580	1.1771	1.1781	0.6340	0.3031	1.1005	0.2634	1.1445	1.1199	1.1442	0.2646	0.2771	1.2436	1.0622	0.4375	0.7919	0.8171	0.9281	0.2282	0.6072	0.7404	0.6948	1.0089	0.2595	1.0583	1.1086	0.3889	0.9301	0.8499	1.0838	0.2463	0.8244	0.2576	0.9969	0.4226	0.2568	1.2080	0.4176	0.9506	0.8170	0.8470	0.7676	0.2275	0.6771	0.9329	0.2801	0.7045	0.2654	0.9463	0.8252	1.0342	0.8882	0.9186	0.2157	0.2234	0.8315	0.3264	0.2803	0.8296	0.2477	0.8660	1.1738	0.9511	0.8403	0.7680	0.9273	0.2573	0.3200	0.9233	0.7489	0.8394	0.2608	0.4089	0.3079	1.1866	0.2983	1.1043	0.5522	0.9781	0.3377	0.9757	0.8037	0.9402	1.1249	0.2805
10:09:16	30.2	0.2403	1.2320	1.1995	0.4180	1.1493	1.1452	1.1497	1.2290	1.3284	1.1185	0.2504	0.2572	1.1866	1.1921	0.6368	0.3036	1.1196	0.2634	1.1561	1.1390	1.1588	0.2645	0.2715	1.2536	1.0698	0.4470	0.8152	0.8192	0.9589	0.2281	0.6302	0.7711	0.7210	1.0363	0.2597	1.0822	1.1289	0.4037	0.9514	0.8818	1.0922	0.2476	0.8534	0.2573	1.0221	0.4270	0.2567	1.2190	0.4251	0.9693	0.8233	0.8667	0.7872	0.2278	0.6893	0.9560	0.2805	0.7549	0.2656	0.9566	0.8584	1.0386	0.9072	0.9403	0.2156	0.2235	0.8471	0.3254	0.2801	0.8603	0.2480	0.8849	1.1864	0.9491	0.8642	0.7957	0.9557	0.2570	0.3211	0.9393	0.7887	0.8628	0.2607	0.4113	0.3078	1.2004	0.2978	1.1242	0.5626	0.9945	0.3391	0.9878	0.8113	0.9581	1.1404	0.2805
10:19:16	30.2	0.2402	1.2441	1.2143	0.4169	1.1715	1.1651	1.1675	1.2409	1.3390	1.1392	0.2504	0.2570	1.1926	1.2079	0.6442	0.3040	1.1368	0.2634	1.1659	1.1577	1.1797	0.2647	0.2664	1.2588	1.0839	0.4564	0.8167	0.8388	0.9664	0.2280	0.6272	0.8019	0.7352	1.0617	0.2599	1.1012	1.1488	0.3893	0.9717	0.8983	1.1097	0.2454	0.8686	0.2575	1.0425	0.4295	0.2569	1.2300	0.4360	0.9966	0.8479	0.8783	0.8006	0.2278	0.7055	0.9839	0.2819	0.7543	0.2657	0.9673	0.8603	1.0483	0.9287	0.9624	0.2158	0.2233	0.8722	0.3252	0.2807	0.8920	0.2479	0.8984	1.2018	0.9707	0.8304	0.8170	0.9905	0.2569	0.3222	0.9628	0.8322	0.8863	0.2608	0.4164	0.3078	1.2178	0.2957	1.1511	0.5737	1.0170	0.3405	1.0102	0.8220	0.9834	1.1495	0.2806
10:29:16	30.2	0.2402	1.2483	1.2292	0.4207	1.1943	1.1762	1.1837	1.2527	1.3486	1.1645	0.2507	0.2570	1.1994	1.2191	0.6494	0.3053	1.1567	0.2634	1.1765	1.1772	1.1830	0.2647	0.2624	1.2734	1.0770	0.4656	0.8315	0.8397	0.9795	0.2281	0.6250	0.8251	0.7426	1.0865	0.2600	1.1299	1.1685	0.4019	0.9806	0.9109	1.1207	0.2471	0.8804	0.2579	1.0633	0.4339	0.2569	1.2357	0.4455	0.9859	0.8524	0.8765	0.8044	0.2280	0.7149	1.0013	0.2831	0.7587	0.2656	0.9729	0.8300	1.0614	0.9521	0.9798	0.2157	0.2234	0.9012	0.3268	0.2811	0.9025	0.2478	0.9099	1.2132	0.9975	0.8638	0.8526	1.0210	0.2567	0.3233	0.9904	0.8444	0.9061	0.2610	0.4209	0.3078	1.2360	0.3014	1.1670	0.5848	1.0103	0.3427	1.0302	0.8400	1.0080	1.1627	0.2806
10:39:16	30.2	0.2404	1.2643	1.2438	0.4236	1.1967	1.1924	1.1899	1.2600	1.3541	1.1784	0.2507	0.2567	1.2069	1.2397	0.6534	0.3055	1.1633	0.2632	1.1854	1.1829	1.1891	0.2646	0.2612	1.2808	1.0890	0.4761	0.8552	0.8839	0.9933	0.2282	0.6399	0.8393	0.7621	1.1030	0.2600	1.1344	1.1862	0.3930	1.0026	0.9324	1.1328	0.2458	0.8969	0.2576	1.0846	0.4353	0.2568	1.2512	0.4552	1.0115	0.8747	0.9016	0.8330	0.2280	0.7336	1.0359	0.2839	0.7864	0.2658	0.9934	0.8456	1.0608	0.9760	0.9990	0.2157	0.2234	0.9366	0.3294	0.2818	0.9301	0.2478	0.9501	1.2283	1.0022	0.8937	0.8573	1.0509	0.2568	0.3239	1.0034	0.8727	0.9201	0.2609	0.4275	0.3080	1.2482	0.3003	1.1893	0.5948	1.0281	0.3454	1.0572	0.8472	1.0292	1.1740	0.2806
10:49:16	30.2	0.2404	1.2704	1.2551	0.4259	1.2178	1.2005	1.2055	1.2737	1.3634	1.1932	0.2506	0.2568	1.2147	1.2477	0.6616	0.3067	1.1856	0.2632	1.1983	1.1999	1.1984	0.2646	0.2611	1.2812	1.0980	0.4842	0.8709	0.8964	0.9963	0.2282	0.6509	0.8573	0.7759	1.1203	0.2601	1.1554	1.1995	0.3975	1.0199	0.9366	1.1439	0.2450	0.9213	0.2581	1.1123	0.4374	0.2569	1.2582	0.4678	1.0218	0.8716	0.9162	0.8361	0.2280	0.7519	1.0575	0.2836	0.7917	0.2656	0.9966	0.8592	1.0628	1.0047	1.0139	0.2157	0.2235	0.9683	0.3280	0.2817	0.9536	0.2478	0.9727	1.2399	1.0211	0.9242	0.8972	1.0751	0.2567	0.3252	1.0322	0.8945	0.9485	0.2608	0.4308	0.3079	1.2650	0.2980	1.2093	0.6080	1.0489	0.3471	1.0815	0.8526	1.0551	1.1907	0.2805
10:59:16	30.2	0.2402	1.2702	1.2740	0.4268	1.2244	1.2253	1.2157	1.2813	1.3673	1.1993	0.2506	0.2567	1.2220	1.2668	0.6676	0.3074	1.2023	0.2632	1.2084	1.2063	1.2167	0.2646	0.2610	1.3041	1.1067	0.4917	0.8916	0.9171	1.0196	0.2282	0.6706	0.8850	0.8019	1.1312	0.2601	1.1589	1.2165	0.4148	1.0304	0.9500	1.1587	0.2468	0.9473	0.2579	1.1366	0.4424	0.2569	1.2634	0.4787	1.0454	0.8956	0.9416	0.8675	0.2278	0.7730	1.0787	0.2850	0.8184	0.2657	1.0339	0.8696	1.0825	1.0200	1.0334	0.2157	0.2234	1.0035	0.3292	0.2826	0.9715	0.2479	0.9964	1.2508	1.0284	0.9518	0.9226	1.1046	0.2565	0.3262	1.0333	0.9040	0.9656	0.2608	0.4385	0.3077	1.2752	0.2968	1.2178	0.6206	1.0579	0.3493	1.0997	0.8610	1.0801	1.1872	0.2806
11:09:16	30.2	0.2402	1.2791	1.2753	0.4326	1.2427	1.2296	1.2304	1.2949	1.3730	1.2140	0.2509	0.2571	1.2282	1.2712	0.6706	0.3083	1.2074	0.2632	1.2156	1.2075	1.2181	0.2647	0.2614	1.3092	1.1098	0.5014	0.9159	0.9392	1.0305	0.2283	0.6857	0.9021	0.8186	1.1550	0.2602	1.1706	1.2354	0.4005	1.0557	0.9669	1.1668	0.2472	0.9639	0.2581	1.1439	0.4485	0.2570	1.2784	0.4893	1.0712	0.9020	0.9549	0.8755	0.2281	0.7943	1.0966	0.2851	0.8195	0.2656	1.0704	0.8821	1.0866	1.0386	1.0600	0.2158	0.2235	1.0269	0.3269	0.2824	0.9978	0.2475	1.0347	1.2596	1.0463	0.9759	0.9347	1.1226	0.2566	0.3277	1.0595	0.9168	0.9832	0.2608	0.4423	0.3078	1.2915	0.2980	1.2393	0.6330	1.0675	0.3525	1.1197	0.8932	1.0805	1.2053	0.2809
11:19:16	30.2	0.2404	1.2847	1.2852	0.4324	1.2507	1.2448	1.2351	1.3011	1.3808	1.2149	0.2506	0.2569	1.2362	1.2817	0.6749	0.3093	1.2299	0.2632	1.2241	1.2250	1.2371	0.2647	0.2613	1.3102	1.1232	0.5083	0.9444	0.9664	1.0438	0.2279	0.7071	0.9280	0.8471	1.1701	0.2602	1.1791	1.2477	0.4061	1.0686	0.9838	1.1795	0.2474	0.9979	0.2579	1.1697	0.4533	0.2569	1.2922	0.4981	1.0867	0.9298	0.9804	0.9023	0.2279	0.8122	1.1121	0.2866	0.8546	0.2657	1.0766	0.8842	1.0964	1.0625	1.0769	0.2158	0.2235	1.0697	0.3276	0.2822	1.0371	0.2477	1.0493	1.2726	1.0486	1.0020	0.9552	1.1455	0.2567	0.3294	1.0768	0.9514	0.9996	0.2608	0.4453	0.3080	1.3019	0.3005	1.2493	0.6471	1.0937	0.3545	1.1337	0.9071	1.1215	1.2119	0.2806
11:29:16	30.2	0.2403	1.2938	1.2947	0.4390	1.2616	1.2449	1.2437	1.3109	1.3873	1.2144	0.2507	0.2571	1.2421	1.2882	0.6785	0.3111	1.2459	0.2633	1.2382	1.2254	1.2446	0.2647	0.2616	1.3165	1.1227	0.5155	0.9631	0.9869	1.0556	0.2284	0.7169	0.9322	0.8659	1.1666	0.2604	1.1849	1.2585	0.4305	1.0811	0.9896	1.1962	0.2475	1.0276	0.2580	1.1789	0.4539	0.2570	1.2959	0.5091	1.1005	0.9294	0.9862	0.9240	0.2280	0.8381	1.1367	0.2867	0.8776	0.2657	1.0994	0.8901	1.1051	1.0866	1.1016	0.2158	0.2235	1.0919	0.3246	0.2828	1.0482	0.2478	1.0615	1.2842	1.0657	1.0284	0.9796	1.1722	0.2563	0.3302	1.0976	0.9685	1.0209	0.2609	0.4501	0.3079	1.3140	0.2943	1.2721	0.6609	1.0991	0.3590	1.1567	0.9313	1.1284	1.2263	0.2808
11:39:16	30.2	0.2403	1.2998	1.3012	0.4404	1.2681	1.2583	1.2545	1.3178	1.3937	1.2070	0.2506	0.2567	1.2484	1.3004	0.6843	0.3125	1.2518	0.2632	1.2449	1.2431	1.2605	0.2646	0.2616	1.3285	1.1309	0.5211	0.9850	1.0166	1.0663	0.2284	0.7348	0.9657	0.8920	1.1830	0.2604	1.2006	1.2680	0.4098	1.1034	1.0114	1.2063	0.2457	1.0506	0.2579	1.1982	0.4603	0.2570	1.3055	0.5211	1.1210	0.9458	1.0041	0.9357	0.2278	0.8693	1.1491	0.2876	0.9167	0.2656	1.1273	0.8830	1.1107	1.0984	1.1238	0.2157	0.2232	1.1176	0.3243	0.2838	1.0690	0.2477	1.0859	1.2957	1.0821	1.0579	0.9945	1.1877	0.2564	0.3339	1.1169	1.0024	1.0351	0.2609	0.4538	0.3078	1.3246	0.2990	1.2844	0.6754	1.1144	0.3642	1.1739	0.9416	1.1471	1.2384	0.2806
11:49:16	30.2	0.2403	1.3063	1.3117	0.4461	1.2867	1.2674	1.2600	1.3252	1.3992	1.2435	0.2505	0.2571	1.2566	1.3155	0.6898	0.3146	1.2706	0.2633	1.2532	1.2570	1.2582	0.2646	0.2615	1.3306	1.1345	0.5300	1.0105	1.0377	1.0794	0.2282	0.7592	0.9655	0.9149	1.2093	0.2603	1.2198	1.2880	0.4205	1.1218	1.0289	1.2280	0.2476	1.0842	0.2580	1.2018	0.4680	0.2569	1.3168	0.5320	1.1400	0.9582	1.0248	0.9744	0.2279	0.8905	1.1700	0.2887	0.9586	0.2656	1.1237	0.9089	1.1232	1.1206	1.1393	0.2157	0.2234	1.1469	0.3246	0.2840	1.0909	0.2479	1.1073	1.3054	1.0976	1.0784	1.0164	1.2050	0.2562	0.3366	1.1318	1.0264	1.0556	0.2609	0.4567	0.3079	1.3382	0.2972	1.2922	0.6892	1.1242	0.3703	1.1914	0.9613	1.1552	1.2423	0.2806
11:59:16	30.2	0.2402	1.3172	1.3180	0.4478	1.2933	1.2739	1.2599	1.3335	1.4042	1.2482	0.2506	0.2569	1.2637	1.3122	0.6961	0.3163	1.2777	0.2632	1.2630	1.2688	1.2696	0.2647	0.2617	1.3411	1.1569	0.5354	1.0325	1.0662	1.0913	0.2283	0.7825	1.0147	0.9338	1.2166	0.2603	1.2306	1.2982	0.4179	1.1435	1.0373	1.2394	0.2477	1.1044	0.2579	1.2246	0.4761	0.2570	1.3301	0.5437	1.1554	0.9725	1.0365	1.0155	0.2281	0.9143	1.1702	0.2895	0.9989	0.2657	1.1317	0.9131	1.1269	1.1472	1.1690	0.2158	0.2234	1.1613	0.3257	0.2848	1.1138	0.2477	1.1074	1.3165	1.0925	1.1088	1.0299	1.2208	0.2562	0.3398	1.1497	1.0511	1.0670	0.2608	0.4609	0.3078	1.3480	0.2977	1.3097	0.7020	1.1533	0.3765	1.1972	0.9755	1.1788	1.2551	0.2806
12:09:16	30.2	0.2404	1.3246	1.3278	0.4504	1.3038	1.2903	1.2778	1.3418	1.4123	1.2452	0.2506	0.2570	1.2722	1.3308	0.7001	0.3174	1.2856	0.2634	1.2694	1.2739	1.2684	0.2648	0.2618	1.3380	1.1580	0.5431	1.0534	1.0858	1.0993	0.2286	0.7974	1.0318	0.9543	1.2246	0.2604	1.2432	1.3126	0.4263	1.1512	1.0525	1.2468	0.2463	1.1197	0.2581	1.2367	0.4853	0.2572	1.3407	0.5569	1.1663	0.9929	1.0498	1.0407	0.2283	0.9489	1.1782	0.2914	1.0130	0.2658	1.1258	0.9233	1.1433	1.1578	1.1759	0.2159	0.2235	1.1704	0.3279	0.2853	1.1319	0.2482	1.1180	1.3275	1.1084	1.1209	1.0495	1.2243	0.2564	0.3420	1.1599	1.0714	1.0795	0.2609	0.4714	0.3080	1.3600	0.2959	1.3184	0.7151	1.1549	0.3811	1.2123	0.9754	1.2082	1.2622	0.2808
12:19:16	30.2	0.2404	1.3324	1.3371	0.4530	1.3053	1.3022	1.2798	1.3510	1.4184	1.2610	0.2508	0.2568	1.2787	1.3344	0.7054	0.3187	1.2816	0.2633	1.2792	1.2863	1.2857	0.2648	0.2618	1.3601	1.1652	0.5520	1.0793	1.1026	1.1008	0.2286	0.8181	1.0617	0.9718	1.2417	0.2603	1.2519	1.3252	0.4228	1.1682	1.0531	1.2626	0.2474	1.1298	0.2579	1.2330	0.4923	0.2572	1.3461	0.5686	1.1823	0.9887	1.0610	1.0533	0.2281	0.9699	1.1955	0.2914	1.0242	0.2658	1.1372	0.9276	1.1470	1.1773	1.1959	0.2159	0.2234	1.1820	0.3295	0.2866	1.1532	0.2479	1.1318	1.3418	1.1173	1.1330	1.0677	1.2385	0.2563	0.3442	1.1792	1.1006	1.0954	0.2610	0.4767	0.3080	1.3687	0.2978	1.3261	0.7262	1.1747	0.3856	1.2298	0.9853	1.2135	1.2719	0.2807
12:29:16	30.2	0.2406	1.3379	1.3413	0.4587	1.3125	1.3068	1.2906	1.3586	1.4220	1.2680	0.2508	0.2569	1.2880	1.3548	0.7062	0.3223	1.2942	0.2635	1.2874	1.2836	1.3019	0.2648	0.2619	1.3575	1.1656	0.5585	1.0953	1.1258	1.1068	0.2286	0.8360	1.0750	0.9914	1.2486	0.2606	1.2610	1.3350	0.4291	1.1845	1.0701	1.2698	0.2480	1.1538	0.2580	1.2517	0.5015	0.2573	1.3548	0.5781	1.1955	1.0017	1.0753	1.0780	0.2282	0.9975	1.2036	0.2923	1.0519	0.2659	1.1619	0.9529	1.1586	1.1878	1.2109	0.2159	0.2235	1.2011	0.3272	0.2864	1.1575	0.2479	1.1540	1.3494	1.1340	1.1701	1.0910	1.2587	0.2562	0.3482	1.1924	1.1129	1.1149	0.2611	0.4833	0.3080	1.3810	0.2981	1.3417	0.7433	1.1845	0.3911	1.2510	0.9928	1.2348	1.2724	0.2808
12:39:16	30.2	0.2404	1.3475	1.3615	0.4617	1.3301	1.3235	1.3010	1.3651	1.4277	1.2694	0.2508	0.2570	1.2969	1.3532	0.7122	0.3251	1.3090	0.2635	1.2927	1.2992	1.3106	0.2650	0.2619	1.3638	1.1788	0.5665	1.1138	1.1399	1.1229	0.2283	0.8572	1.0982	1.0109	1.2638	0.2606	1.2688	1.3454	0.4297	1.1978	1.0824	1.2890	0.2461	1.1683	0.2580	1.2629	0.5115	0.2570	1.3614	0.5894	1.2179	1.0248	1.0978	1.0934	0.2283	1.0187	1.2128	0.2950	1.0881	0.2659	1.1639	0.9678	1.1699	1.2011	1.2237	0.2160	0.2237	1.2004	0.3292	0.2868	1.1766	0.2482	1.1610	1.3607	1.1435	1.1841	1.1057	1.2694	0.2562	0.3517	1.1963	1.1216	1.1315	0.2611	0.4978	0.3080	1.3912	0.2963	1.3433	0.7525	1.1991	0.3969	1.2525	0.9997	1.2394	1.2828	0.2808
12:49:16	30.2	0.2402	1.3538	1.3691	0.4655	1.3382	1.3181	1.2939	1.3719	1.4310	1.2574	0.2509	0.2571	1.3053	1.3717	0.7194	0.3286	1.3178	0.2633	1.2992	1.3095	1.3130	0.2647	0.2616	1.3711	1.1872	0.5737	1.1355	1.1435	1.1337	0.2286	0.8779	1.1202	1.0316	1.2781	0.2604	1.2779	1.3529	0.4496	1.2192	1.0994	1.2913	0.2458	1.1802	0.2581	1.2696	0.5234	0.2570	1.3696	0.6021	1.2200	1.0362	1.1100	1.1168	0.2278	1.0384	1.2311	0.2961	1.0996	0.2654	1.1591	0.9724	1.1822	1.2132	1.2385	0.2159	0.2235	1.2236	0.3304	0.2876	1.1955	0.2479	1.1638	1.3688	1.1438	1.2019	1.1198	1.2813	0.2562	0.3566	1.2114	1.1433	1.1384	0.2607	0.5093	0.3078	1.3990	0.2962	1.3563	0.7642	1.2092	0.4023	1.2621	1.0101	1.2525	1.2903	0.2806
12:59:16	30.2	0.2404	1.3575	1.3772	0.4681	1.3362	1.3196	1.3195	1.3804	1.4382	1.2805	0.2506	0.2570	1.3126	1.3685	0.7259	0.3310	1.3279	0.2634	1.3049	1.3095	1.3225	0.2647	0.2616	1.3900	1.1829	0.5813	1.1531	1.1694	1.1349	0.2281	0.8987	1.1251	1.0407	1.2857	0.2603	1.2940	1.3673	0.4392	1.2270	1.1043	1.2943	0.2473	1.1842	0.2579	1.2829	0.5345	0.2570	1.3785	0.6128	1.2345	1.0479	1.1109	1.1396	0.2281	1.0548	1.2364	0.2983	1.1185	0.2657	1.1650	0.9735	1.1847	1.2306	1.2510	0.2158	0.2234	1.2283	0.3280	0.2883	1.2061	0.2478	1.1877	1.3797	1.1600	1.2208	1.1483	1.2954	0.2561	0.3609	1.2142	1.1432	1.1531	0.2607	0.5162	0.3080	1.4098	0.2987	1.3680	0.7756	1.2121	0.4096	1.2783	1.0229	1.2568	1.2948	0.2807
13:09:16	30.2	0.2404	1.3626	1.3834	0.4762	1.3498	1.3406	1.3213	1.3864	1.4432	1.2936	0.2506	0.2569	1.3204	1.3785	0.7278	0.3369	1.3352	0.2635	1.3131	1.3129	1.3324	0.2647	0.2617	1.3948	1.2011	0.5903	1.1653	1.1824	1.1424	0.2284	0.9236	1.1424	1.0571	1.2984	0.2604	1.3160	1.3739	0.4635	1.2394	1.1114	1.3043	0.2475	1.1950	0.2581	1.2747	0.5467	0.2570	1.3824	0.6210	1.2469	1.0484	1.1345	1.1635	0.2281	1.0785	1.2529	0.3002	1.1342	0.2658	1.1637	0.9807	1.1910	1.2453	1.2670	0.2159	0.2234	1.2520	0.3291	0.2887	1.2130	0.2478	1.1780	1.3886	1.1714	1.2306	1.1564	1.3051	0.2564	0.3656	1.2332	1.1577	1.1716	0.2610	0.5256	0.3080	1.4174	0.2971	1.3800	0.7863	1.2284	0.4186	1.2773	1.0237	1.2673	1.3083	0.2808
13:19:16	30.2	0.2404	1.3720	1.3919	0.4819	1.3546	1.3395	1.3287	1.3946	1.4479	1.2926	0.2506	0.2569	1.3330	1.3930	0.7377	0.3408	1.3382	0.2634	1.3217	1.3316	1.3465	0.2649	0.2618	1.3938	1.1979	0.5990	1.1820	1.2045	1.1571	0.2281	0.9499	1.1608	1.0736	1.3061	0.2605	1.3285	1.3824	0.4500	1.2553	1.1253	1.3125	0.2465	1.2122	0.2580	1.2985	0.5596	0.2570	1.3903	0.6287	1.2578	1.0631	1.1496	1.1766	0.2281	1.1008	1.2588	0.3022	1.1536	0.2657	1.1662	0.9772	1.2122	1.2590	1.2791	0.2159	0.2236	1.2670	0.3299	0.2894	1.2158	0.2478	1.1856	1.3975	1.1831	1.2601	1.1721	1.3198	0.2559	0.3710	1.2425	1.1809	1.1892	0.2610	0.5382	0.3080	1.4245	0.2971	1.3884	0.7991	1.2405	0.4263	1.2973	1.0392	1.2731	1.3223	0.2808
13:29:16	30.2	0.2405	1.3770	1.3988	0.4921	1.3632	1.3508	1.3374	1.4007	1.4533	1.2932	0.2507	0.2571	1.3374	1.3938	0.7409	0.3481	1.3501	0.2635	1.3285	1.3440	1.3550	0.2648	0.2619	1.4003	1.2107	0.6098	1.1993	1.2195	1.1626	0.2284	0.9783	1.1772	1.0895	1.3089	0.2605	1.3402	1.3916	0.4614	1.2647	1.1383	1.3243	0.2459	1.2267	0.2583	1.2991	0.5731	0.2571	1.4000	0.6362	1.2721	1.0739	1.1656	1.1863	0.2283	1.1206	1.2747	0.3041	1.1489	0.2658	1.1984	1.0011	1.2100	1.2692	1.2917	0.2160	0.2236	1.2742	0.3299	0.2915	1.2407	0.2480	1.1977	1.4070	1.1930	1.2719	1.1917	1.3313	0.2559	0.3774	1.2550	1.1894	1.2010	0.2609	0.5474	0.3080	1.4369	0.2974	1.3938	0.8071	1.2521	0.4344	1.3093	1.0467	1.2842	1.3392	0.2810
13:39:16	30.2	0.2402	1.3823	1.4061	0.4983	1.3713	1.3591	1.3438	1.4046	1.4583	1.3011	0.2505	0.2571	1.3414	1.4076	0.7477	0.3550	1.3604	0.2634	1.3312	1.3478	1.3624	0.2647	0.2618	1.4057	1.2171	0.6197	1.2158	1.2367	1.1735	0.2284	0.9988	1.1920	1.0951	1.3260	0.2604	1.3404	1.3982	0.4639	1.2750	1.1571	1.3352	0.2476	1.2454	0.2579	1.3154	0.5914	0.2569	1.4052	0.6451	1.2814	1.0833	1.1840	1.1966	0.2280	1.1390	1.2882	0.3067	1.1753	0.2657	1.2018	1.0178	1.2193	1.2854	1.3044	0.2159	0.2235	1.2917	0.3276	0.2919	1.2408	0.2478	1.1950	1.4180	1.2105	1.2902	1.2109	1.3462	0.2557	0.3883	1.2601	1.2029	1.2142	0.2608	0.5583	0.3079	1.4431	0.2969	1.4137	0.8219	1.2632	0.4415	1.3158	1.0587	1.2917	1.3433	0.2807
13:49:16	30.1	0.2404	1.3914	1.4099	0.4996	1.3792	1.3708	1.3542	1.4126	1.4650	1.2975	0.2506	0.2570	1.3563	1.4165	0.7578	0.3614	1.3693	0.2636	1.3404	1.3577	1.3825	0.2647	0.2619	1.4112	1.2260	0.6321	1.2318	1.2499	1.1822	0.2284	1.0212	1.2018	1.1086	1.3286	0.2605	1.3491	1.4079	0.4666	1.2863	1.1624	1.3358	0.2465	1.2558	0.2581	1.3297	0.6051	0.2570	1.4149	0.6533	1.2960	1.0999	1.1855	1.2161	0.2282	1.1562	1.2929	0.3101	1.1944	0.2657	1.2071	1.0271	1.2320	1.2962	1.3152	0.2159	0.2235	1.3024	0.3268	0.2941	1.2548	0.2478	1.2097	1.4210	1.2173	1.3051	1.2219	1.3563	0.2557	0.3982	1.2687	1.2164	1.2271	0.2609	0.5668	0.3081	1.4547	0.2969	1.4157	0.8317	1.2735	0.4495	1.3245	1.0681	1.3033	1.3545	0.2806
13:59:16	30.2	0.2402	1.3983	1.4290	0.5064	1.3874	1.3830	1.3596	1.4157	1.4735	1.2983	0.2507	0.2569	1.3586	1.4233	0.7666	0.3683	1.3713	0.2634	1.3438	1.3730	1.3857	0.2647	0.2617	1.4020	1.2383	0.6421	1.2441	1.2624	1.1992	0.2283	1.0505	1.2149	1.1264	1.3395	0.2605	1.3493	1.4172	0.4947	1.3011	1.1754	1.3469	0.2449	1.2621	0.2580	1.3328	0.6221	0.2571	1.4206	0.6634	1.3079	1.1114	1.2064	1.2415	0.2281	1.1731	1.3046	0.3130	1.1940	0.2658	1.2106	1.0439	1.2404	1.3104	1.3325	0.2158	0.2236	1.3148	0.3285	0.2960	1.2635	0.2478	1.2006	1.4303	1.2167	1.3197	1.2367	1.3659	0.2559	0.4082	1.2865	1.2357	1.2443	0.2608	0.5748	0.3079	1.4628	0.2967	1.4239	0.8441	1.2864	0.4569	1.3241	1.0809	1.3117	1.3614	0.2807
14:09:16	30.2	0.2402	1.4033	1.4384	0.5201	1.3990	1.3885	1.3682	1.4238	1.4855	1.3165	0.2509	0.2570	1.3689	1.4387	0.7730	0.3774	1.3843	0.2636	1.3513	1.3776	1.3903	0.2648	0.2619	1.4089	1.2454	0.6522	1.2601	1.2799	1.2080	0.2283	1.0660	1.2302	1.1480	1.3579	0.2606	1.3592	1.4298	0.4796	1.3114	1.1847	1.3601	0.2471	1.2659	0.2580	1.3381	0.6398	0.2571	1.4299	0.6706	1.3165	1.1166	1.2181	1.2480	0.2282	1.1919	1.3107	0.3152	1.2172	0.2657	1.2177	1.0566	1.2459	1.3201	1.3388	0.2159	0.2235	1.3295	0.3256	0.2979	1.2700	0.2478	1.2106	1.4408	1.2391	1.3261	1.2563	1.3793	0.2557	0.4186	1.2924	1.2428	1.2562	0.2610	0.5772	0.3080	1.4639	0.2970	1.4367	0.8568	1.3038	0.4639	1.3385	1.0892	1.3248	1.3801	0.2807
14:19:16	30.2	0.2403	1.4111	1.4452	0.5239	1.4093	1.3963	1.3766	1.4316	1.4938	1.3236	0.2507	0.2569	1.3743	1.4408	0.7853	0.3885	1.3911	0.2636	1.3561	1.3939	1.3890	0.2649	0.2619	1.4114	1.2488	0.6635	1.2739	1.2925	1.2163	0.2284	1.0833	1.2289	1.1628	1.3719	0.2606	1.3596	1.4370	0.5009	1.3255	1.1942	1.3731	0.2458	1.2886	0.2581	1.3538	0.6557	0.2572	1.4388	0.6747	1.3273	1.1260	1.2293	1.2622	0.2283	1.2066	1.3206	0.3169	1.2302	0.2658	1.2311	1.0720	1.2587	1.3316	1.3521	0.2160	0.2235	1.3352	0.3261	0.2979	1.2772	0.2479	1.2129	1.4550	1.2484	1.3459	1.2724	1.3848	0.2560	0.4269	1.2909	1.2522	1.2723	0.2609	0.5864	0.3081	1.4734	0.2977	1.4470	0.8789	1.3100	0.4691	1.3516	1.0936	1.3328	1.3732	0.2809
14:29:16	30.2	0.2403	1.4185	1.4532	0.5314	1.4221	1.3998	1.3935	1.4340	1.4958	1.3189	0.2507	0.2569	1.3811	1.4605	0.7966	0.3946	1.3982	0.2635	1.3629	1.3931	1.4015	0.2647	0.2618	1.4079	1.2555	0.6750	1.2831	1.3130	1.2329	0.2286	1.1064	1.2348	1.1730	1.3801	0.2604	1.3604	1.4378	0.4919	1.3362	1.2060	1.3819	0.2456	1.3033	0.2580	1.3607	0.6673	0.2570	1.4449	0.6852	1.3357	1.1448	1.2385	1.2699	0.2282	1.2185	1.3309	0.3249	1.2501	0.2658	1.2294	1.0974	1.2671	1.3421	1.3604	0.2159	0.2235	1.3392	0.3286	0.2997	1.2996	0.2477	1.2344	1.4549	1.2467	1.3560	1.2824	1.3914	0.2557	0.4352	1.3062	1.2649	1.2863	0.2608	0.5990	0.3079	1.4766	0.2970	1.4441	0.8890	1.3193	0.4789	1.3578	1.1086	1.3371	1.3748	0.2808
14:39:16	30.2	0.2403	1.4257	1.4647	0.5414	1.4293	1.4107	1.3975	1.4448	1.4989	1.3346	0.2505	0.2569	1.3903	1.4542	0.8046	0.4058	1.4051	0.2635	1.3721	1.3946	1.3984	0.2647	0.2617	1.4222	1.2672	0.6838	1.3014	1.3187	1.2388	0.2280	1.1236	1.2625	1.1926	1.3900	0.2604	1.3663	1.4479	0.4955	1.3468	1.2198	1.3826	0.2479	1.3083	0.2582	1.3740	0.6823	0.2568	1.4543	0.6910	1.3472	1.1552	1.2494	1.2841	0.2281	1.2321	1.3426	0.3284	1.2544	0.2657	1.2539	1.1165	1.2748	1.3542	1.3694	0.2157	0.2234	1.3557	0.3244	0.3004	1.3053	0.2476	1.2264	1.4650	1.2626	1.3678	1.2960	1.4014	0.2557	0.4457	1.3097	1.2737	1.2989	0.2608	0.6037	0.3079	1.4869	0.2982	1.4510	0.8992	1.3322	0.4864	1.3644	1.1109	1.3525	1.3863	0.2806
14:49:16	30.2	0.2402	1.4328	1.4660	0.5497	1.4370	1.4124	1.4012	1.4494	1.5008	1.3278	0.2507	0.2570	1.4031	1.4652	0.8159	0.4150	1.4252	0.2636	1.3762	1.4047	1.4113	0.2647	0.2619	1.4114	1.2820	0.6973	1.3129	1.3300	1.2478	0.2282	1.1450	1.2690	1.2091	1.3934	0.2604	1.3647	1.4594	0.5222	1.3572	1.2324	1.3979	0.2453	1.3214	0.2579	1.3885	0.6964	0.2570	1.4589	0.6988	1.3528	1.1669	1.2645	1.2943	0.2281	1.2449	1.3623	0.3325	1.2657	0.2657	1.2545	1.1274	1.2816	1.3605	1.3781	0.2159	0.2236	1.3633	0.3233	0.3041	1.3149	0.2477	1.2187	1.4722	1.2692	1.3789	1.3069	1.4108	0.2559	0.4549	1.3239	1.2886	1.3136	0.2608	0.6154	0.3080	1.4908	0.2979	1.4597	0.9146	1.3440	0.4938	1.3771	1.1196	1.3617	1.3855	0.2808
14:59:16	30.2	0.2405	1.4391	1.4798	0.5658	1.4367	1.4218	1.4081	1.4579	1.5032	1.3343	0.2509	0.2571	1.4045	1.4687	0.8241	0.4274	1.4273	0.2638	1.3842	1.4021	1.4137	0.2648	0.2619	1.4156	1.2884	0.7088	1.3243	1.3414	1.2594	0.2286	1.1556	1.2872	1.2141	1.3990	0.2606	1.3685	1.4630	0.5074	1.3670	1.2410	1.4092	0.2477	1.3404	0.2580	1.4026	0.7087	0.2570	1.4633	0.7113	1.3691	1.1755	1.2743	1.3038	0.2282	1.2587	1.3798	0.3373	1.2732	0.2657	1.2589	1.1495	1.2941	1.3739	1.3888	0.2160	0.2235	1.3702	0.3260	0.3053	1.3253	0.2478	1.2271	1.4764	1.2849	1.3910	1.3216	1.4196	0.2559	0.4647	1.3321	1.2930	1.3289	0.2609	0.6179	0.3081	1.4948	0.2973	1.4627	0.9245	1.3573	0.5016	1.3815	1.1296	1.3635	1.3857	0.2808
15:09:16	30.2	0.2402	1.4443	1.4799	0.5691	1.4313	1.4259	1.4080	1.4724	1.5108	1.3339	0.2507	0.2569	1.4113	1.4799	0.8370	0.4398	1.4400	0.2636	1.3883	1.4092	1.4137	0.2647	0.2618	1.4079	1.2901	0.7218	1.3359	1.3543	1.2743	0.2284	1.1671	1.3000	1.2333	1.4036	0.2605	1.3671	1.4748	0.5183	1.3786	1.2475	1.4240	0.2476	1.3543	0.2581	1.4101	0.7179	0.2570	1.4714	0.7221	1.3765	1.1918	1.2815	1.3208	0.2281	1.2698	1.3854	0.3490	1.2835	0.2657	1.2630	1.1656	1.3080	1.3840	1.3980	0.2158	0.2235	1.3878	0.3276	0.3067	1.3320	0.2476	1.2336	1.4819	1.2966	1.4044	1.3317	1.4361	0.2558	0.4733	1.3426	1.3039	1.3400	0.2605	0.6300	0.3078	1.4969	0.2983	1.4616	0.9363	1.3638	0.5087	1.3824	1.1368	1.3647	1.3958	0.2808
