

Software Version	3.14.03



Experiment File Path:	C:\Users\Public\Documents\Experiments\Hermina\serial_passage\5Aug24\day3--5Aug24.xpt
Protocol File Path:	C:\Users\Public\Documents\Protocols\rough_growth_curve.prt



Plate Number	Plate 1
Date	07/08/2024
Time	14:00:37
Reader Type:	Epoch 2
Reader Serial Number:	23053024
Reading Type	Reader

Procedure Details

Plate Type	96 WELL PLATE (Use plate lid)
Well Selection	Runtime
Eject plate on completion	
Set Temperature	Setpoint 30°C, Gradient 1 °C
	Preheat before moving to next step
Read	OD 600
	Absorbance Endpoint
	Full Plate
	Wavelengths:  600
	Read Speed: Normal,  Delay: 100 msec,  Measurements/Data Point: 8
Start Kinetic	Runtime 24:00:00 (HH:MM:SS), Interval 0:10:00, 145 Reads
    Shake	Double Orbital: Continuous
	Frequency: 205 cpm (5 mm)
    Read	Absorbance Endpoint
	Full Plate
	Wavelengths:  600
	Read Speed: Normal,  Delay: 100 msec,  Measurements/Data Point: 8
End Kinetic	

OD 600:600

0:09:16	30.1	0.2853	0.2919	0.3202	0.2982	0.3000	0.2954	0.2936	0.3072	0.3098	0.3019	0.2749	0.2829	0.2938	0.3032	0.2864	0.2823	0.2873	0.2657	0.3102	0.2954	0.3120	0.2641	0.2792	0.2978	0.2923	0.2897	0.2942	0.2921	0.2981	0.2776	0.2968	0.2906	0.3003	0.2921	0.2773	0.3050	0.2855	0.2805	0.2821	0.2886	0.2922	0.2788	0.2897	0.2808	0.2905	0.2907	0.2666	0.3081	0.2833	0.2662	0.2823	0.2835	0.2770	0.2615	0.2862	0.2806	0.2780	0.2662	0.2575	0.2889	0.2786	0.2735	0.2717	0.2796	0.2550	0.2567	0.2888	0.2702	0.2580	0.2733	0.2668	0.2798	0.2847	0.2883	0.2652	0.2929	0.2801	0.2723	0.2973	0.2801	0.2713	0.2854	0.2634	0.3059	0.2888	0.3052	0.2798	0.2983	0.3104	0.3244	0.2882	0.3227	0.3284	0.3069	0.2902	0.2658
0:19:16	30.1	0.2851	0.2974	0.3211	0.3000	0.3015	0.2984	0.2941	0.3126	0.3169	0.3035	0.2746	0.2829	0.2993	0.3031	0.2885	0.2826	0.2871	0.2658	0.3248	0.2957	0.3149	0.2638	0.2792	0.3002	0.2980	0.2951	0.2948	0.2923	0.3015	0.2776	0.3006	0.2917	0.3064	0.2930	0.2771	0.3074	0.2864	0.2807	0.2808	0.2968	0.2933	0.2790	0.2903	0.2809	0.2916	0.2931	0.2664	0.3175	0.2843	0.2685	0.2901	0.2893	0.2779	0.2617	0.2922	0.2817	0.2784	0.2675	0.2574	0.2922	0.2812	0.2798	0.2721	0.2802	0.2550	0.2567	0.2881	0.2697	0.2584	0.2735	0.2675	0.2793	0.2852	0.2926	0.2663	0.3005	0.2818	0.2725	0.2949	0.2789	0.2687	0.2919	0.2634	0.3090	0.2922	0.3067	0.2795	0.2986	0.3121	0.3322	0.2896	0.3232	0.3389	0.3063	0.2900	0.2658
0:29:16	30.2	0.2853	0.3052	0.3227	0.3015	0.3041	0.2991	0.2954	0.3198	0.3256	0.3043	0.2746	0.2829	0.3069	0.3043	0.3027	0.2832	0.2875	0.2657	0.3313	0.2984	0.3159	0.2646	0.2793	0.3032	0.3056	0.2997	0.2952	0.2927	0.3062	0.2776	0.3069	0.2924	0.3151	0.2915	0.2771	0.3069	0.2870	0.2812	0.2809	0.3058	0.2939	0.2803	0.2910	0.2804	0.2923	0.2955	0.2665	0.3260	0.2861	0.2694	0.3013	0.2977	0.2779	0.2675	0.2979	0.2825	0.2795	0.2669	0.2574	0.2931	0.2821	0.2863	0.2729	0.2796	0.2548	0.2568	0.2909	0.2697	0.2588	0.2744	0.2680	0.2821	0.2857	0.2990	0.2642	0.3115	0.2817	0.2725	0.3051	0.2812	0.2709	0.3004	0.2634	0.3130	0.2863	0.3075	0.2793	0.3009	0.3160	0.3408	0.2908	0.3236	0.3511	0.3086	0.2913	0.2658
0:39:16	30.1	0.2854	0.3155	0.3216	0.3039	0.3057	0.3014	0.2981	0.3291	0.3354	0.3044	0.2747	0.2828	0.3161	0.3040	0.3027	0.2841	0.2897	0.2658	0.3465	0.2989	0.3180	0.2639	0.2793	0.3054	0.3173	0.3032	0.2944	0.2944	0.3126	0.2776	0.3155	0.2932	0.3282	0.2936	0.2769	0.3095	0.2868	0.2812	0.2809	0.3185	0.2937	0.2790	0.2915	0.2807	0.2919	0.2981	0.2663	0.3384	0.2891	0.2699	0.3152	0.3096	0.2764	0.2614	0.3059	0.2827	0.2805	0.2668	0.2573	0.2946	0.2821	0.2937	0.2712	0.2789	0.2547	0.2568	0.2886	0.2699	0.2595	0.2735	0.2685	0.2813	0.2867	0.3068	0.2651	0.3248	0.2832	0.2725	0.3005	0.2803	0.2725	0.3118	0.2635	0.3174	0.2946	0.3093	0.2794	0.3024	0.3196	0.3525	0.2926	0.3264	0.3645	0.3092	0.2949	0.2658
0:49:16	30.2	0.2853	0.3276	0.3227	0.3060	0.3058	0.3031	0.2976	0.3385	0.3468	0.3071	0.2747	0.2829	0.3290	0.3042	0.3060	0.2844	0.2910	0.2657	0.3690	0.3010	0.3204	0.2639	0.2794	0.3052	0.3297	0.3078	0.2945	0.2951	0.3200	0.2774	0.3248	0.2929	0.3439	0.2937	0.2770	0.3091	0.2845	0.2815	0.2830	0.3338	0.2936	0.2784	0.2936	0.2800	0.2925	0.3011	0.2662	0.3526	0.2912	0.2708	0.3309	0.3226	0.2777	0.2666	0.3170	0.2825	0.2813	0.2691	0.2572	0.2955	0.2845	0.3021	0.2738	0.2828	0.2546	0.2566	0.2910	0.2697	0.2601	0.2774	0.2660	0.2826	0.2857	0.3168	0.2666	0.3394	0.2839	0.2725	0.3156	0.2798	0.2740	0.3251	0.2635	0.3211	0.2918	0.3093	0.2791	0.3046	0.3232	0.3661	0.2944	0.3245	0.3784	0.3088	0.2943	0.2658
0:59:16	30.2	0.2855	0.3435	0.3216	0.3081	0.3076	0.3031	0.2976	0.3550	0.3649	0.3088	0.2747	0.2828	0.3460	0.3047	0.3133	0.2854	0.2905	0.2657	0.3991	0.2999	0.3209	0.2639	0.2795	0.3080	0.3456	0.3117	0.2973	0.2954	0.3309	0.2776	0.3366	0.2938	0.3646	0.2965	0.2769	0.3093	0.2863	0.2828	0.2829	0.3536	0.2941	0.2791	0.2940	0.2802	0.2944	0.3043	0.2661	0.3754	0.2940	0.2679	0.3507	0.3402	0.2780	0.2613	0.3313	0.2845	0.2830	0.2671	0.2572	0.2958	0.2830	0.3133	0.2759	0.2819	0.2546	0.2568	0.2934	0.2698	0.2606	0.2777	0.2675	0.2873	0.2870	0.3287	0.2685	0.3601	0.2834	0.2724	0.3136	0.2822	0.2752	0.3426	0.2634	0.3262	0.2936	0.3118	0.2791	0.3056	0.3291	0.3844	0.2963	0.3257	0.3980	0.3108	0.2968	0.2658
1:09:16	30.2	0.2856	0.3653	0.3239	0.3108	0.3095	0.3058	0.3008	0.3729	0.3880	0.3118	0.2746	0.2828	0.3633	0.3041	0.3216	0.2868	0.2897	0.2656	0.4259	0.3003	0.3231	0.2638	0.2795	0.3098	0.3633	0.3180	0.2943	0.2962	0.3441	0.2774	0.3535	0.2950	0.3920	0.2951	0.2766	0.3117	0.2879	0.2820	0.2835	0.3782	0.2935	0.2798	0.2915	0.2801	0.2949	0.3074	0.2663	0.3945	0.2955	0.2682	0.3789	0.3695	0.2777	0.2615	0.3486	0.2838	0.2847	0.2702	0.2571	0.2965	0.2812	0.3276	0.2730	0.2844	0.2547	0.2568	0.2938	0.2699	0.2616	0.2792	0.2679	0.2893	0.2879	0.3446	0.2668	0.3859	0.2819	0.2726	0.3145	0.2833	0.2724	0.3628	0.2635	0.3318	0.2930	0.3111	0.2791	0.3084	0.3352	0.4055	0.2987	0.3270	0.4199	0.3090	0.3014	0.2658
1:19:16	30.2	0.2855	0.4015	0.3248	0.3137	0.3110	0.3104	0.3002	0.3936	0.4146	0.3206	0.2746	0.2827	0.3962	0.3107	0.3266	0.2878	0.2957	0.2655	0.4560	0.3054	0.3251	0.2639	0.2794	0.3134	0.3920	0.3241	0.2988	0.2960	0.3571	0.2775	0.3678	0.2957	0.4247	0.2970	0.2766	0.3110	0.2889	0.2825	0.2849	0.4160	0.2982	0.2799	0.2986	0.2801	0.2934	0.3122	0.2662	0.4292	0.2978	0.2730	0.4212	0.4090	0.2811	0.2732	0.3728	0.2863	0.2856	0.2724	0.2571	0.2990	0.2793	0.3488	0.2773	0.2839	0.2546	0.2568	0.2952	0.2702	0.2621	0.2843	0.2687	0.2953	0.2879	0.3669	0.2693	0.4256	0.2835	0.2725	0.3268	0.2843	0.2760	0.4005	0.2634	0.3362	0.2891	0.3162	0.2791	0.3161	0.3427	0.4262	0.3004	0.3287	0.4502	0.3112	0.3032	0.2657
1:29:16	30.2	0.2857	0.4430	0.3297	0.3173	0.3177	0.3145	0.3074	0.4259	0.4399	0.3434	0.2747	0.2829	0.4324	0.3197	0.3207	0.2887	0.2956	0.2656	0.4788	0.3164	0.3388	0.2640	0.2795	0.3266	0.4286	0.3296	0.2952	0.2989	0.3737	0.2776	0.4047	0.2967	0.4632	0.2974	0.2767	0.3127	0.2891	0.2861	0.2847	0.4654	0.3057	0.2794	0.3107	0.2800	0.2959	0.3169	0.2661	0.4550	0.3001	0.2686	0.4739	0.4704	0.2814	0.2616	0.3926	0.2859	0.2881	0.2715	0.2572	0.3095	0.2853	0.3764	0.2771	0.2858	0.2546	0.2568	0.2985	0.2706	0.2633	0.2890	0.2687	0.3101	0.2882	0.3975	0.2693	0.4727	0.2833	0.2726	0.3302	0.2811	0.2765	0.4212	0.2634	0.3406	0.2936	0.3244	0.2791	0.3263	0.3503	0.4537	0.3037	0.3380	0.4808	0.3250	0.3176	0.2659
1:39:16	30.2	0.2857	0.4900	0.3397	0.3213	0.3369	0.3257	0.3188	0.4608	0.4613	0.3702	0.2747	0.2829	0.4945	0.3376	0.3309	0.2902	0.3158	0.2655	0.5492	0.3313	0.3915	0.2640	0.2794	0.3519	0.4714	0.3341	0.2957	0.3009	0.3941	0.2776	0.4537	0.2995	0.5144	0.3006	0.2767	0.3199	0.2923	0.2845	0.2892	0.5415	0.3140	0.2785	0.3431	0.2802	0.2987	0.3204	0.2662	0.4958	0.3034	0.2725	0.5300	0.5356	0.2831	0.2611	0.4382	0.2971	0.2910	0.2761	0.2570	0.3301	0.2882	0.4187	0.2839	0.2953	0.2546	0.2567	0.3026	0.2707	0.2646	0.3016	0.2673	0.3274	0.2890	0.4437	0.2670	0.5334	0.2895	0.2727	0.3389	0.2878	0.2796	0.4857	0.2634	0.3468	0.2879	0.3374	0.2789	0.3412	0.3583	0.4996	0.3060	0.3571	0.5213	0.3467	0.3410	0.2657
1:49:16	30.2	0.2858	0.5424	0.3664	0.3254	0.3760	0.3431	0.3360	0.4878	0.4738	0.4360	0.2746	0.2829	0.5464	0.3823	0.3487	0.2912	0.3425	0.2657	0.5822	0.3608	0.4336	0.2639	0.2795	0.3903	0.5448	0.3388	0.2987	0.3031	0.4201	0.2775	0.5085	0.3000	0.5647	0.3078	0.2768	0.3314	0.2973	0.2850	0.2953	0.6131	0.3682	0.2787	0.4094	0.2803	0.3135	0.3257	0.2662	0.5262	0.3065	0.2744	0.5844	0.6006	0.2858	0.2612	0.4570	0.3199	0.2941	0.2930	0.2571	0.4072	0.3048	0.4675	0.2948	0.3078	0.2546	0.2567	0.3226	0.2712	0.2656	0.3287	0.2674	0.3588	0.2990	0.5132	0.2735	0.5902	0.2965	0.2725	0.3444	0.2984	0.2896	0.5129	0.2636	0.3547	0.2917	0.3619	0.2789	0.3715	0.3677	0.5498	0.3102	0.3877	0.5541	0.3794	0.3725	0.2659
1:59:16	30.2	0.2858	0.5689	0.3813	0.3305	0.4124	0.3794	0.3617	0.5158	0.4783	0.4494	0.2748	0.2830	0.6083	0.4114	0.3583	0.2929	0.3834	0.2657	0.6098	0.4050	0.4727	0.2640	0.2797	0.4406	0.6087	0.3523	0.3037	0.3071	0.4538	0.2777	0.5635	0.3020	0.5957	0.3254	0.2769	0.3566	0.2997	0.2863	0.3037	0.6647	0.3894	0.2788	0.4298	0.2799	0.3699	0.3318	0.2664	0.5793	0.3137	0.2757	0.6347	0.6459	0.2978	0.2613	0.5161	0.3744	0.2966	0.3199	0.2571	0.4113	0.3234	0.5282	0.3090	0.3262	0.2547	0.2568	0.3617	0.2716	0.2674	0.3768	0.2665	0.3664	0.3229	0.5909	0.2812	0.6385	0.3225	0.2725	0.3529	0.3230	0.3204	0.5891	0.2637	0.3569	0.2921	0.3780	0.2790	0.3832	0.3770	0.6187	0.3129	0.4265	0.5867	0.4446	0.3907	0.2658
2:09:16	30.2	0.2860	0.6094	0.4195	0.3369	0.4587	0.3984	0.3852	0.5644	0.4867	0.4755	0.2749	0.2830	0.6526	0.4021	0.3632	0.2941	0.4280	0.2657	0.6221	0.4552	0.4722	0.2641	0.2796	0.4573	0.6579	0.3660	0.3250	0.3158	0.4892	0.2777	0.6186	0.3080	0.6448	0.3586	0.2769	0.3977	0.3172	0.2906	0.3735	0.7074	0.4024	0.2786	0.4304	0.2800	0.4083	0.3384	0.2662	0.6059	0.3160	0.2898	0.6887	0.6890	0.3109	0.2612	0.5608	0.4061	0.3000	0.3713	0.2572	0.4384	0.3570	0.5715	0.3185	0.3360	0.2546	0.2566	0.4054	0.2718	0.2687	0.4067	0.2670	0.3775	0.3277	0.6370	0.3022	0.6842	0.3651	0.2726	0.3705	0.3814	0.3767	0.6209	0.2635	0.3586	0.2926	0.3978	0.2790	0.4109	0.3862	0.6917	0.3158	0.4447	0.6071	0.4756	0.4222	0.2659
2:19:16	30.2	0.2858	0.6482	0.4276	0.3457	0.4642	0.4368	0.3945	0.5691	0.5099	0.4918	0.2747	0.2829	0.6815	0.4335	0.3738	0.2965	0.4401	0.2655	0.6515	0.4472	0.4862	0.2641	0.2796	0.4640	0.6867	0.3984	0.3591	0.3381	0.5197	0.2776	0.6706	0.3208	0.6753	0.4080	0.2769	0.4277	0.3503	0.2886	0.3993	0.7484	0.4093	0.2778	0.4545	0.2795	0.4309	0.3447	0.2664	0.6259	0.3242	0.3416	0.7161	0.7205	0.3692	0.2612	0.5955	0.4085	0.3041	0.3863	0.2570	0.4682	0.3810	0.6012	0.3728	0.3671	0.2547	0.2567	0.4007	0.2723	0.2705	0.4299	0.2669	0.3781	0.3826	0.6784	0.3404	0.7038	0.4007	0.2724	0.3866	0.4175	0.3842	0.6438	0.2632	0.3655	0.2916	0.4145	0.2789	0.4329	0.3969	0.7475	0.3206	0.4603	0.6188	0.5016	0.4541	0.2658
2:29:16	30.2	0.2859	0.6761	0.4528	0.3554	0.5010	0.4699	0.4352	0.6275	0.5384	0.5275	0.2748	0.2830	0.6969	0.4545	0.3808	0.2988	0.4442	0.2657	0.7012	0.4666	0.5169	0.2642	0.2797	0.4770	0.7119	0.4282	0.4065	0.3488	0.5492	0.2777	0.7143	0.3476	0.7118	0.4444	0.2770	0.3935	0.3841	0.2899	0.4238	0.7697	0.4193	0.2782	0.4603	0.2800	0.4406	0.3529	0.2661	0.6564	0.3320	0.3688	0.7418	0.7433	0.4173	0.2613	0.6178	0.4362	0.3098	0.3908	0.2573	0.4820	0.3860	0.6236	0.3702	0.3845	0.2546	0.2568	0.4030	0.2733	0.2725	0.4416	0.2673	0.4302	0.4159	0.7030	0.3664	0.7211	0.4202	0.2726	0.3987	0.4056	0.4220	0.6620	0.2637	0.4017	0.2906	0.4403	0.2789	0.4609	0.4078	0.7916	0.3284	0.4767	0.6342	0.4929	0.4645	0.2659
2:39:16	30.2	0.2861	0.6997	0.4534	0.3678	0.5431	0.4998	0.4607	0.7064	0.5418	0.5594	0.2749	0.2832	0.7310	0.4768	0.3889	0.3012	0.4601	0.2658	0.7201	0.4736	0.5052	0.2643	0.2798	0.5101	0.7320	0.4776	0.4099	0.3921	0.5570	0.2777	0.7657	0.3928	0.7327	0.4777	0.2771	0.4656	0.4151	0.2912	0.4336	0.7834	0.4384	0.2788	0.4821	0.2803	0.4518	0.3624	0.2662	0.7169	0.3422	0.3818	0.7698	0.7658	0.4229	0.2613	0.6132	0.4513	0.3121	0.4133	0.2572	0.4953	0.4035	0.6485	0.4008	0.4108	0.2546	0.2568	0.4410	0.2737	0.2752	0.4658	0.2652	0.4525	0.4111	0.7128	0.3831	0.7341	0.4329	0.2724	0.4142	0.4292	0.4316	0.7003	0.2636	0.4141	0.2928	0.4739	0.2790	0.4799	0.4198	0.8530	0.3315	0.5105	0.6474	0.4918	0.4939	0.2660
2:49:16	30.2	0.2859	0.7428	0.4640	0.3808	0.5393	0.5218	0.4640	0.7151	0.5611	0.5765	0.2748	0.2831	0.7583	0.5043	0.4036	0.3030	0.4836	0.2656	0.7220	0.4939	0.5372	0.2642	0.2797	0.5337	0.7534	0.5074	0.4428	0.3941	0.5618	0.2776	0.8037	0.3887	0.7393	0.4883	0.2768	0.4952	0.4085	0.2929	0.4256	0.8016	0.4557	0.2786	0.5114	0.2801	0.4809	0.3704	0.2665	0.7176	0.3572	0.4092	0.7859	0.7953	0.4235	0.2613	0.6306	0.4781	0.3608	0.4265	0.2571	0.5269	0.4264	0.6514	0.4159	0.4175	0.2546	0.2567	0.4602	0.2740	0.2778	0.4869	0.2676	0.4838	0.4453	0.7187	0.3921	0.7484	0.4567	0.2724	0.4331	0.4446	0.4736	0.7289	0.2636	0.4233	0.2919	0.5200	0.2788	0.5137	0.4284	0.9032	0.3387	0.5299	0.6705	0.5191	0.5214	0.2658
2:59:16	30.2	0.2860	0.7877	0.5007	0.3962	0.5897	0.5434	0.5004	0.6556	0.5844	0.6052	0.2749	0.2832	0.7872	0.5235	0.4148	0.3062	0.5133	0.2657	0.7265	0.5057	0.5463	0.2643	0.2798	0.5441	0.7643	0.5321	0.4568	0.4341	0.5786	0.2777	0.8450	0.4024	0.7559	0.5175	0.2770	0.5181	0.4272	0.2946	0.4400	0.8236	0.4700	0.2785	0.5172	0.2802	0.4951	0.3802	0.2665	0.7044	0.3842	0.4326	0.7874	0.8339	0.4509	0.2614	0.6282	0.4665	0.3329	0.4388	0.2573	0.5321	0.4426	0.6601	0.4220	0.4424	0.2548	0.2568	0.4638	0.2760	0.2806	0.4976	0.2687	0.4881	0.4504	0.7297	0.4247	0.7720	0.4703	0.2726	0.4419	0.4563	0.4944	0.7358	0.2636	0.4750	0.2936	0.5420	0.2791	0.5128	0.4471	0.9643	0.3484	0.5283	0.6836	0.5199	0.5435	0.2660
3:09:16	30.2	0.2860	0.8029	0.5160	0.4157	0.5900	0.5754	0.5085	0.6732	0.6201	0.6048	0.2748	0.2830	0.8314	0.5504	0.4473	0.3107	0.5332	0.2656	0.7293	0.5360	0.5876	0.2642	0.2798	0.5874	0.7894	0.5554	0.4653	0.4507	0.6111	0.2777	0.8906	0.4470	0.7873	0.5554	0.2768	0.5550	0.4503	0.3006	0.4897	0.8531	0.4916	0.2784	0.5200	0.2799	0.5213	0.4415	0.2660	0.7363	0.4035	0.4364	0.8096	0.8635	0.4644	0.2612	0.6554	0.4766	0.3862	0.4636	0.2571	0.5557	0.4598	0.6940	0.4350	0.4560	0.2547	0.2568	0.4774	0.2764	0.2836	0.5109	0.2701	0.5439	0.4741	0.7396	0.4286	0.7977	0.4820	0.2723	0.4604	0.4988	0.5089	0.7188	0.2636	0.5115	0.2920	0.5088	0.2788	0.5378	0.4638	1.0259	0.3657	0.5742	0.6995	0.5394	0.5477	0.2659
3:19:16	30.2	0.2862	0.8527	0.5455	0.4363	0.6237	0.6140	0.5302	0.6645	0.6413	0.6268	0.2748	0.2830	0.8489	0.5791	0.4652	0.3162	0.5479	0.2658	0.7303	0.5692	0.6151	0.2643	0.2798	0.6149	0.8323	0.5838	0.4839	0.4596	0.6145	0.2776	0.9355	0.4745	0.8082	0.5653	0.2769	0.5755	0.4783	0.3013	0.5214	0.8909	0.5077	0.2779	0.5488	0.2801	0.5400	0.4116	0.2666	0.7094	0.4208	0.4569	0.8407	0.8941	0.4901	0.2614	0.6802	0.4903	0.3900	0.4934	0.2573	0.5775	0.4716	0.7016	0.4533	0.4846	0.2547	0.2569	0.4978	0.2784	0.2881	0.5465	0.2700	0.5657	0.4874	0.7583	0.4598	0.8070	0.4939	0.2725	0.4759	0.5017	0.5316	0.7137	0.2638	0.5275	0.2913	0.5775	0.2789	0.5556	0.4629	1.0790	0.3814	0.5906	0.7124	0.5622	0.5786	0.2660
3:29:16	30.2	0.2861	0.9170	0.5740	0.4564	0.6714	0.6462	0.5563	0.7226	0.6632	0.6452	0.2748	0.2830	0.8743	0.6107	0.4664	0.3201	0.5870	0.2656	0.7247	0.5992	0.6368	0.2641	0.2798	0.6213	0.8663	0.6195	0.5238	0.4765	0.6266	0.2775	0.9837	0.4908	0.8259	0.5873	0.2768	0.6149	0.4943	0.3038	0.5439	0.9166	0.5525	0.2780	0.6172	0.2799	0.5728	0.4238	0.2668	0.7365	0.4489	0.4793	0.8613	0.9189	0.5135	0.2613	0.6944	0.5308	0.3904	0.5151	0.2571	0.6000	0.5093	0.7231	0.4642	0.5198	0.2545	0.2568	0.5322	0.2805	0.2930	0.5868	0.2709	0.5870	0.4992	0.7769	0.4840	0.8166	0.5045	0.2723	0.4897	0.5253	0.5502	0.7073	0.2634	0.5542	0.2922	0.6190	0.2788	0.5989	0.4692	1.1233	0.4004	0.6081	0.7173	0.6571	0.5908	0.2658
3:39:16	30.2	0.2861	0.9646	0.6074	0.4746	0.7132	0.6750	0.5726	0.6693	0.6608	0.6650	0.2750	0.2831	0.8953	0.6497	0.4692	0.3246	0.5997	0.2658	0.7419	0.6289	0.6644	0.2644	0.2800	0.6528	0.9009	0.6495	0.5091	0.5048	0.6558	0.2777	1.0115	0.5367	0.8368	0.6107	0.2769	0.6266	0.5277	0.3075	0.6105	0.9325	0.5660	0.2787	0.6257	0.2798	0.5773	0.4315	0.2664	0.6998	0.4850	0.4980	0.8898	0.9493	0.5198	0.2615	0.7047	0.5342	0.4417	0.5283	0.2573	0.6181	0.5255	0.7432	0.4949	0.5437	0.2547	0.2569	0.5612	0.2826	0.2987	0.6104	0.2674	0.6015	0.5298	0.8026	0.4897	0.8337	0.5419	0.2726	0.5147	0.5332	0.5705	0.7120	0.2637	0.5881	0.2929	0.6916	0.2790	0.6253	0.4835	1.1642	0.4243	0.6224	0.7231	0.6540	0.6061	0.2660
3:49:16	30.2	0.2861	1.0120	0.6387	0.4925	0.7373	0.7147	0.5771	0.7167	0.6895	0.6759	0.2750	0.2831	0.9226	0.6845	0.4988	0.3294	0.6352	0.2657	0.7449	0.6556	0.6764	0.2643	0.2798	0.6552	0.9241	0.6879	0.5607	0.5152	0.6589	0.2777	1.0321	0.5561	0.8523	0.6295	0.2768	0.6325	0.5735	0.3121	0.6243	0.9574	0.5909	0.2785	0.6987	0.2793	0.6378	0.4379	0.2658	0.7389	0.5174	0.5221	0.9080	0.9653	0.5701	0.2612	0.6995	0.5832	0.4198	0.5675	0.2570	0.6330	0.5738	0.7586	0.5196	0.5729	0.2546	0.2569	0.5965	0.2850	0.3037	0.6533	0.2667	0.6181	0.5430	0.8101	0.5342	0.8383	0.5746	0.2724	0.5303	0.5711	0.5997	0.7235	0.2638	0.6009	0.2933	0.7047	0.2788	0.6536	0.4925	1.1991	0.4488	0.6527	0.7333	0.7134	0.6319	0.2659
3:59:16	30.2	0.2860	1.0509	0.7117	0.5301	0.7428	0.7364	0.5953	0.7279	0.7079	0.6810	0.2748	0.2830	0.9595	0.7093	0.4718	0.3361	0.6818	0.2657	0.7642	0.6786	0.7054	0.2641	0.2799	0.6701	0.9567	0.7208	0.5876	0.5387	0.6721	0.2775	1.0618	0.5902	0.8687	0.6468	0.2769	0.6410	0.6140	0.3179	0.6601	0.9830	0.6299	0.2776	0.7106	0.2794	0.6434	0.4503	0.2661	0.7784	0.5513	0.5469	0.9339	0.9863	0.5911	0.2614	0.7112	0.6132	0.4549	0.5760	0.2571	0.6571	0.6286	0.7778	0.5417	0.5999	0.2546	0.2568	0.6272	0.2868	0.3099	0.6540	0.2681	0.6425	0.5713	0.8438	0.5622	0.8535	0.6009	0.2725	0.5533	0.5805	0.6075	0.7410	0.2635	0.6073	0.2943	0.7521	0.2789	0.6956	0.5381	1.2278	0.4728	0.6612	0.7496	0.7400	0.6387	0.2658
4:09:16	30.2	0.2864	1.0950	0.7121	0.5552	0.7927	0.7627	0.6203	0.7477	0.7105	0.6748	0.2750	0.2831	0.9882	0.7440	0.5259	0.3438	0.7087	0.2658	0.7960	0.7064	0.7220	0.2645	0.2800	0.6828	0.9901	0.7466	0.6120	0.5681	0.6874	0.2779	1.0868	0.6060	0.8857	0.6546	0.2770	0.6520	0.6507	0.3223	0.7115	0.9783	0.6414	0.2768	0.7390	0.2796	0.6750	0.4598	0.2670	0.7771	0.5735	0.5910	0.9450	1.0165	0.6269	0.2614	0.7178	0.6350	0.4642	0.5978	0.2574	0.6718	0.6360	0.8096	0.5734	0.6353	0.2548	0.2570	0.6608	0.2899	0.3152	0.6720	0.2686	0.6482	0.5908	0.8616	0.5872	0.8795	0.6282	0.2726	0.5780	0.6124	0.6268	0.7288	0.2639	0.6289	0.2927	0.7814	0.2790	0.7326	0.5629	1.2522	0.5056	0.6999	0.7505	0.7666	0.6647	0.2661
4:19:16	30.2	0.2862	1.1367	0.7396	0.5992	0.8428	0.8157	0.6365	0.7332	0.7047	0.7764	0.2750	0.2831	1.0046	0.7779	0.5534	0.3496	0.7083	0.2658	0.8199	0.6993	0.7188	0.2644	0.2799	0.6606	1.0031	0.7726	0.6277	0.5837	0.6786	0.2777	1.1169	0.6302	0.9008	0.6998	0.2776	0.6893	0.6838	0.3276	0.7572	1.0086	0.6777	0.2772	0.7286	0.2799	0.6974	0.4648	0.2670	0.7678	0.6296	0.5987	0.9572	1.0385	0.6308	0.2614	0.7252	0.6390	0.4836	0.6068	0.2572	0.6769	0.6513	0.8226	0.6155	0.6673	0.2547	0.2568	0.6986	0.2927	0.3212	0.6741	0.2671	0.6714	0.6403	0.8764	0.6115	0.8944	0.6505	0.2724	0.5904	0.6425	0.6219	0.7264	0.2638	0.6639	0.2900	0.8393	0.2794	0.7633	0.6063	1.2769	0.5421	0.7160	0.7593	0.8212	0.6740	0.2660
4:29:16	30.2	0.2861	1.1727	0.7738	0.6404	0.8804	0.8148	0.6656	0.7252	0.7237	0.7356	0.2749	0.2830	1.0246	0.8058	0.5243	0.3544	0.7537	0.2658	0.8402	0.7341	0.7294	0.2644	0.2799	0.6815	1.0200	0.8044	0.6443	0.6042	0.6820	0.2778	1.1377	0.6586	0.9177	0.6884	0.2770	0.6875	0.7249	0.3335	0.7965	1.0076	0.7219	0.2791	0.7666	0.2799	0.7154	0.4900	0.2662	0.7711	0.6547	0.6186	0.9688	1.0717	0.6566	0.2614	0.7112	0.6590	0.4955	0.6293	0.2573	0.6948	0.6820	0.8382	0.6301	0.6931	0.2546	0.2569	0.7263	0.2958	0.3260	0.7178	0.2677	0.6801	0.6741	0.8977	0.6370	0.9018	0.6872	0.2724	0.6147	0.6698	0.6375	0.7704	0.2637	0.7123	0.2912	0.8908	0.2790	0.8142	0.6282	1.2965	0.5711	0.7531	0.7616	0.8368	0.6879	0.2659
4:39:16	30.2	0.2862	1.1814	0.7943	0.6500	0.8617	0.8790	0.7011	0.7768	0.7336	0.7763	0.2749	0.2832	1.0586	0.8273	0.5779	0.3698	0.7871	0.2657	0.8649	0.7610	0.7675	0.2643	0.2799	0.6676	1.0520	0.8264	0.6847	0.6323	0.7154	0.2776	1.1537	0.6800	0.9334	0.6973	0.2769	0.6937	0.7603	0.3354	0.8200	1.0192	0.7563	0.2771	0.7965	0.2799	0.7425	0.5009	0.2659	0.7808	0.7039	0.6572	0.9903	1.0843	0.6568	0.2613	0.7215	0.6761	0.5407	0.6327	0.2572	0.7201	0.7307	0.8615	0.6790	0.7439	0.2547	0.2569	0.7525	0.2988	0.3337	0.7494	0.2680	0.7036	0.6838	0.9135	0.6751	0.9073	0.7114	0.2725	0.6127	0.6881	0.6561	0.7766	0.2637	0.7654	0.2926	0.8823	0.2789	0.8350	0.6685	1.3126	0.6013	0.7621	0.7638	0.8698	0.7041	0.2660
4:49:16	30.2	0.2861	1.2120	0.8136	0.6998	0.9335	0.8834	0.7104	0.7593	0.7406	0.8242	0.2751	0.2831	1.0763	0.8471	0.6100	0.3743	0.7813	0.2659	0.8916	0.7711	0.7466	0.2644	0.2799	0.6726	1.0732	0.8524	0.6865	0.6445	0.7073	0.2778	1.1730	0.7047	0.9503	0.6964	0.2770	0.7018	0.8043	0.3428	0.8698	1.0327	0.7621	0.2773	0.8031	0.2799	0.7636	0.5212	0.2661	0.7602	0.7345	0.6671	1.0079	1.1064	0.6846	0.2615	0.7339	0.7101	0.5502	0.6398	0.2572	0.7181	0.7293	0.8724	0.7060	0.7609	0.2547	0.2568	0.7793	0.3039	0.3401	0.7458	0.2682	0.6891	0.6939	0.9313	0.6913	0.9343	0.7241	0.2723	0.6468	0.7153	0.6649	0.7845	0.2639	0.7995	0.2923	0.9490	0.2789	0.8705	0.6994	1.3312	0.6305	0.7843	0.7869	0.9145	0.7196	0.2660
4:59:16	30.2	0.2861	1.2327	0.8306	0.7067	0.9662	0.9165	0.7267	0.7738	0.7564	0.8243	0.2749	0.2831	1.1033	0.8735	0.5788	0.3835	0.8113	0.2656	0.9160	0.7947	0.7588	0.2644	0.2799	0.7558	1.0985	0.8775	0.6910	0.6688	0.7148	0.2778	1.1942	0.7282	0.9609	0.7463	0.2769	0.6959	0.8402	0.3458	0.8917	1.0469	0.8110	0.2776	0.8269	0.2800	0.8099	0.5627	0.2666	0.7576	0.7616	0.6790	1.0195	1.1271	0.7003	0.2632	0.7386	0.7267	0.5646	0.6887	0.2573	0.7378	0.7551	0.8986	0.7260	0.7907	0.2545	0.2568	0.8139	0.3087	0.3486	0.7722	0.2695	0.7041	0.7360	0.9453	0.6919	0.9497	0.7589	0.2726	0.6605	0.7314	0.7001	0.7911	0.2639	0.8285	0.2923	0.9850	0.2789	0.9118	0.7254	1.3455	0.6595	0.7851	0.7837	0.9414	0.7530	0.2660
5:09:16	30.2	0.2862	1.2458	0.8672	0.7201	0.9386	0.9565	0.7498	0.7858	0.7580	0.8064	0.2749	0.2831	1.1204	0.8952	0.5926	0.3935	0.8238	0.2658	0.9423	0.8246	0.8002	0.2644	0.2799	0.7831	1.1100	0.9071	0.7323	0.6854	0.7252	0.2778	1.2148	0.7442	0.9698	0.7689	0.2770	0.7145	0.8919	0.3577	0.9118	1.0540	0.8330	0.2780	0.8443	0.2800	0.8323	0.6096	0.2671	0.7689	0.7998	0.7231	1.0363	1.1468	0.6974	0.2613	0.7295	0.7431	0.5908	0.6672	0.2572	0.7448	0.7899	0.9238	0.7493	0.8202	0.2548	0.2569	0.8486	0.3146	0.3551	0.7955	0.2681	0.7105	0.7651	0.9670	0.7190	0.9765	0.7708	0.2724	0.6730	0.7526	0.6923	0.8100	0.2638	0.8489	0.2921	1.0081	0.2790	0.9195	0.7687	1.3578	0.7013	0.7905	0.7922	0.9623	0.7779	0.2659
5:19:16	30.2	0.2865	1.2546	0.9011	0.7485	0.9907	0.9708	0.7844	0.8175	0.7800	0.8003	0.2751	0.2833	1.1479	0.9143	0.6756	0.4136	0.8505	0.2660	0.9653	0.8404	0.8098	0.2645	0.2801	0.7704	1.1406	0.9218	0.7490	0.6991	0.7413	0.2778	1.2289	0.7402	0.9874	0.7312	0.2770	0.7344	0.8845	0.3621	0.9394	1.0599	0.8565	0.2777	0.8816	0.2800	0.8200	0.6169	0.2668	0.7821	0.8230	0.7534	1.0623	1.1615	0.7338	0.2613	0.7507	0.7610	0.6356	0.6912	0.2573	0.7448	0.8268	0.9513	0.7794	0.8467	0.2547	0.2571	0.8737	0.3207	0.3651	0.8059	0.2674	0.7197	0.7926	0.9775	0.7274	0.9944	0.8100	0.2725	0.6807	0.7840	0.7185	0.7972	0.2640	0.8842	0.2913	1.0090	0.2792	0.9532	0.7893	1.3680	0.7102	0.8318	0.8078	0.9772	0.7994	0.2661
5:29:16	30.2	0.2862	1.2738	0.9227	0.7682	1.0272	0.9975	0.8063	0.8117	0.8187	0.8194	0.2751	0.2833	1.1711	0.9518	0.6718	0.4220	0.8755	0.2659	0.9963	0.8566	0.8240	0.2644	0.2799	0.7685	1.1579	0.9621	0.7756	0.7390	0.7369	0.2777	1.2491	0.7582	1.0000	0.7730	0.2770	0.7285	0.9266	0.3674	0.9700	1.0866	0.9011	0.2784	0.8954	0.2796	0.8436	0.6584	0.2662	0.7902	0.8467	0.7809	1.0714	1.1871	0.7386	0.2734	0.7551	0.7841	0.6098	0.7178	0.2573	0.7705	0.8675	0.9645	0.8221	0.8829	0.2547	0.2568	0.9118	0.3271	0.3780	0.8162	0.2695	0.7325	0.8200	0.9996	0.7486	1.0200	0.8230	0.2724	0.6886	0.8002	0.7118	0.8284	0.2640	0.8954	0.2925	1.0404	0.2790	0.9882	0.8279	1.3797	0.7310	0.8520	0.8182	1.0015	0.8173	0.2661
5:39:16	30.2	0.2864	1.2883	0.9371	0.7686	1.0404	1.0162	0.8238	0.8142	0.8518	0.8462	0.2751	0.2832	1.1932	1.0047	0.6849	0.4411	0.9050	0.2658	1.0160	0.8892	0.8571	0.2644	0.2801	0.7813	1.1740	0.9754	0.7936	0.7695	0.7653	0.2779	1.2629	0.7799	1.0198	0.7261	0.2770	0.7465	0.9601	0.3809	0.9803	1.1023	0.9319	0.2785	0.9204	0.2797	0.8552	0.6834	0.2660	0.8041	0.8627	0.7753	1.0930	1.2031	0.7489	0.2612	0.7937	0.7976	0.6414	0.7559	0.2573	0.7885	0.9108	0.9776	0.8472	0.9046	0.2546	0.2569	0.9338	0.3341	0.3897	0.8545	0.2690	0.7451	0.8549	1.0121	0.7645	1.0378	0.8551	0.2726	0.6980	0.8181	0.7231	0.8163	0.2639	0.9363	0.2913	1.0656	0.2790	1.0077	0.8576	1.3898	0.7544	0.8582	0.8332	1.0340	0.8537	0.2659
5:49:16	30.2	0.2863	1.2988	0.9711	0.7903	1.0362	1.0415	0.8381	0.8539	0.8790	0.8675	0.2748	0.2833	1.2193	1.0145	0.7240	0.4605	0.9304	0.2658	1.0301	0.9135	0.8819	0.2644	0.2799	0.8027	1.1991	0.9812	0.7984	0.8136	0.7841	0.2778	1.2765	0.8232	1.0331	0.7513	0.2769	0.7462	0.9922	0.3914	1.0192	1.1246	0.9358	0.2803	0.9590	0.2796	0.8723	0.7071	0.2660	0.8258	0.8939	0.8003	1.1148	1.2101	0.7793	0.2654	0.8167	0.8482	0.6510	0.7788	0.2572	0.8345	0.9298	1.0073	0.8730	0.9369	0.2547	0.2568	0.9286	0.3398	0.4107	0.8635	0.2678	0.7741	0.8777	1.0337	0.8066	1.0583	0.8846	0.2724	0.7106	0.8640	0.7706	0.8387	0.2638	0.9743	0.2934	1.0936	0.2789	1.0288	0.8733	1.4008	0.7735	0.8941	0.8716	1.0389	0.8687	0.2659
5:59:16	30.2	0.2861	1.3157	0.9900	0.7953	1.0577	1.0529	0.8524	0.8402	0.9144	0.8835	0.2750	0.2831	1.2254	1.0153	0.7677	0.4697	0.9441	0.2657	1.0514	0.9367	0.9174	0.2643	0.2799	0.8061	1.2125	1.0174	0.8333	0.8083	0.7866	0.2777	1.2912	0.8267	1.0533	0.7270	0.2770	0.7655	1.0237	0.4066	1.0554	1.1377	0.9529	0.2800	0.9565	0.2797	0.8986	0.7290	0.2669	0.8362	0.8971	0.8226	1.1245	1.2322	0.8023	0.2661	0.8151	0.8638	0.6457	0.7710	0.2573	0.8784	0.9347	1.0231	0.9020	0.9521	0.2547	0.2569	0.9470	0.3455	0.4255	0.9035	0.2683	0.8115	0.9211	1.0553	0.8439	1.0775	0.9068	0.2723	0.7209	0.8667	0.7765	0.8750	0.2638	0.9767	0.2925	1.1159	0.2789	1.0553	0.9112	1.4130	0.8123	0.8929	0.8968	1.0733	0.8942	0.2659
6:09:16	30.2	0.2865	1.3249	1.0219	0.8112	1.0711	1.0734	0.8760	0.8738	0.9442	0.8967	0.2752	0.2834	1.2509	1.0440	0.7633	0.4922	0.9704	0.2659	1.0735	0.9593	0.9459	0.2648	0.2802	0.8135	1.2313	1.0292	0.8725	0.8354	0.8088	0.2779	1.3029	0.8422	1.0731	0.7450	0.2772	0.7896	1.0553	0.4263	1.0849	1.1581	0.9656	0.2787	0.9649	0.2799	0.9077	0.7482	0.2673	0.8416	0.9115	0.8405	1.1456	1.2436	0.8165	0.2626	0.8499	0.8817	0.6575	0.7937	0.2575	0.9015	0.9657	1.0406	0.9250	0.9613	0.2548	0.2571	0.9738	0.3517	0.4443	0.9253	0.2688	0.8377	0.9521	1.0755	0.8542	1.1014	0.9287	0.2727	0.7175	0.8719	0.7760	0.8852	0.2642	0.9978	0.2913	1.1339	0.2790	1.0831	0.9366	1.4219	0.8144	0.9059	0.9198	1.0986	0.9222	0.2661
6:19:16	30.2	0.2863	1.3399	1.0472	0.8220	1.0762	1.1044	0.9035	0.9395	0.9814	0.9239	0.2751	0.2832	1.2591	1.0566	0.8004	0.5175	0.9900	0.2658	1.0794	0.9779	0.9648	0.2646	0.2799	0.8309	1.2562	1.0282	0.8911	0.8652	0.8402	0.2778	1.3151	0.8627	1.0917	0.7659	0.2771	0.8249	1.0809	0.4572	1.1011	1.1742	0.9978	0.2788	0.9963	0.2796	0.9443	0.7636	0.2667	0.8313	0.9335	0.8673	1.1537	1.2542	0.8399	0.2617	0.8717	0.8985	0.6821	0.8319	0.2573	0.9317	0.9901	1.0558	0.9505	0.9846	0.2548	0.2570	1.0066	0.3650	0.4638	0.9428	0.2698	0.8658	0.9606	1.0893	0.8935	1.1156	0.9602	0.2725	0.7257	0.8966	0.7980	0.9005	0.2640	1.0232	0.2920	1.1585	0.2791	1.1068	0.9615	1.4287	0.8569	0.9302	0.9464	1.1094	0.9428	0.2660
6:29:16	30.2	0.2862	1.3523	1.0730	0.8399	1.1030	1.1204	0.9282	0.9462	1.0135	0.9601	0.2750	0.2831	1.2698	1.0577	0.8219	0.5368	1.0045	0.2658	1.1147	0.9985	0.9856	0.2644	0.2800	0.8654	1.2650	1.0377	0.8944	0.8879	0.8637	0.2778	1.3256	0.8919	1.1134	0.8131	0.2770	0.8726	1.1127	0.4683	1.1298	1.1869	1.0114	0.2783	1.0194	0.2798	0.9929	0.7714	0.2662	0.8307	0.9483	0.9060	1.1690	1.2739	0.8591	0.2632	0.8940	0.9240	0.6826	0.8788	0.2573	0.9677	1.0065	1.0593	0.9759	1.0092	0.2547	0.2569	1.0336	0.3632	0.4825	0.9682	0.2687	0.8991	0.9861	1.1025	0.9214	1.1314	0.9652	0.2726	0.7228	0.9162	0.8418	0.9133	0.2638	1.0437	0.2896	1.1787	0.2789	1.1268	0.9883	1.4389	0.8634	0.9375	0.9689	1.1217	0.9692	0.2660
6:39:16	30.2	0.2862	1.3652	1.0985	0.8501	1.1156	1.1410	0.9440	0.9606	1.0448	1.0075	0.2750	0.2832	1.2968	1.0757	0.8681	0.5436	1.0153	0.2657	1.1255	1.0051	1.0006	0.2646	0.2799	0.8816	1.2715	1.0631	0.9177	0.9109	0.8936	0.2777	1.3373	0.9025	1.1318	0.8142	0.2769	0.8979	1.1388	0.4935	1.1425	1.2075	1.0281	0.2786	1.0273	0.2799	1.0088	0.8087	0.2659	0.8703	0.9588	0.9251	1.1828	1.2803	0.8627	0.2640	0.8896	0.9280	0.6660	0.8977	0.2574	0.9827	1.0263	1.0788	0.9960	1.0261	0.2547	0.2569	1.0489	0.3685	0.5011	0.9857	0.2682	0.9279	1.0184	1.1247	0.9394	1.1533	0.9786	0.2723	0.7410	0.9387	0.8467	0.9546	0.2639	1.0587	0.2941	1.1988	0.2788	1.1467	1.0093	1.4465	0.8841	0.9773	0.9898	1.1333	0.9994	0.2658
6:49:16	30.2	0.2865	1.3707	1.1419	0.8643	1.1330	1.1615	0.9670	1.0098	1.0668	1.0028	0.2751	0.2833	1.3170	1.0942	0.8759	0.5745	1.0372	0.2660	1.1406	1.0406	1.0350	0.2646	0.2800	0.9194	1.2895	1.0733	0.9340	0.9387	0.9202	0.2778	1.3457	0.9469	1.1485	0.8276	0.2770	0.9390	1.1502	0.5205	1.1581	1.2132	1.0531	0.2787	1.0577	0.2798	1.0424	0.8225	0.2665	0.8513	0.9745	0.9459	1.1981	1.2983	0.8915	0.2677	0.9093	0.9630	0.6670	0.9204	0.2573	1.0195	1.0446	1.0842	1.0183	1.0452	0.2548	0.2570	1.0730	0.3733	0.5205	1.0246	0.2709	0.9546	1.0385	1.1389	0.9712	1.1601	1.0094	0.2726	0.7518	0.9729	0.8723	0.9693	0.2640	1.0778	0.2923	1.2220	0.2790	1.1653	1.0340	1.4566	0.8881	0.9989	1.0060	1.1543	1.0148	0.2660
6:59:16	30.2	0.2864	1.3818	1.1514	0.8766	1.1710	1.1803	1.0034	0.9628	1.0985	1.0362	0.2752	0.2833	1.3367	1.1138	0.8847	0.6167	1.0683	0.2659	1.1626	1.0788	1.0740	0.2646	0.2800	0.9603	1.3141	1.0828	0.9546	0.9557	0.9461	0.2779	1.3577	0.9867	1.1630	0.8481	0.2772	0.9685	1.1672	0.5476	1.1680	1.2209	1.0861	0.2782	1.0876	0.2800	1.0468	0.8278	0.2670	0.8679	0.9907	0.9716	1.2171	1.3055	0.9158	0.2625	0.9628	0.9901	0.6848	0.9450	0.2575	1.0247	1.0606	1.0955	1.0370	1.0738	0.2548	0.2573	1.0989	0.3791	0.5424	1.0463	0.2718	0.9833	1.0568	1.1570	0.9901	1.1941	1.0269	0.2728	0.7556	0.9979	0.9118	0.9861	0.2641	1.0950	0.2901	1.2364	0.2790	1.1790	1.0554	1.4631	0.9229	1.0352	1.0231	1.1688	1.0328	0.2660
7:09:16	30.2	0.2864	1.3933	1.1732	0.8969	1.1791	1.1862	1.0195	1.0162	1.1252	1.0625	0.2753	0.2832	1.3462	1.1442	0.8984	0.6365	1.0962	0.2659	1.1697	1.1005	1.0817	0.2646	0.2801	0.9864	1.3260	1.0947	0.9814	0.9895	0.9672	0.2779	1.3677	1.0103	1.1883	0.8798	0.2771	0.9892	1.1785	0.5781	1.1805	1.2452	1.1110	0.2789	1.1175	0.2802	1.0779	0.8538	0.2675	0.8828	1.0103	0.9939	1.2240	1.3188	0.9454	0.2723	0.9858	1.0190	0.6795	0.9825	0.2574	1.0505	1.0857	1.0985	1.0657	1.0991	0.2548	0.2571	1.1213	0.3845	0.5632	1.0804	0.2716	1.0027	1.0758	1.1715	1.0130	1.1936	1.0527	0.2728	0.7645	1.0259	0.9488	1.0137	0.2641	1.1100	0.2912	1.2508	0.2791	1.1961	1.0732	1.4740	0.9060	1.0643	1.0421	1.1884	1.0545	0.2661
7:19:16	30.3	0.2863	1.3994	1.1911	0.9111	1.2007	1.2032	1.0378	1.0651	1.1479	1.0908	0.2752	0.2832	1.3563	1.1690	0.9017	0.6630	1.1089	0.2658	1.1880	1.1172	1.1137	0.2646	0.2801	0.9932	1.3488	1.0928	1.0099	1.0126	0.9984	0.2779	1.3776	1.0445	1.1920	0.9137	0.2770	1.0188	1.1947	0.6080	1.1904	1.2577	1.1341	0.2780	1.1405	0.2805	1.1026	0.8682	0.2670	0.9077	0.9954	1.0193	1.2401	1.3285	0.9716	0.2613	1.0131	1.0552	0.7000	1.0100	0.2573	1.0717	1.0994	1.1055	1.0901	1.1171	0.2547	0.2570	1.1469	0.3905	0.5998	1.1013	0.2721	1.0298	1.0934	1.1839	1.0428	1.2130	1.0779	0.2727	0.7592	1.0466	0.9759	1.0431	0.2640	1.1236	0.2924	1.2625	0.2790	1.2144	1.0891	1.4789	0.9135	1.0772	1.0727	1.2099	1.0719	0.2659
7:29:16	30.2	0.2864	1.4125	1.2118	0.9325	1.1990	1.2206	1.0658	1.0693	1.1734	1.1041	0.2751	0.2834	1.3679	1.1758	0.9105	0.7034	1.1294	0.2659	1.2193	1.1285	1.1224	0.2646	0.2802	0.9878	1.3633	1.1067	1.0319	1.0470	1.0352	0.2779	1.3876	1.0662	1.2139	0.9459	0.2770	1.0320	1.2097	0.6331	1.2119	1.2877	1.1608	0.2786	1.1477	0.2800	1.1014	0.8819	0.2665	0.9473	1.0120	1.0423	1.2575	1.3252	1.0049	0.2613	1.0308	1.0649	0.7167	1.0291	0.2574	1.0879	1.1277	1.1121	1.1181	1.1390	0.2548	0.2572	1.1506	0.3944	0.6335	1.1117	0.2721	1.0473	1.1172	1.2070	1.0622	1.2132	1.0990	0.2728	0.7707	1.0549	0.9912	1.0677	0.2642	1.1358	0.2948	1.2785	0.2790	1.2293	1.0960	1.4865	0.9363	1.0952	1.0804	1.2231	1.0880	0.2660
7:39:16	30.2	0.2866	1.4227	1.2198	0.9455	1.2142	1.2296	1.0749	1.0624	1.2031	1.1225	0.2752	0.2833	1.3953	1.1967	0.9329	0.7148	1.1432	0.2658	1.2316	1.1484	1.1379	0.2647	0.2801	0.9960	1.3823	1.1206	1.0668	1.0613	1.0534	0.2781	1.3987	1.0869	1.2312	0.9661	0.2771	1.0437	1.2257	0.6674	1.2250	1.2885	1.1747	0.2785	1.1632	0.2800	1.1170	0.8874	0.2661	0.9554	1.0378	1.0646	1.2645	1.3512	1.0321	0.2687	1.0685	1.0835	0.7201	1.0543	0.2573	1.1002	1.1466	1.1074	1.1354	1.1582	0.2548	0.2570	1.1699	0.4102	0.6456	1.1287	0.2718	1.0720	1.1324	1.2137	1.0827	1.2581	1.1172	0.2727	0.7809	1.0761	1.0210	1.0940	0.2642	1.1455	0.2947	1.2927	0.2791	1.2405	1.1126	1.4890	0.9395	1.1120	1.1182	1.2321	1.1072	0.2660
7:49:16	30.2	0.2865	1.4298	1.2275	0.9648	1.2183	1.2415	1.0974	1.1466	1.2215	1.1329	0.2751	0.2832	1.4007	1.2051	0.9381	0.7551	1.1537	0.2660	1.2312	1.1655	1.1550	0.2647	0.2800	1.0034	1.3936	1.1294	1.0974	1.0836	1.0796	0.2779	1.4061	1.1010	1.2558	0.9883	0.2770	1.0626	1.2360	0.6968	1.2377	1.3003	1.1860	0.2789	1.1812	0.2800	1.1314	0.9052	0.2663	0.9766	1.0515	1.0986	1.2762	1.3597	1.0524	0.2617	1.1104	1.1060	0.7175	1.0787	0.2573	1.1201	1.1574	1.1174	1.1508	1.1741	0.2547	0.2570	1.1897	0.4359	0.6581	1.1515	0.2700	1.0914	1.1509	1.2245	1.1034	1.2670	1.1292	0.2726	0.7871	1.0951	1.0326	1.1250	0.2641	1.1560	0.2912	1.2989	0.2791	1.2551	1.1297	1.4947	0.9442	1.1293	1.1503	1.2493	1.1198	0.2660
7:59:16	30.2	0.2865	1.4385	1.2519	0.9756	1.2321	1.2443	1.1142	1.1015	1.2509	1.1591	0.2751	0.2833	1.4155	1.2232	0.9465	0.7665	1.1642	0.2659	1.2627	1.1765	1.1713	0.2647	0.2802	1.0175	1.4034	1.1391	1.1258	1.1070	1.1024	0.2779	1.4125	1.1184	1.2782	1.0173	0.2772	1.0722	1.2508	0.7224	1.2486	1.3132	1.2048	0.2787	1.1915	0.2802	1.1531	0.9246	0.2665	0.9975	1.0728	1.1145	1.2829	1.3712	1.0762	0.2618	1.1407	1.1264	0.7048	1.1003	0.2574	1.1372	1.1848	1.1277	1.1699	1.1926	0.2549	0.2573	1.2102	0.4502	0.6664	1.1696	0.2685	1.1119	1.1737	1.2351	1.1221	1.2808	1.1471	0.2726	0.7869	1.1147	1.0634	1.1661	0.2643	1.1674	0.2930	1.3159	0.2791	1.2610	1.1430	1.5011	0.9684	1.1507	1.1596	1.2607	1.1378	0.2660
8:09:16	30.2	0.2864	1.4461	1.2518	0.9962	1.2257	1.2608	1.1017	1.1646	1.2636	1.1727	0.2752	0.2833	1.4396	1.2395	0.9627	0.7989	1.1771	0.2659	1.2912	1.1883	1.1855	0.2647	0.2801	1.0367	1.4153	1.1485	1.1396	1.1270	1.1401	0.2780	1.4210	1.1421	1.2874	1.0272	0.2772	1.0949	1.2531	0.7639	1.2585	1.3452	1.2235	0.2787	1.2056	0.2799	1.1640	0.9462	0.2671	1.0548	1.0910	1.1273	1.3005	1.3803	1.1014	0.2649	1.1511	1.1461	0.7319	1.1213	0.2575	1.1522	1.2020	1.1282	1.1884	1.2002	0.2547	0.2572	1.2194	0.4676	0.6871	1.1820	0.2683	1.1320	1.1821	1.2654	1.1419	1.3022	1.1579	0.2729	0.7978	1.1372	1.0844	1.1819	0.2640	1.1716	0.2917	1.3237	0.2792	1.2742	1.1475	1.5076	0.9552	1.1637	1.1954	1.2730	1.1541	0.2661
8:19:16	30.2	0.2864	1.4517	1.2725	0.9948	1.2687	1.2832	1.1606	1.1795	1.2801	1.1904	0.2752	0.2833	1.4366	1.2570	0.9736	0.8241	1.2028	0.2659	1.2983	1.2069	1.1984	0.2647	0.2802	1.0543	1.4251	1.1553	1.1614	1.1522	1.1618	0.2779	1.4286	1.1554	1.3031	1.0540	0.2770	1.1204	1.2748	0.7863	1.2759	1.3452	1.2358	0.2783	1.2282	0.2799	1.1849	0.9538	0.2673	1.0653	1.0950	1.1575	1.3072	1.3995	1.1293	0.2615	1.1819	1.1610	0.7085	1.1384	0.2574	1.1654	1.2199	1.1417	1.2083	1.2227	0.2547	0.2569	1.2401	0.4385	0.6910	1.2028	0.2694	1.1511	1.2067	1.2744	1.1676	1.3101	1.1818	0.2726	0.8062	1.1559	1.1087	1.2101	0.2640	1.1894	0.2902	1.3445	0.2793	1.2888	1.1722	1.5163	0.9678	1.1810	1.2146	1.2783	1.1645	0.2660
8:29:16	30.2	0.2866	1.4635	1.2843	1.0063	1.2755	1.2861	1.1665	1.2021	1.3001	1.2114	0.2753	0.2834	1.4471	1.2625	0.9759	0.8418	1.2161	0.2661	1.3235	1.2219	1.2116	0.2647	0.2801	1.0665	1.4302	1.1606	1.1768	1.1682	1.1770	0.2781	1.4377	1.1636	1.3168	1.0770	0.2772	1.1341	1.2837	0.8173	1.2803	1.3623	1.2458	0.2783	1.2376	0.2800	1.1960	0.9535	0.2677	1.0900	1.1222	1.1753	1.3124	1.4060	1.1462	0.2614	1.1968	1.1740	0.7193	1.1569	0.2575	1.1769	1.2343	1.1473	1.2179	1.2346	0.2548	0.2576	1.2523	0.4591	0.7083	1.2136	0.2694	1.1650	1.2234	1.2746	1.1848	1.3187	1.1951	0.2729	0.8009	1.1728	1.1273	1.2272	0.2641	1.1949	0.2933	1.3496	0.2793	1.3017	1.1807	1.5225	0.9819	1.1974	1.2256	1.2899	1.1778	0.2662
8:39:16	30.2	0.2864	1.4703	1.2938	1.0050	1.2779	1.2966	1.1758	1.2174	1.3108	1.2208	0.2753	0.2834	1.4645	1.2773	0.9887	0.8626	1.2250	0.2660	1.3463	1.2312	1.2269	0.2648	0.2801	1.0904	1.4552	1.1748	1.1838	1.1830	1.2008	0.2780	1.4461	1.1806	1.3312	1.0955	0.2773	1.1480	1.2998	0.8357	1.2916	1.3611	1.2589	0.2800	1.2530	0.2800	1.2086	0.9799	0.2680	1.1152	1.1374	1.1901	1.3192	1.4188	1.1687	0.2616	1.2161	1.1882	0.7176	1.1762	0.2575	1.1945	1.2543	1.1582	1.2341	1.2530	0.2550	0.2573	1.2689	0.4647	0.7108	1.2294	0.2705	1.1833	1.2377	1.2989	1.2045	1.3434	1.2132	0.2729	0.8208	1.1869	1.1443	1.2571	0.2643	1.2039	0.2924	1.3625	0.2793	1.3162	1.1928	1.5305	0.9832	1.2155	1.2477	1.3071	1.1955	0.2661
8:49:16	30.2	0.2865	1.4746	1.3033	1.0204	1.2998	1.3150	1.2038	1.2540	1.3313	1.2186	0.2752	0.2834	1.4665	1.2903	0.9990	0.8719	1.2376	0.2659	1.3528	1.2501	1.2476	0.2647	0.2801	1.1145	1.4548	1.1823	1.2157	1.2075	1.2229	0.2779	1.4523	1.2044	1.3484	1.1130	0.2772	1.1638	1.3029	0.8777	1.3043	1.3698	1.2777	0.2789	1.2686	0.2797	1.2238	0.9877	0.2678	1.1495	1.1661	1.2063	1.3238	1.4317	1.1835	0.2614	1.2363	1.2122	0.7045	1.1872	0.2574	1.2015	1.2671	1.1631	1.2556	1.2653	0.2547	0.2576	1.2831	0.4741	0.7186	1.2358	0.2705	1.1960	1.2525	1.3198	1.2207	1.3469	1.2320	0.2732	0.8306	1.2003	1.1602	1.2690	0.2640	1.2135	0.2936	1.3687	0.2791	1.3302	1.2032	1.5390	0.9927	1.2269	1.2798	1.3086	1.2054	0.2661
8:59:16	30.2	0.2865	1.4815	1.3127	1.0283	1.3071	1.3221	1.2156	1.2556	1.3490	1.2415	0.2753	0.2833	1.4794	1.3009	1.0077	0.8919	1.2549	0.2660	1.3635	1.2543	1.2572	0.2647	0.2801	1.1484	1.4627	1.1883	1.2272	1.2202	1.2419	0.2779	1.4581	1.2164	1.3623	1.1299	0.2772	1.1720	1.3127	0.9022	1.3112	1.3886	1.2895	0.2788	1.2771	0.2799	1.2331	0.9830	0.2680	1.1737	1.1811	1.2237	1.3324	1.4390	1.1945	0.2615	1.2632	1.2229	0.7095	1.2039	0.2575	1.2117	1.2774	1.1706	1.2650	1.2763	0.2548	0.2575	1.2895	0.4816	0.7444	1.2523	0.2698	1.2124	1.2602	1.3289	1.2328	1.3424	1.2417	0.2730	0.8164	1.2164	1.1713	1.2827	0.2642	1.2184	0.2927	1.3783	0.2792	1.3303	1.2141	1.5426	1.0097	1.2426	1.2828	1.3239	1.2231	0.2660
9:09:16	30.2	0.2866	1.4874	1.3233	1.0396	1.3086	1.3310	1.2199	1.2651	1.3621	1.2564	0.2753	0.2834	1.4886	1.2992	1.0117	0.8998	1.2574	0.2660	1.3743	1.2623	1.2607	0.2648	0.2803	1.1728	1.4738	1.1970	1.2374	1.2281	1.2593	0.2781	1.4651	1.2244	1.3736	1.1493	0.2772	1.1790	1.3189	0.9343	1.3200	1.3937	1.2996	0.2790	1.2890	0.2798	1.2432	1.0004	0.2678	1.1983	1.1990	1.2319	1.3346	1.4468	1.2145	0.2687	1.2699	1.2347	0.7265	1.2156	0.2575	1.2247	1.2926	1.1768	1.2787	1.2896	0.2549	0.2579	1.2958	0.4920	0.7556	1.2623	0.2707	1.2244	1.2742	1.3481	1.2447	1.3712	1.2507	0.2742	0.8321	1.2315	1.1876	1.3047	0.2642	1.2267	0.2913	1.3893	0.2793	1.3421	1.2254	1.5495	1.0182	1.2544	1.3072	1.3269	1.2348	0.2661
9:19:16	30.2	0.2864	1.4952	1.3321	1.0514	1.3257	1.3290	1.2192	1.2960	1.3717	1.2560	0.2751	0.2833	1.4990	1.3222	1.0222	0.9297	1.2661	0.2658	1.3863	1.2757	1.2679	0.2647	0.2801	1.1700	1.4794	1.1984	1.2424	1.2421	1.2705	0.2779	1.4723	1.2217	1.3826	1.1661	0.2772	1.1962	1.3295	0.9626	1.3272	1.3957	1.3060	0.2786	1.2975	0.2797	1.2529	1.0052	0.2676	1.2125	1.2099	1.2415	1.3436	1.4491	1.2253	0.2616	1.2894	1.2392	0.7402	1.2287	0.2573	1.2400	1.3039	1.1787	1.2852	1.3007	0.2547	0.2576	1.3098	0.5092	0.7682	1.2766	0.2702	1.2360	1.2844	1.3433	1.2568	1.3575	1.2605	0.2735	0.8314	1.2359	1.1976	1.3171	0.2643	1.2331	0.2908	1.3992	0.2793	1.3479	1.2282	1.5534	1.0381	1.2632	1.3180	1.3417	1.2418	0.2659
9:29:16	30.2	0.2865	1.4990	1.3434	1.0700	1.3314	1.3402	1.2325	1.3055	1.3803	1.2660	0.2752	0.2833	1.5101	1.3279	1.0313	0.9561	1.2690	0.2659	1.4044	1.2885	1.2834	0.2647	0.2801	1.1909	1.4910	1.2182	1.2668	1.2606	1.3054	0.2779	1.4804	1.2446	1.3916	1.1815	0.2772	1.2065	1.3405	0.9920	1.3388	1.4213	1.3205	0.2785	1.3115	0.2798	1.2603	1.0185	0.2677	1.2500	1.2293	1.2589	1.3472	1.4590	1.2496	0.2639	1.3122	1.2540	0.7594	1.2443	0.2574	1.2476	1.3202	1.1879	1.3015	1.3094	0.2549	0.2581	1.3170	0.5262	0.7876	1.2794	0.2703	1.2515	1.3004	1.3632	1.2720	1.3819	1.2769	0.2733	0.8487	1.2491	1.2146	1.3217	0.2642	1.2372	0.2927	1.4102	0.2794	1.3612	1.2382	1.5619	1.0477	1.2835	1.3436	1.3545	1.2532	0.2660
9:39:16	30.2	0.2866	1.5033	1.3453	1.0659	1.3400	1.3546	1.2651	1.3252	1.3947	1.2961	0.2754	0.2835	1.5129	1.3362	1.0347	0.9686	1.2915	0.2660	1.4123	1.3030	1.2990	0.2647	0.2803	1.2019	1.4952	1.2205	1.2836	1.2723	1.3014	0.2781	1.4865	1.2687	1.4073	1.1954	0.2772	1.2226	1.3473	0.9983	1.3507	1.4138	1.3321	0.2789	1.3282	0.2800	1.2793	1.0125	0.2682	1.2479	1.2432	1.2705	1.3540	1.4700	1.2555	0.2627	1.3273	1.2632	0.7470	1.2641	0.2575	1.2613	1.3337	1.1940	1.3162	1.3321	0.2550	0.2582	1.3368	0.5323	0.7885	1.2993	0.2690	1.2629	1.3111	1.3654	1.2971	1.3968	1.2920	0.2734	0.8504	1.2704	1.2316	1.3517	0.2644	1.2460	0.2920	1.4213	0.2796	1.3679	1.2411	1.5672	1.0922	1.2979	1.3575	1.3627	1.2668	0.2662
9:49:16	30.2	0.2868	1.5111	1.3557	1.0829	1.3435	1.3644	1.2572	1.3338	1.4059	1.3092	0.2753	0.2834	1.5191	1.3431	1.0516	1.0103	1.3080	0.2661	1.4227	1.3031	1.2993	0.2648	0.2804	1.2069	1.5059	1.2302	1.2949	1.2848	1.3263	0.2780	1.4926	1.2656	1.4130	1.2089	0.2774	1.2299	1.3638	1.0243	1.3575	1.4310	1.3429	0.2789	1.3301	0.2798	1.2864	1.0263	0.2689	1.2775	1.2577	1.2783	1.3580	1.4732	1.2726	0.2627	1.3459	1.2767	0.7623	1.2720	0.2575	1.2778	1.3417	1.1931	1.3331	1.3369	0.2550	0.2585	1.3408	0.5330	0.8152	1.3128	0.2702	1.2824	1.3183	1.3823	1.3025	1.4062	1.2943	0.2756	0.8567	1.2780	1.2406	1.3635	0.2642	1.2514	0.2951	1.4256	0.2795	1.3810	1.2487	1.5749	1.0739	1.3053	1.3752	1.3709	1.2780	0.2662
9:59:16	30.2	0.2866	1.5167	1.3710	1.0953	1.3617	1.3874	1.2723	1.3505	1.4174	1.3151	0.2753	0.2834	1.5251	1.3520	1.0580	1.0276	1.3155	0.2659	1.4315	1.3250	1.3190	0.2648	0.2803	1.2190	1.5102	1.2364	1.3040	1.2993	1.3392	0.2780	1.4962	1.2841	1.4300	1.2268	0.2773	1.2531	1.3649	1.0385	1.3655	1.4444	1.3559	0.2796	1.3509	0.2800	1.3001	1.0365	0.2697	1.2757	1.2737	1.3007	1.3588	1.4846	1.2870	0.2716	1.3477	1.2920	0.7634	1.2856	0.2575	1.2859	1.3563	1.2012	1.3418	1.3484	0.2549	0.2586	1.3552	0.5396	0.8161	1.3272	0.2704	1.2900	1.3316	1.3882	1.3202	1.4087	1.3135	0.2735	0.8761	1.2932	1.2566	1.3857	0.2644	1.2578	0.2915	1.4378	0.2796	1.3896	1.2592	1.5796	1.0840	1.3213	1.3879	1.3834	1.2882	0.2661
10:09:16	30.2	0.2866	1.5196	1.3780	1.1101	1.3610	1.3988	1.2774	1.3627	1.4276	1.3252	0.2752	0.2834	1.5344	1.3679	1.0711	1.0578	1.3247	0.2659	1.4345	1.3284	1.3279	0.2648	0.2802	1.2362	1.5168	1.2443	1.3103	1.3097	1.3503	0.2780	1.5051	1.2941	1.4376	1.2380	0.2773	1.2598	1.3736	1.0622	1.3730	1.4543	1.3602	0.2811	1.3591	0.2800	1.3089	1.0484	0.2705	1.3019	1.2813	1.3058	1.3571	1.4904	1.3006	0.2676	1.3726	1.3055	0.7590	1.2974	0.2574	1.3017	1.3643	1.2139	1.3466	1.3618	0.2549	0.2587	1.3619	0.5415	0.8282	1.3337	0.2697	1.3071	1.3408	1.3985	1.3302	1.4219	1.3224	0.2735	0.8873	1.3072	1.2682	1.3929	0.2641	1.2654	0.2920	1.4455	0.2797	1.3998	1.2641	1.5858	1.1259	1.3348	1.4084	1.3909	1.2997	0.2661
10:19:16	30.2	0.2865	1.5212	1.3970	1.1173	1.3723	1.4053	1.2941	1.3776	1.4364	1.3381	0.2753	0.2835	1.5388	1.3722	1.0823	1.0825	1.3298	0.2659	1.4365	1.3435	1.3435	0.2647	0.2803	1.2600	1.5269	1.2541	1.3283	1.3180	1.3651	0.2781	1.5073	1.3080	1.4462	1.2567	0.2774	1.2705	1.3746	1.0782	1.3805	1.4623	1.3644	0.2798	1.3711	0.2801	1.3180	1.0543	0.2715	1.3118	1.2908	1.3139	1.3732	1.4973	1.3073	0.2619	1.3844	1.3050	0.7721	1.3090	0.2576	1.3194	1.3750	1.2125	1.3583	1.3701	0.2550	0.2593	1.3745	0.5451	0.8399	1.3409	0.2701	1.3188	1.3509	1.4082	1.3434	1.4238	1.3340	0.2774	0.8919	1.3177	1.2843	1.4057	0.2644	1.2712	0.2929	1.4491	0.2798	1.4012	1.2761	1.5903	1.1271	1.3380	1.4134	1.3946	1.3056	0.2661
10:29:16	30.2	0.2868	1.5244	1.4093	1.1355	1.3959	1.4299	1.3326	1.3883	1.4439	1.3508	0.2755	0.2835	1.5431	1.3784	1.0921	1.0903	1.3481	0.2662	1.4557	1.3542	1.3671	0.2650	0.2804	1.2758	1.5272	1.2602	1.3364	1.3274	1.3766	0.2782	1.5107	1.3167	1.4540	1.2713	0.2774	1.2912	1.3823	1.0923	1.3922	1.4718	1.3773	0.2810	1.3879	0.2803	1.3271	1.0660	0.2728	1.3219	1.3087	1.3220	1.3707	1.5037	1.3255	0.2625	1.3918	1.3217	0.7790	1.3183	0.2578	1.3242	1.3849	1.2247	1.3737	1.3785	0.2550	0.2598	1.3854	0.5504	0.8569	1.3483	0.2704	1.3353	1.3616	1.4155	1.3508	1.4362	1.3447	0.2754	0.9129	1.3306	1.2933	1.4184	0.2645	1.2790	0.2922	1.4555	0.2801	1.4128	1.2855	1.5975	1.1645	1.3604	1.4281	1.4227	1.3155	0.2664
10:39:16	30.2	0.2865	1.5282	1.4153	1.1490	1.4031	1.4381	1.3484	1.3961	1.4499	1.3774	0.2753	0.2834	1.5488	1.3775	1.1041	1.1196	1.3509	0.2660	1.4557	1.3611	1.3831	0.2648	0.2802	1.2836	1.5319	1.2695	1.3463	1.3431	1.3873	0.2781	1.5233	1.3263	1.4593	1.2726	0.2773	1.3008	1.3933	1.1117	1.3959	1.4754	1.3934	0.2797	1.3999	0.2804	1.3303	1.0774	0.2735	1.3495	1.3122	1.3316	1.3704	1.5039	1.3321	0.2621	1.3956	1.3301	0.7911	1.3210	0.2575	1.3296	1.3933	1.2222	1.3769	1.3877	0.2551	0.2601	1.3876	0.5514	0.8672	1.3562	0.2713	1.3370	1.3702	1.4213	1.3617	1.4424	1.3557	0.2768	0.9176	1.3391	1.2945	1.4408	0.2643	1.2850	0.2904	1.4674	0.2801	1.4189	1.2914	1.6027	1.1516	1.3742	1.4396	1.4293	1.3251	0.2661
10:49:16	30.2	0.2868	1.5287	1.4289	1.1667	1.4207	1.4252	1.3594	1.4029	1.4586	1.3874	0.2754	0.2836	1.5541	1.4014	1.1157	1.1307	1.3673	0.2661	1.4669	1.3784	1.3979	0.2649	0.2803	1.2926	1.5408	1.2800	1.3560	1.3542	1.3998	0.2781	1.5231	1.3375	1.4650	1.2854	0.2774	1.3218	1.4061	1.1318	1.3953	1.4859	1.4198	0.2801	1.4142	0.2805	1.3493	1.0887	0.2743	1.3704	1.3162	1.3411	1.3719	1.5052	1.3387	0.2624	1.4069	1.3402	0.7955	1.3387	0.2576	1.3328	1.4074	1.2284	1.3869	1.3962	0.2550	0.2608	1.3953	0.5575	0.8817	1.3728	0.2708	1.3362	1.3809	1.4330	1.3728	1.4499	1.3613	0.2757	0.9390	1.3491	1.3063	1.4497	0.2642	1.2911	0.2944	1.4723	0.2802	1.4250	1.3017	1.6059	1.1633	1.3777	1.4506	1.4324	1.3370	0.2662
10:59:16	30.2	0.2866	1.5327	1.4219	1.1843	1.4284	1.4446	1.3778	1.4108	1.4579	1.4018	0.2753	0.2833	1.5611	1.4114	1.1365	1.1484	1.3919	0.2658	1.4712	1.3936	1.3989	0.2647	0.2801	1.3046	1.5537	1.2851	1.3779	1.3639	1.4146	0.2780	1.5291	1.3461	1.4725	1.2960	0.2773	1.3318	1.4118	1.1510	1.4217	1.4937	1.4264	0.2798	1.4275	0.2801	1.3632	1.0982	0.2758	1.3798	1.3252	1.3440	1.3765	1.5151	1.3480	0.2624	1.4192	1.3499	0.8067	1.3605	0.2574	1.3385	1.4176	1.2333	1.3955	1.4091	0.2549	0.2614	1.4083	0.5664	0.9004	1.3844	0.2708	1.3569	1.3993	1.4421	1.3772	1.4589	1.3674	0.2767	0.9505	1.3527	1.3167	1.4534	0.2643	1.2966	0.2894	1.4819	0.2801	1.4316	1.3119	1.6122	1.1767	1.3876	1.4591	1.4370	1.3367	0.2660
11:09:16	30.2	0.2866	1.5360	1.4377	1.1861	1.4331	1.4401	1.3830	1.4085	1.4651	1.4040	0.2753	0.2834	1.5625	1.4235	1.1470	1.1579	1.4050	0.2660	1.4751	1.4037	1.4048	0.2648	0.2802	1.3065	1.5586	1.2879	1.4000	1.3708	1.4170	0.2780	1.5354	1.3426	1.4757	1.3006	0.2772	1.3454	1.4289	1.1570	1.4336	1.5031	1.4259	0.2802	1.4275	0.2806	1.3719	1.1032	0.2774	1.3825	1.3268	1.3624	1.3847	1.5235	1.3681	0.2624	1.4288	1.3574	0.8059	1.3708	0.2575	1.3505	1.4191	1.2413	1.4037	1.4194	0.2550	0.2625	1.4242	0.5769	0.9212	1.3942	0.2713	1.3550	1.4019	1.4572	1.3889	1.4653	1.3835	0.2768	0.9604	1.3699	1.3389	1.4592	0.2644	1.3021	0.2911	1.4818	0.2804	1.4493	1.3216	1.6184	1.2023	1.3961	1.4739	1.4505	1.3439	0.2662
11:19:16	30.2	0.2869	1.5391	1.4397	1.2022	1.4450	1.4557	1.3919	1.4227	1.4723	1.4104	0.2753	0.2835	1.5699	1.4279	1.1567	1.1441	1.4099	0.2660	1.4820	1.4083	1.4075	0.2648	0.2803	1.3112	1.5593	1.2997	1.4040	1.3871	1.4308	0.2781	1.5427	1.3662	1.4808	1.3284	0.2773	1.3500	1.4201	1.1604	1.4277	1.5064	1.4362	0.2812	1.4410	0.2805	1.3839	1.1205	0.2777	1.3874	1.3407	1.3825	1.3855	1.5294	1.3926	0.2629	1.4299	1.3785	0.8050	1.3850	0.2577	1.3575	1.4353	1.2556	1.4192	1.4342	0.2550	0.2636	1.4336	0.5868	0.9653	1.3983	0.2707	1.3696	1.4134	1.4619	1.4052	1.4767	1.4001	0.2806	0.9815	1.3862	1.3580	1.4530	0.2642	1.3083	0.2900	1.4888	0.2806	1.4422	1.3333	1.6246	1.2044	1.4084	1.4755	1.4621	1.3644	0.2662
11:29:16	30.2	0.2866	1.5344	1.4533	1.2115	1.4477	1.4572	1.3863	1.4238	1.4789	1.4120	0.2753	0.2835	1.5725	1.4365	1.1705	1.1667	1.4089	0.2660	1.4916	1.4148	1.4187	0.2649	0.2803	1.3266	1.5700	1.3005	1.4171	1.3969	1.4354	0.2781	1.5466	1.3731	1.4808	1.3465	0.2773	1.3510	1.4283	1.1933	1.4530	1.5143	1.4458	0.2814	1.4470	0.2805	1.3912	1.1221	0.2814	1.4026	1.3403	1.3773	1.3867	1.5312	1.4004	0.2629	1.4424	1.3858	0.8231	1.3866	0.2576	1.3613	1.4497	1.2648	1.4283	1.4490	0.2552	0.2645	1.4406	0.5971	0.9804	1.4069	0.2705	1.3755	1.4200	1.4754	1.4056	1.4753	1.4048	0.2813	0.9984	1.3912	1.3608	1.4650	0.2642	1.3138	0.2899	1.4950	0.2809	1.4527	1.3379	1.6265	1.2066	1.4081	1.4850	1.4596	1.3723	0.2662
11:39:16	30.2	0.2867	1.5391	1.4581	1.2294	1.4517	1.4664	1.4020	1.4346	1.4871	1.4223	0.2754	0.2834	1.5779	1.4341	1.1805	1.1903	1.4126	0.2659	1.4842	1.4177	1.4257	0.2648	0.2803	1.3338	1.5744	1.3071	1.4338	1.4125	1.4441	0.2781	1.5495	1.3830	1.4862	1.3529	0.2772	1.3548	1.4383	1.1972	1.4591	1.5160	1.4514	0.2822	1.4517	0.2808	1.3986	1.1348	0.2840	1.4093	1.3398	1.4006	1.3959	1.5347	1.4146	0.2631	1.4539	1.3980	0.8168	1.3920	0.2574	1.3679	1.4565	1.2736	1.4342	1.4482	0.2552	0.2658	1.4444	0.6110	0.9976	1.4152	0.2716	1.3860	1.4261	1.4824	1.4298	1.4836	1.4100	0.2786	1.0066	1.4012	1.3654	1.4581	0.2643	1.3204	0.2904	1.5029	0.2810	1.4595	1.3491	1.6325	1.2184	1.4191	1.4868	1.4801	1.3834	0.2661
11:49:16	30.2	0.2869	1.5377	1.4545	1.2426	1.4516	1.4718	1.3997	1.4320	1.4921	1.4267	0.2754	0.2836	1.5828	1.4382	1.1936	1.1982	1.4210	0.2662	1.4906	1.4207	1.4261	0.2649	0.2804	1.3418	1.5768	1.3163	1.4322	1.4259	1.4558	0.2782	1.5527	1.3945	1.4892	1.3676	0.2774	1.3599	1.4425	1.2075	1.4500	1.5196	1.4564	0.2837	1.4587	0.2813	1.3998	1.1444	0.2882	1.4163	1.3527	1.3989	1.3872	1.5405	1.4147	0.2631	1.4562	1.4120	0.8235	1.4081	0.2577	1.3730	1.4623	1.2838	1.4356	1.4506	0.2553	0.2677	1.4494	0.6227	1.0279	1.4268	0.2712	1.3937	1.4266	1.4888	1.4300	1.4874	1.4157	0.2823	1.0224	1.4144	1.3704	1.4671	0.2644	1.3233	0.2897	1.5025	0.2816	1.4635	1.3561	1.6362	1.2285	1.4292	1.4909	1.4743	1.3893	0.2661
11:59:16	30.2	0.2868	1.5381	1.4613	1.2584	1.4558	1.4758	1.4130	1.4435	1.5035	1.4399	0.2754	0.2835	1.5844	1.4435	1.2068	1.2208	1.4273	0.2660	1.4940	1.4318	1.4313	0.2647	0.2802	1.3516	1.5769	1.3167	1.4354	1.4178	1.4614	0.2782	1.5555	1.4186	1.4914	1.3761	0.2774	1.3896	1.4571	1.2285	1.4661	1.5209	1.4649	0.2838	1.4653	0.2814	1.4099	1.1489	0.2935	1.4242	1.3507	1.4053	1.3995	1.5418	1.4265	0.2636	1.4629	1.4162	0.8438	1.4110	0.2576	1.3770	1.4621	1.2989	1.4409	1.4569	0.2552	0.2699	1.4529	0.6357	1.0456	1.4262	0.2716	1.4034	1.4337	1.4877	1.4334	1.4933	1.4243	0.2832	1.0425	1.4151	1.3798	1.4768	0.2642	1.3273	0.2914	1.5146	0.2818	1.4734	1.3629	1.6394	1.2292	1.4307	1.4919	1.4771	1.3938	0.2661
12:09:16	30.2	0.2867	1.5375	1.4683	1.2588	1.4581	1.4742	1.4210	1.4441	1.5101	1.4420	0.2753	0.2834	1.5824	1.4439	1.2166	1.2184	1.4292	0.2661	1.4917	1.4316	1.4320	0.2649	0.2803	1.3560	1.5665	1.3185	1.4321	1.4336	1.4636	0.2781	1.5597	1.4223	1.4977	1.3837	0.2773	1.3853	1.4609	1.2214	1.4606	1.5213	1.4648	0.2850	1.4682	0.2816	1.4183	1.1662	0.2992	1.4333	1.3659	1.4104	1.3956	1.5421	1.4271	0.2676	1.4664	1.4190	0.8399	1.4203	0.2576	1.3850	1.4718	1.3162	1.4545	1.4612	0.2551	0.2719	1.4618	0.6530	1.0646	1.4364	0.2707	1.4107	1.4379	1.4891	1.4351	1.4989	1.4297	0.2776	1.0518	1.4208	1.3935	1.4796	0.2643	1.3371	0.2914	1.5128	0.2820	1.4766	1.3731	1.6413	1.2576	1.4374	1.4982	1.4816	1.3987	0.2661
12:19:16	30.2	0.2868	1.5402	1.4718	1.2784	1.4623	1.4879	1.4287	1.4571	1.5155	1.4461	0.2754	0.2836	1.5868	1.4518	1.2306	1.2312	1.4377	0.2661	1.4981	1.4446	1.4396	0.2650	0.2804	1.3613	1.5678	1.3273	1.4442	1.4336	1.4703	0.2784	1.5648	1.4299	1.4977	1.3812	0.2773	1.3891	1.4668	1.2386	1.4698	1.5260	1.4738	0.2858	1.4770	0.2820	1.4246	1.1748	0.3064	1.4453	1.3718	1.4189	1.4044	1.5414	1.4372	0.2702	1.4741	1.4272	0.8471	1.4284	0.2577	1.3960	1.4847	1.3272	1.4588	1.4641	0.2554	0.2748	1.4664	0.6703	1.0874	1.4414	0.2705	1.4123	1.4409	1.4956	1.4549	1.5044	1.4253	0.2841	1.0686	1.4302	1.4000	1.4882	0.2644	1.3431	0.2931	1.5330	0.2828	1.4821	1.3836	1.6435	1.2860	1.4499	1.5095	1.4893	1.4044	0.2662
12:29:16	30.2	0.2868	1.5429	1.4740	1.2923	1.4754	1.4918	1.4276	1.4711	1.5246	1.4499	0.2755	0.2836	1.5881	1.4598	1.2422	1.2447	1.4424	0.2661	1.4998	1.4481	1.4465	0.2649	0.2805	1.3640	1.5723	1.3324	1.4564	1.4473	1.4762	0.2782	1.5697	1.4324	1.5078	1.3919	0.2773	1.3954	1.4687	1.2456	1.4815	1.5269	1.4791	0.2867	1.4856	0.2824	1.4306	1.1862	0.3166	1.4550	1.3754	1.4439	1.4056	1.5467	1.4464	0.2648	1.4777	1.4268	0.8553	1.4277	0.2578	1.4024	1.4924	1.3359	1.4711	1.4804	0.2553	0.2774	1.4761	0.6892	1.0967	1.4455	0.2709	1.4108	1.4642	1.4964	1.4651	1.5084	1.4484	0.2793	1.0837	1.4354	1.4073	1.4980	0.2644	1.3501	0.2909	1.5342	0.2835	1.4921	1.3886	1.6467	1.2715	1.4489	1.5095	1.4956	1.4065	0.2662
12:39:16	30.2	0.2867	1.5449	1.4807	1.3104	1.4761	1.5000	1.4311	1.4813	1.5271	1.4455	0.2754	0.2835	1.5925	1.4597	1.2548	1.2701	1.4486	0.2661	1.5119	1.4517	1.4529	0.2649	0.2803	1.3627	1.5804	1.3359	1.4619	1.4525	1.4848	0.2783	1.5708	1.4351	1.5093	1.3987	0.2774	1.3976	1.4739	1.2831	1.4871	1.5304	1.4833	0.2890	1.4903	0.2828	1.4311	1.1929	0.3252	1.4694	1.3670	1.4368	1.4159	1.5428	1.4522	0.2655	1.4824	1.4342	0.8744	1.4369	0.2578	1.4005	1.4916	1.3381	1.4724	1.4828	0.2555	0.2810	1.4786	0.7081	1.1115	1.4453	0.2713	1.4151	1.4617	1.5016	1.4654	1.5112	1.4513	0.2825	1.1039	1.4412	1.4182	1.5008	0.2645	1.3542	0.2889	1.5408	0.2836	1.4919	1.3959	1.6503	1.2775	1.4551	1.5102	1.5024	1.4050	0.2662
12:49:16	30.2	0.2868	1.5441	1.4854	1.3218	1.4831	1.4985	1.4370	1.4944	1.5314	1.4522	0.2754	0.2836	1.5907	1.4717	1.2592	1.2603	1.4551	0.2661	1.5079	1.4560	1.4595	0.2649	0.2803	1.3672	1.5787	1.3423	1.4591	1.4599	1.4894	0.2783	1.5768	1.4425	1.5141	1.4135	0.2774	1.4066	1.4808	1.2843	1.4891	1.5309	1.4909	0.2905	1.4941	0.2832	1.4397	1.2039	0.3388	1.4753	1.3802	1.4391	1.4188	1.5467	1.4565	0.2671	1.4862	1.4362	0.8782	1.4385	0.2579	1.4034	1.5039	1.3496	1.4833	1.4925	0.2557	0.2846	1.4859	0.7282	1.1275	1.4492	0.2714	1.4179	1.4768	1.5105	1.4771	1.5107	1.4589	0.2875	1.1198	1.4434	1.4239	1.5087	0.2645	1.3583	0.2922	1.5428	0.2844	1.5013	1.4001	1.6542	1.2858	1.4585	1.5208	1.5084	1.4208	0.2662
12:59:16	30.2	0.2869	1.5493	1.4881	1.3333	1.4867	1.5048	1.4439	1.4967	1.5429	1.4578	0.2755	0.2836	1.5942	1.4759	1.2715	1.2644	1.4554	0.2662	1.5152	1.4597	1.4642	0.2650	0.2805	1.3711	1.5827	1.3436	1.4688	1.4629	1.4960	0.2785	1.5765	1.4450	1.5206	1.4217	0.2775	1.4085	1.4860	1.2851	1.4943	1.5341	1.4956	0.2938	1.4969	0.2839	1.4404	1.2130	0.3563	1.4871	1.3887	1.4527	1.4223	1.5499	1.4631	0.2681	1.4885	1.4496	0.8885	1.4441	0.2580	1.4085	1.5061	1.3652	1.4825	1.4947	0.2559	0.2891	1.4869	0.7493	1.1457	1.4514	0.2718	1.4190	1.4812	1.5085	1.4839	1.5162	1.4650	0.2881	1.1321	1.4496	1.4260	1.5109	0.2644	1.3649	0.2926	1.5548	0.2853	1.4895	1.4089	1.6546	1.2927	1.4691	1.5259	1.5104	1.4146	0.2664
13:09:16	30.2	0.2868	1.5541	1.4926	1.3414	1.4783	1.5056	1.4404	1.4997	1.5483	1.4660	0.2755	0.2835	1.5933	1.4783	1.2848	1.2875	1.4623	0.2659	1.5187	1.4656	1.4665	0.2648	0.2803	1.3856	1.5830	1.3506	1.4708	1.4593	1.4992	0.2785	1.5817	1.4469	1.5248	1.4228	0.2773	1.4142	1.4844	1.2920	1.4926	1.5381	1.4966	0.2967	1.5017	0.2845	1.4507	1.2219	0.3659	1.4986	1.3940	1.4519	1.4221	1.5532	1.4649	0.2679	1.4958	1.4491	0.9055	1.4509	0.2579	1.4111	1.5003	1.3690	1.4868	1.4926	0.2557	0.2935	1.4924	0.7705	1.1412	1.4579	0.2717	1.4269	1.4808	1.5030	1.4763	1.5208	1.4642	0.2840	1.1504	1.4524	1.4324	1.5228	0.2644	1.3695	0.2894	1.5439	0.2867	1.4985	1.4115	1.6559	1.3261	1.4657	1.5323	1.5134	1.4203	0.2663
13:19:16	30.2	0.2867	1.5561	1.4980	1.3523	1.4828	1.5067	1.4484	1.5099	1.5510	1.4629	0.2755	0.2837	1.5971	1.4870	1.2913	1.2747	1.4659	0.2661	1.5298	1.4660	1.4706	0.2649	0.2804	1.3840	1.5849	1.3549	1.4742	1.4664	1.5090	0.2786	1.5836	1.4582	1.5303	1.4262	0.2773	1.4228	1.4857	1.2909	1.4967	1.5395	1.5017	0.2980	1.5069	0.2848	1.4513	1.2323	0.3849	1.5031	1.3933	1.4589	1.4249	1.5570	1.4698	0.2702	1.4987	1.4586	0.9212	1.4550	0.2580	1.4218	1.5123	1.3836	1.4954	1.5002	0.2559	0.2982	1.4985	0.7955	1.1679	1.4648	0.2717	1.4275	1.4849	1.5174	1.4930	1.5228	1.4721	0.2893	1.1660	1.4635	1.4384	1.5182	0.2644	1.3757	0.2942	1.5555	0.2872	1.5070	1.4218	1.6596	1.3285	1.4738	1.5392	1.5165	1.4260	0.2662
13:29:16	30.2	0.2868	1.5567	1.4925	1.3608	1.4853	1.5145	1.4549	1.5147	1.5576	1.4689	0.2755	0.2835	1.6030	1.4841	1.2985	1.2811	1.4677	0.2660	1.5347	1.4690	1.4705	0.2650	0.2804	1.3707	1.5860	1.3562	1.4721	1.4726	1.5098	0.2791	1.5870	1.4635	1.5330	1.4239	0.2773	1.4249	1.4899	1.3104	1.4931	1.5466	1.5047	0.3029	1.5100	0.2865	1.4523	1.2371	0.3928	1.5095	1.3815	1.4545	1.4261	1.5564	1.4713	0.2723	1.5027	1.4633	0.9388	1.4583	0.2581	1.4157	1.5077	1.3982	1.4867	1.4971	0.2562	0.3055	1.5011	0.8178	1.1647	1.4693	0.2720	1.4315	1.4769	1.5087	1.4844	1.5255	1.4677	0.2951	1.1814	1.4622	1.4440	1.5282	0.2645	1.3801	0.2911	1.5433	0.2935	1.5005	1.4240	1.6603	1.3205	1.4752	1.5388	1.5176	1.4295	0.2662
13:39:16	30.2	0.2868	1.5583	1.5054	1.3704	1.4906	1.5125	1.4586	1.5232	1.5572	1.4722	0.2755	0.2837	1.6019	1.4915	1.3108	1.2916	1.4735	0.2662	1.5404	1.4761	1.4782	0.2650	0.2806	1.3877	1.5863	1.3617	1.4891	1.4821	1.5011	0.2788	1.5882	1.4666	1.5360	1.4331	0.2774	1.4280	1.4974	1.3053	1.5076	1.5458	1.5117	0.3049	1.5158	0.2868	1.4574	1.2512	0.4116	1.5143	1.4045	1.4621	1.4355	1.5630	1.4841	0.2744	1.5167	1.4717	0.9587	1.4653	0.2582	1.4210	1.5259	1.4049	1.5069	1.5090	0.2562	0.3096	1.5055	0.8413	1.1974	1.4725	0.2718	1.4378	1.4941	1.5234	1.5006	1.5310	1.4822	0.2947	1.1952	1.4715	1.4419	1.5287	0.2644	1.3835	0.2926	1.5582	0.2901	1.5158	1.4301	1.6603	1.3352	1.4820	1.5498	1.5251	1.4322	0.2663
13:49:16	30.2	0.2870	1.5591	1.5076	1.3816	1.4975	1.5207	1.4670	1.5361	1.5613	1.4737	0.2755	0.2836	1.6041	1.4938	1.3164	1.2945	1.4745	0.2661	1.5469	1.4775	1.4845	0.2651	0.2805	1.3881	1.5834	1.3619	1.4900	1.4798	1.5062	0.2807	1.5929	1.4672	1.5377	1.4350	0.2773	1.4295	1.4949	1.3076	1.5066	1.5507	1.5117	0.3107	1.5175	0.2896	1.4614	1.2594	0.4474	1.5197	1.3908	1.4637	1.4394	1.5626	1.4836	0.2774	1.5199	1.4720	0.9720	1.4666	0.2583	1.4304	1.5176	1.4164	1.5069	1.5122	0.2564	0.3184	1.5063	0.8641	1.1890	1.4785	0.2713	1.4347	1.4853	1.5172	1.4935	1.5312	1.4814	0.2996	1.2086	1.4714	1.4475	1.5404	0.2647	1.3873	0.2918	1.5602	0.2932	1.5212	1.4319	1.6641	1.3354	1.4763	1.5512	1.5288	1.4338	0.2663
13:59:16	30.2	0.2869	1.5616	1.5171	1.3886	1.5054	1.5272	1.4724	1.5414	1.5658	1.4785	0.2754	0.2836	1.6009	1.4945	1.3261	1.3237	1.4794	0.2661	1.5524	1.4861	1.4852	0.2650	0.2805	1.3879	1.5805	1.3637	1.4936	1.4853	1.5012	0.2793	1.5997	1.4716	1.5416	1.4469	0.2773	1.4373	1.4995	1.3161	1.5084	1.5519	1.5167	0.3181	1.5242	0.2918	1.4661	1.2659	0.4635	1.5234	1.4158	1.4643	1.4402	1.5647	1.4909	0.2874	1.5240	1.4732	0.9881	1.4746	0.2585	1.4198	1.5196	1.4269	1.5113	1.5147	0.2566	0.3451	1.5119	0.8852	1.2158	1.4810	0.2718	1.4393	1.4988	1.5202	1.4996	1.5408	1.4873	0.3017	1.2206	1.4799	1.4556	1.5441	0.2646	1.3905	0.2920	1.5603	0.2967	1.5134	1.4354	1.6663	1.3434	1.4868	1.5587	1.5305	1.4403	0.2662
14:09:16	30.2	0.2869	1.5627	1.5187	1.3987	1.5023	1.5291	1.4754	1.5421	1.5647	1.4948	0.2755	0.2835	1.6045	1.5076	1.3298	1.3141	1.4824	0.2661	1.5506	1.4879	1.4878	0.2651	0.2804	1.3877	1.5849	1.3715	1.4885	1.4928	1.5321	0.2790	1.5980	1.4741	1.5448	1.4505	0.2772	1.4335	1.5081	1.3394	1.5175	1.5517	1.5210	0.3255	1.5281	0.2933	1.4723	1.2741	0.4759	1.5289	1.4193	1.4680	1.4519	1.5681	1.4954	0.2829	1.5301	1.4780	1.0083	1.4764	0.2585	1.4162	1.5263	1.4309	1.5137	1.5206	0.2569	0.3497	1.5156	0.9094	1.2261	1.4849	0.2715	1.4436	1.5017	1.5219	1.5046	1.5425	1.4903	0.3076	1.2374	1.4824	1.4557	1.5465	0.2644	1.3936	0.2892	1.5650	0.3010	1.5209	1.4391	1.6660	1.3506	1.4870	1.5640	1.5298	1.4420	0.2662
14:19:16	30.2	0.2871	1.5631	1.5184	1.4051	1.5080	1.5280	1.4739	1.5513	1.5680	1.4879	0.2755	0.2836	1.6017	1.5076	1.3406	1.3282	1.4889	0.2662	1.5610	1.4934	1.4872	0.2650	0.2804	1.3791	1.5862	1.3708	1.5025	1.4980	1.5247	0.2792	1.5979	1.4783	1.5480	1.4507	0.2772	1.4458	1.5083	1.3244	1.5193	1.5562	1.5218	0.3311	1.5278	0.2954	1.4743	1.2822	0.5089	1.5315	1.4345	1.4805	1.4474	1.5718	1.4983	0.2826	1.5342	1.4837	1.0240	1.4776	0.2586	1.4183	1.5280	1.4448	1.5187	1.5272	0.2575	0.3905	1.5190	0.9319	1.2321	1.4880	0.2717	1.4411	1.5048	1.5307	1.5102	1.5498	1.4982	0.3214	1.2501	1.4873	1.4640	1.5505	0.2644	1.3963	0.2893	1.5705	0.2990	1.5191	1.4445	1.6700	1.3765	1.4906	1.5668	1.5436	1.4459	0.2663
14:29:16	30.2	0.2869	1.5634	1.5126	1.4163	1.5160	1.5289	1.4795	1.5580	1.5681	1.4937	0.2754	0.2837	1.6113	1.5083	1.3475	1.3434	1.4933	0.2660	1.5642	1.4979	1.4925	0.2650	0.2805	1.3783	1.5926	1.3772	1.5030	1.5035	1.5124	0.2802	1.6019	1.4865	1.5493	1.4564	0.2773	1.4532	1.5105	1.3386	1.5202	1.5592	1.5216	0.3386	1.5309	0.2985	1.4812	1.2896	0.5135	1.5350	1.4215	1.4796	1.4601	1.5769	1.5018	0.2866	1.5457	1.4830	1.0424	1.4830	0.2587	1.4094	1.5354	1.4453	1.5242	1.5280	0.2574	0.4317	1.5249	0.9558	1.2431	1.4917	0.2719	1.4367	1.5098	1.5330	1.5077	1.5513	1.4977	0.3360	1.2635	1.4898	1.4651	1.5554	0.2646	1.3978	0.2938	1.5707	0.3027	1.5348	1.4477	1.6706	1.3673	1.4901	1.5695	1.5475	1.4481	0.2661
14:39:16	30.2	0.2868	1.5644	1.5159	1.4188	1.5166	1.5306	1.4800	1.5556	1.5689	1.4908	0.2755	0.2836	1.6192	1.5078	1.3512	1.3506	1.4861	0.2660	1.5610	1.5006	1.4991	0.2650	0.2804	1.3655	1.5916	1.3807	1.5058	1.5056	1.5652	0.2817	1.6002	1.4852	1.5506	1.4533	0.2773	1.4491	1.5170	1.3674	1.5237	1.5613	1.5301	0.3646	1.5366	0.3028	1.4798	1.2920	0.5394	1.5392	1.4334	1.4887	1.4558	1.5794	1.5075	0.2907	1.5448	1.4933	1.0538	1.4853	0.2589	1.4123	1.5394	1.4496	1.5265	1.5270	0.2587	0.4533	1.5288	0.9796	1.2525	1.4943	0.2718	1.4372	1.5092	1.5224	1.5155	1.5486	1.5040	0.3401	1.2720	1.4950	1.4708	1.5586	0.2645	1.3996	0.2900	1.5691	0.3162	1.5307	1.4478	1.6708	1.3763	1.4892	1.5755	1.5410	1.4530	0.2663
14:49:16	30.2	0.2869	1.5641	1.5203	1.4306	1.5193	1.5342	1.4820	1.5616	1.5683	1.4936	0.2755	0.2837	1.6188	1.5084	1.3566	1.3441	1.4940	0.2662	1.5692	1.4997	1.4962	0.2650	0.2804	1.3633	1.5939	1.3776	1.5082	1.5027	1.5410	0.2809	1.6041	1.4924	1.5511	1.4653	0.2773	1.4507	1.5084	1.3457	1.5216	1.5636	1.5313	0.3678	1.5384	0.3037	1.4806	1.3022	0.5485	1.5439	1.4301	1.4939	1.4642	1.5784	1.5098	0.2957	1.5527	1.4953	1.0778	1.4903	0.2593	1.4064	1.5439	1.4651	1.5294	1.5294	0.2609	0.4735	1.5268	1.0009	1.2790	1.4946	0.2720	1.4321	1.5144	1.5289	1.5215	1.5563	1.5068	0.3952	1.2856	1.4990	1.4757	1.5523	0.2646	1.3995	0.2935	1.5713	0.3173	1.5371	1.4504	1.6692	1.3890	1.4840	1.5780	1.5417	1.4466	0.2662
14:59:16	30.2	0.2870	1.5662	1.5211	1.4359	1.5223	1.5342	1.4830	1.5679	1.5698	1.4915	0.2757	0.2837	1.6215	1.5125	1.3630	1.3604	1.4974	0.2662	1.5683	1.5014	1.4956	0.2652	0.2805	1.3705	1.5957	1.3775	1.5120	1.5063	1.5328	0.2850	1.6044	1.4927	1.5563	1.4737	0.2774	1.4551	1.5159	1.3498	1.5251	1.5699	1.5340	0.3873	1.5418	0.3134	1.4897	1.3042	0.5957	1.5573	1.4360	1.4956	1.4719	1.5875	1.5076	0.2996	1.5562	1.5015	1.1004	1.4963	0.2603	1.4027	1.5444	1.4684	1.5285	1.5327	0.2596	0.5055	1.5290	1.0230	1.2801	1.5027	0.2720	1.4378	1.5165	1.5311	1.5217	1.5578	1.5102	0.4016	1.2974	1.5036	1.4797	1.5611	0.2645	1.4011	0.2935	1.5781	0.3317	1.5398	1.4518	1.6726	1.3939	1.4806	1.5782	1.5426	1.4475	0.2664
15:09:16	30.2	0.2871	1.5668	1.5216	1.4393	1.5194	1.5346	1.4871	1.5722	1.5687	1.4892	0.2756	0.2837	1.6231	1.5146	1.3674	1.3463	1.4985	0.2661	1.5694	1.5048	1.4936	0.2650	0.2805	1.3803	1.5989	1.3785	1.5103	1.5122	1.5691	0.2839	1.6077	1.4953	1.5554	1.4746	0.2774	1.4543	1.5186	1.3552	1.5259	1.5726	1.5329	0.4082	1.5399	0.3163	1.4908	1.3115	0.5915	1.5560	1.4236	1.4919	1.4716	1.5879	1.5125	0.3040	1.5691	1.5011	1.1243	1.4976	0.2599	1.4032	1.5481	1.4731	1.5299	1.5373	0.2651	0.5102	1.5332	1.0463	1.2920	1.5013	0.2718	1.4300	1.5218	1.5310	1.5258	1.5587	1.5155	0.4466	1.3093	1.5065	1.4851	1.5603	0.2646	1.4011	0.2894	1.5741	0.3721	1.5407	1.4530	1.6728	1.4006	1.4728	1.5818	1.5399	1.4402	0.2663
15:19:16	30.2	0.2870	1.5690	1.5115	1.4441	1.5222	1.5299	1.4723	1.5691	1.5719	1.4841	0.2755	0.2837	1.6262	1.5272	1.3728	1.3769	1.4980	0.2660	1.5670	1.5112	1.4907	0.2650	0.2804	1.3634	1.5981	1.3835	1.5225	1.5171	1.5333	0.2806	1.6079	1.5018	1.5580	1.4747	0.2774	1.4465	1.5179	1.3690	1.5279	1.5779	1.5332	0.4125	1.5388	0.3293	1.4891	1.3144	0.6009	1.5551	1.4471	1.4995	1.4768	1.5961	1.5172	0.3141	1.5593	1.5038	1.1350	1.4920	0.2602	1.4067	1.5446	1.4744	1.5356	1.5365	0.2631	0.5161	1.5372	1.0692	1.3036	1.4952	0.2719	1.4293	1.5197	1.5333	1.5282	1.5621	1.5131	0.4595	1.3192	1.5066	1.4820	1.5677	0.2644	1.4002	0.2914	1.5707	0.3915	1.5350	1.4529	1.6739	1.4089	1.4712	1.5856	1.5375	1.4338	0.2663
15:29:15	30.2	0.2869	1.5683	1.5122	1.4503	1.5267	1.5293	1.4628	1.5716	1.5753	1.4833	0.2755	0.2837	1.6301	1.5223	1.3782	1.3749	1.4945	0.2661	1.5733	1.5074	1.4930	0.2650	0.2804	1.3615	1.6051	1.3836	1.5184	1.5176	1.5711	0.2834	1.6089	1.5032	1.5612	1.4800	0.2773	1.4487	1.5059	1.3564	1.5288	1.5789	1.5246	0.4466	1.5378	0.3432	1.4848	1.3189	0.5718	1.5497	1.4560	1.5036	1.4842	1.5939	1.5154	0.3314	1.5622	1.5057	1.1445	1.4891	0.2678	1.4001	1.5412	1.4829	1.5362	1.5418	0.2610	0.5094	1.5369	1.0905	1.3138	1.4931	0.2716	1.4257	1.5215	1.5401	1.5327	1.5630	1.5133	0.4870	1.3326	1.5064	1.4741	1.5709	0.2644	1.4018	0.2936	1.5685	0.4298	1.5310	1.4529	1.6708	1.4129	1.4700	1.5837	1.5326	1.4296	0.2662
15:39:16	30.2	0.2869	1.5698	1.5122	1.4571	1.5174	1.5281	1.4658	1.5763	1.5760	1.4822	0.2756	0.2837	1.6334	1.5264	1.3833	1.3915	1.4866	0.2662	1.5748	1.5091	1.4907	0.2651	0.2807	1.3586	1.6093	1.3855	1.5236	1.5214	1.5416	0.2882	1.6096	1.5104	1.5649	1.4854	0.2773	1.4511	1.5095	1.3705	1.5259	1.5797	1.5218	0.4779	1.5373	0.3480	1.4767	1.3229	0.5963	1.5618	1.4506	1.5110	1.4829	1.5985	1.5201	0.3708	1.5766	1.5068	1.1686	1.4857	0.2616	1.3987	1.5401	1.4825	1.5359	1.5424	0.2621	0.5613	1.5352	1.1176	1.3227	1.4907	0.2720	1.4227	1.5185	1.5454	1.5317	1.5656	1.5116	0.5545	1.3456	1.5008	1.4735	1.5707	0.2646	1.4007	0.2918	1.5667	0.4764	1.5310	1.4532	1.6736	1.4187	1.4687	1.5863	1.5371	1.4283	0.2663
15:49:16	30.2	0.2872	1.5674	1.5101	1.4658	1.5108	1.5280	1.4665	1.5862	1.5713	1.4854	0.2757	0.2836	1.6332	1.5254	1.3873	1.3934	1.4851	0.2661	1.5783	1.5064	1.4935	0.2650	0.2807	1.3604	1.6131	1.3864	1.5257	1.5228	1.5463	0.2901	1.6164	1.5048	1.5649	1.4809	0.2774	1.4545	1.5104	1.3739	1.5320	1.5847	1.5278	0.4849	1.5317	0.3629	1.4789	1.3273	0.6477	1.5733	1.4642	1.5066	1.4866	1.6006	1.5147	0.4022	1.5755	1.4996	1.1914	1.4855	0.2632	1.4011	1.5355	1.4898	1.5403	1.5386	0.2666	0.5522	1.5298	1.1354	1.3447	1.4881	0.2722	1.4190	1.5145	1.5526	1.5299	1.5702	1.5033	0.5506	1.3532	1.4960	1.4685	1.5708	0.2647	1.3983	0.2909	1.5600	0.5073	1.5311	1.4533	1.6735	1.4404	1.4677	1.5905	1.5359	1.4291	0.2664
15:59:16	30.2	0.2869	1.5701	1.5124	1.4688	1.5155	1.5272	1.4628	1.5880	1.5680	1.4821	0.2755	0.2837	1.6355	1.5224	1.3936	1.3987	1.4833	0.2660	1.5760	1.5030	1.4926	0.2649	0.2804	1.3602	1.6188	1.3875	1.5234	1.5263	1.5452	0.2913	1.6135	1.5150	1.5669	1.4791	0.2774	1.4506	1.5084	1.3813	1.5230	1.5863	1.5255	0.5487	1.5349	0.3914	1.4765	1.3326	0.6191	1.5698	1.4565	1.5071	1.4960	1.5999	1.5108	0.4070	1.5825	1.4959	1.2059	1.4881	0.2645	1.3980	1.5358	1.4970	1.5384	1.5309	0.2656	0.5617	1.5286	1.1558	1.3551	1.4870	0.2719	1.4175	1.5150	1.5537	1.5266	1.5699	1.5031	0.5832	1.3656	1.4971	1.4690	1.5723	0.2647	1.3946	0.2924	1.5603	0.5309	1.5280	1.4557	1.6720	1.4347	1.4646	1.5922	1.5334	1.4255	0.2664
16:09:16	30.2	0.2869	1.5702	1.5137	1.4729	1.5110	1.5272	1.4665	1.5791	1.5726	1.4788	0.2756	0.2837	1.6399	1.5181	1.3996	1.3910	1.4826	0.2660	1.5810	1.5011	1.4897	0.2648	0.2804	1.3553	1.6221	1.3884	1.5205	1.5197	1.5429	0.2902	1.6097	1.5203	1.5682	1.4756	0.2772	1.4529	1.5102	1.3900	1.5147	1.5904	1.5201	0.5065	1.5263	0.3833	1.4733	1.3375	0.6534	1.5601	1.4558	1.5093	1.4892	1.5976	1.5044	0.4157	1.5770	1.4977	1.2168	1.4831	0.2635	1.3978	1.5351	1.4976	1.5300	1.5304	0.2682	0.5537	1.5287	1.1769	1.3603	1.4875	0.2712	1.4185	1.5117	1.5483	1.5194	1.5693	1.5006	0.6033	1.3801	1.4939	1.4664	1.5757	0.2646	1.3929	0.2894	1.5613	0.5913	1.5287	1.4503	1.6685	1.4530	1.4612	1.5885	1.5302	1.4209	0.2664
16:19:16	30.2	0.2870	1.5701	1.5121	1.4768	1.5155	1.5297	1.4652	1.5833	1.5758	1.4834	0.2755	0.2836	1.6401	1.5167	1.4036	1.3933	1.4855	0.2661	1.5793	1.5060	1.4926	0.2651	0.2805	1.3599	1.6256	1.3898	1.5169	1.5177	1.5473	0.2942	1.6100	1.5159	1.5675	1.4748	0.2774	1.4524	1.5096	1.3779	1.5142	1.5910	1.5217	0.5864	1.5294	0.3899	1.4753	1.3412	0.6371	1.5652	1.4558	1.4993	1.4975	1.5981	1.5068	0.4499	1.5777	1.4949	1.2212	1.4821	0.2651	1.3893	1.5325	1.5025	1.5329	1.5291	0.2750	0.5680	1.5281	1.1962	1.3708	1.4850	0.2720	1.4167	1.5131	1.5580	1.5168	1.5709	1.5031	0.6349	1.3858	1.4968	1.4656	1.5771	0.2645	1.3883	0.2916	1.5613	0.6165	1.5314	1.4468	1.6701	1.4495	1.4588	1.5921	1.5290	1.4173	0.2663
16:29:16	30.1	0.2871	1.5698	1.5073	1.4807	1.5124	1.5268	1.4609	1.5879	1.5701	1.4816	0.2756	0.2836	1.6389	1.5172	1.4084	1.3960	1.4822	0.2660	1.5796	1.5048	1.4869	0.2652	0.2805	1.3620	1.6287	1.3900	1.5182	1.5125	1.5487	0.2924	1.6105	1.5140	1.5688	1.4812	0.2774	1.4500	1.5114	1.3794	1.5180	1.5933	1.5199	0.6049	1.5322	0.4131	1.4756	1.3440	0.6261	1.5694	1.4593	1.4976	1.4996	1.6012	1.5097	0.4632	1.5768	1.4973	1.2386	1.4876	0.2697	1.3915	1.5316	1.5043	1.5323	1.5293	0.2725	0.5794	1.5256	1.2122	1.3810	1.4818	0.2721	1.4130	1.5114	1.5583	1.5180	1.5741	1.5030	0.6383	1.3952	1.4945	1.4627	1.5790	0.2646	1.3845	0.2909	1.5616	0.6397	1.5249	1.4441	1.6696	1.4532	1.4578	1.5916	1.5283	1.4173	0.2663
16:39:16	30.2	0.2869	1.5691	1.5081	1.4843	1.5117	1.5304	1.4577	1.5864	1.5709	1.4798	0.2755	0.2836	1.6394	1.5166	1.4101	1.4089	1.4813	0.2661	1.5812	1.5047	1.4843	0.2650	0.2804	1.3624	1.6326	1.3909	1.5169	1.5104	1.5767	0.2940	1.6072	1.5119	1.5670	1.4812	0.2774	1.4518	1.5095	1.3971	1.5168	1.5942	1.5180	0.6193	1.5296	0.4535	1.4748	1.3470	0.6794	1.5691	1.4599	1.4972	1.5020	1.6026	1.5058	0.4724	1.5804	1.4952	1.2509	1.4848	0.2667	1.3923	1.5320	1.5097	1.5245	1.5275	0.2751	0.6027	1.5291	1.2282	1.3933	1.4833	0.2720	1.4114	1.5109	1.5622	1.5183	1.5748	1.5017	0.6258	1.4041	1.4950	1.4646	1.5784	0.2645	1.3771	0.2928	1.5661	0.6656	1.5285	1.4391	1.6679	1.4604	1.4569	1.5927	1.5301	1.4163	0.2663
16:49:16	30.2	0.2870	1.5694	1.5068	1.4876	1.5098	1.5296	1.4558	1.5930	1.5680	1.4796	0.2757	0.2836	1.6396	1.5140	1.4111	1.4233	1.4795	0.2660	1.5828	1.5079	1.4914	0.2652	0.2805	1.3634	1.6310	1.3883	1.5156	1.5094	1.5658	0.2950	1.6093	1.5110	1.5678	1.4827	0.2775	1.4530	1.5088	1.3957	1.5170	1.5957	1.5152	0.6344	1.5322	0.4841	1.4720	1.3492	0.6819	1.5802	1.4588	1.5002	1.5091	1.6043	1.5046	0.5164	1.5829	1.4945	1.2594	1.4810	0.2698	1.3864	1.5339	1.5137	1.5242	1.5279	0.2741	0.6115	1.5278	1.2445	1.4058	1.4844	0.2724	1.4103	1.5148	1.5652	1.5188	1.5745	1.5015	0.6213	1.4114	1.4941	1.4610	1.5775	0.2648	1.3703	0.2913	1.5647	0.6942	1.5310	1.4329	1.6728	1.4696	1.4563	1.6038	1.5279	1.4186	0.2663
16:59:16	30.2	0.2871	1.5707	1.5043	1.4915	1.5093	1.5266	1.4562	1.5925	1.5636	1.4799	0.2756	0.2837	1.6361	1.5149	1.4145	1.4098	1.4779	0.2662	1.5822	1.5061	1.4908	0.2651	0.2805	1.3626	1.6331	1.3881	1.5116	1.5090	1.5576	0.2953	1.6079	1.5095	1.5679	1.4783	0.2775	1.4479	1.5053	1.4009	1.5172	1.5947	1.5147	0.6395	1.5345	0.4904	1.4707	1.3497	0.6914	1.5901	1.4671	1.4962	1.5237	1.6023	1.5033	0.4992	1.5801	1.4969	1.2748	1.4783	0.2817	1.3870	1.5338	1.5120	1.5264	1.5307	0.2805	0.6203	1.5251	1.2597	1.4068	1.4864	0.2721	1.4053	1.5122	1.5734	1.5160	1.5732	1.5004	0.6279	1.4216	1.4883	1.4627	1.5755	0.2647	1.3619	0.2930	1.5624	0.6957	1.5234	1.4251	1.6687	1.4667	1.4537	1.6006	1.5242	1.4151	0.2663
17:09:16	30.2	0.2870	1.5716	1.5094	1.4953	1.5064	1.5242	1.4548	1.5953	1.5634	1.4870	0.2756	0.2836	1.6374	1.5148	1.4129	1.4133	1.4815	0.2662	1.5843	1.5040	1.4924	0.2651	0.2806	1.3628	1.6337	1.3852	1.5110	1.5092	1.5601	0.2993	1.6090	1.5079	1.5687	1.4810	0.2774	1.4448	1.5029	1.4033	1.5173	1.5969	1.5153	0.6668	1.5288	0.5051	1.4666	1.3518	0.6949	1.5842	1.4639	1.4951	1.5227	1.6016	1.5020	0.5320	1.5827	1.4936	1.2875	1.4784	0.2746	1.3796	1.5299	1.5132	1.5231	1.5260	0.2835	0.6368	1.5245	1.2736	1.4118	1.4830	0.2724	1.4040	1.5137	1.5739	1.5211	1.5737	1.5008	0.6288	1.4305	1.4902	1.4670	1.5773	0.2647	1.3525	0.2908	1.5590	0.7359	1.5205	1.4166	1.6734	1.4774	1.4507	1.6039	1.5260	1.4139	0.2663
17:19:16	30.2	0.2870	1.5696	1.5095	1.4957	1.5092	1.5240	1.4613	1.5963	1.5625	1.4891	0.2757	0.2839	1.6380	1.5162	1.4157	1.4173	1.4781	0.2662	1.5831	1.5063	1.4889	0.2652	0.2806	1.3662	1.6348	1.3831	1.5152	1.5119	1.5583	0.3062	1.6112	1.5066	1.5720	1.4822	0.2775	1.4479	1.5032	1.4140	1.5152	1.5971	1.5165	0.6672	1.5281	0.5015	1.4703	1.3520	0.7171	1.5833	1.4628	1.4972	1.5270	1.6030	1.5037	0.5376	1.5930	1.4962	1.2983	1.4773	0.2768	1.3810	1.5291	1.5164	1.5305	1.5298	0.2891	0.6414	1.5243	1.2895	1.4187	1.4821	0.2726	1.4030	1.5099	1.5853	1.5171	1.5739	1.5009	0.6367	1.4380	1.4870	1.4626	1.5754	0.2648	1.3425	0.2919	1.5594	0.7470	1.5268	1.4070	1.6682	1.4797	1.4503	1.6038	1.5261	1.4166	0.2664
17:29:16	30.2	0.2870	1.5680	1.5139	1.4997	1.5113	1.5262	1.4603	1.5960	1.5602	1.4862	0.2756	0.2837	1.6380	1.5149	1.4154	1.4282	1.4786	0.2661	1.5790	1.5072	1.4899	0.2651	0.2806	1.3650	1.6359	1.3782	1.5128	1.5084	1.5590	0.3023	1.6120	1.5093	1.5725	1.4807	0.2775	1.4499	1.5023	1.4111	1.5125	1.5956	1.5208	0.6729	1.5327	0.5302	1.4658	1.3543	0.6711	1.5858	1.4648	1.4965	1.5265	1.6018	1.5033	0.5755	1.5904	1.4929	1.3127	1.4774	0.2818	1.3839	1.5285	1.5161	1.5294	1.5245	0.3007	0.6400	1.5235	1.3015	1.4251	1.4776	0.2723	1.4061	1.5124	1.5819	1.5181	1.5764	1.5006	0.6785	1.4472	1.4861	1.4613	1.5778	0.2646	1.3315	0.2898	1.5580	0.7636	1.5251	1.3970	1.6708	1.4861	1.4470	1.6099	1.5233	1.4174	0.2664
17:39:16	30.2	0.2871	1.5667	1.5156	1.5010	1.5082	1.5250	1.4646	1.5975	1.5623	1.4891	0.2756	0.2838	1.6427	1.5150	1.4140	1.4403	1.4787	0.2660	1.5809	1.5084	1.4895	0.2650	0.2805	1.3631	1.6392	1.3768	1.5148	1.5100	1.5665	0.3146	1.6078	1.5070	1.5730	1.4825	0.2774	1.4482	1.5043	1.4171	1.5117	1.6049	1.5212	0.6707	1.5342	0.5336	1.4645	1.3546	0.7113	1.5773	1.4749	1.4974	1.5300	1.6038	1.5017	0.6017	1.5809	1.4935	1.3262	1.4767	0.2855	1.3881	1.5281	1.5225	1.5270	1.5283	0.3183	0.6544	1.5246	1.3163	1.4299	1.4776	0.2721	1.4101	1.5168	1.5872	1.5181	1.5787	1.5002	0.6590	1.4536	1.4863	1.4601	1.5737	0.2646	1.3183	0.2892	1.5570	0.7996	1.5313	1.3876	1.6695	1.4886	1.4472	1.6107	1.5247	1.4156	0.2663
17:49:16	30.2	0.2870	1.5656	1.5152	1.5050	1.5051	1.5227	1.4618	1.5972	1.5604	1.4899	0.2756	0.2838	1.6423	1.5164	1.4120	1.4477	1.4796	0.2661	1.5845	1.5070	1.4947	0.2651	0.2805	1.3627	1.6417	1.3707	1.5149	1.5103	1.5641	0.3182	1.6062	1.5057	1.5756	1.4862	0.2776	1.4396	1.4989	1.4104	1.5131	1.6016	1.5177	0.6902	1.5279	0.5517	1.4667	1.3532	0.7429	1.5826	1.4782	1.4983	1.5322	1.6075	1.5043	0.6107	1.5827	1.4954	1.3324	1.4754	0.2900	1.3766	1.5264	1.5249	1.5234	1.5277	0.3315	0.6717	1.5258	1.3279	1.4395	1.4778	0.2722	1.4077	1.5119	1.5913	1.5190	1.5773	1.5007	0.6763	1.4586	1.4875	1.4625	1.5760	0.2646	1.3044	0.2885	1.5553	0.8232	1.5322	1.3780	1.6696	1.4931	1.4515	1.6031	1.5229	1.4183	0.2664
17:59:16	30.2	0.2870	1.5651	1.5201	1.5052	1.5078	1.5219	1.4551	1.5961	1.5542	1.4854	0.2757	0.2838	1.6461	1.5160	1.4094	1.4573	1.4785	0.2662	1.5844	1.5074	1.4892	0.2652	0.2806	1.3545	1.6464	1.3735	1.5121	1.5121	1.5602	0.3054	1.6057	1.5055	1.5732	1.4870	0.2775	1.4346	1.4939	1.4444	1.5173	1.6050	1.5176	0.7144	1.5297	0.5822	1.4663	1.3521	0.7536	1.5792	1.4807	1.5002	1.5402	1.6146	1.5056	0.6443	1.5811	1.4960	1.3447	1.4776	0.2970	1.3782	1.5260	1.5277	1.5203	1.5279	0.3949	0.6840	1.5235	1.3368	1.4457	1.4761	0.2718	1.4006	1.5067	1.5867	1.5195	1.5738	1.5001	0.7085	1.4650	1.4873	1.4631	1.5756	0.2648	1.2898	0.2920	1.5547	0.8466	1.5301	1.3674	1.6733	1.4990	1.4525	1.6146	1.5168	1.4148	0.2664
18:09:16	30.2	0.2870	1.5630	1.5248	1.5057	1.5092	1.5277	1.4543	1.5973	1.5545	1.4837	0.2756	0.2837	1.6464	1.5157	1.4076	1.4540	1.4779	0.2660	1.5835	1.5041	1.4833	0.2652	0.2805	1.3519	1.6465	1.3656	1.5141	1.5134	1.5634	0.3149	1.6052	1.5061	1.5750	1.4843	0.2775	1.4328	1.4892	1.4365	1.5183	1.6042	1.5174	0.7172	1.5267	0.5918	1.4648	1.3521	0.7753	1.5793	1.4807	1.4982	1.5441	1.6182	1.5073	0.6471	1.5843	1.4959	1.3534	1.4768	0.3099	1.3791	1.5251	1.5308	1.5217	1.5274	0.4543	0.6972	1.5177	1.3513	1.4488	1.4757	0.2719	1.4019	1.5051	1.5890	1.5198	1.5723	1.4997	0.7158	1.4748	1.4884	1.4629	1.5691	0.2647	1.2748	0.2914	1.5542	0.8673	1.5281	1.3580	1.6721	1.5023	1.4548	1.6132	1.5163	1.4253	0.2664
18:19:16	30.2	0.2870	1.5614	1.5238	1.5098	1.5083	1.5299	1.4542	1.5989	1.5527	1.4875	0.2756	0.2836	1.6449	1.5154	1.4093	1.4424	1.4767	0.2661	1.5814	1.5084	1.4885	0.2651	0.2806	1.3519	1.6461	1.3618	1.5109	1.5105	1.5625	0.3334	1.6074	1.5057	1.5766	1.4844	0.2775	1.4405	1.4860	1.4306	1.5128	1.6038	1.5173	0.7178	1.5269	0.5886	1.4635	1.3484	0.7903	1.5824	1.4828	1.4975	1.5403	1.6028	1.5046	0.6399	1.5819	1.4952	1.3579	1.4758	0.3576	1.3807	1.5247	1.5304	1.5223	1.5260	0.5078	0.7242	1.5159	1.3638	1.4624	1.4712	0.2719	1.4023	1.5040	1.5964	1.5198	1.5762	1.4994	0.7354	1.4815	1.4884	1.4615	1.5745	0.2647	1.2585	0.2912	1.5550	0.8932	1.5287	1.3498	1.6719	1.5031	1.4569	1.6079	1.5129	1.4265	0.2663
18:29:16	30.2	0.2871	1.5599	1.5251	1.5108	1.5101	1.5324	1.4564	1.5979	1.5454	1.4839	0.2756	0.2838	1.6442	1.5148	1.4075	1.4535	1.4758	0.2660	1.5822	1.5112	1.4925	0.2651	0.2805	1.3589	1.6475	1.3595	1.5104	1.5124	1.5659	0.3554	1.6097	1.5059	1.5766	1.4845	0.2776	1.4381	1.4849	1.4367	1.5121	1.6053	1.5182	0.7272	1.5259	0.6001	1.4601	1.3483	0.7834	1.5782	1.4924	1.4977	1.5419	1.6068	1.5041	0.6652	1.5800	1.4927	1.3698	1.4741	0.4070	1.3821	1.5226	1.5326	1.5222	1.5265	0.5390	0.7397	1.5169	1.3758	1.4641	1.4696	0.2722	1.4074	1.5022	1.5982	1.5189	1.5794	1.4982	0.7547	1.4880	1.4859	1.4590	1.5758	0.2648	1.2431	0.2934	1.5543	0.9150	1.5357	1.3408	1.6701	1.5062	1.4573	1.6075	1.5148	1.4306	0.2664
18:39:16	30.1	0.2869	1.5590	1.5267	1.5117	1.5086	1.5338	1.4513	1.5966	1.5409	1.4846	0.2757	0.2837	1.6484	1.5155	1.4028	1.4602	1.4747	0.2661	1.5825	1.5086	1.4937	0.2651	0.2805	1.3555	1.6516	1.3574	1.5112	1.5131	1.5673	0.3527	1.6034	1.5065	1.5800	1.4776	0.2775	1.4338	1.4788	1.4512	1.5115	1.6056	1.5152	0.7206	1.5225	0.6305	1.4609	1.3468	0.8329	1.5763	1.4958	1.4995	1.5487	1.6155	1.5061	0.6643	1.5859	1.4936	1.3819	1.4761	0.4103	1.3746	1.5194	1.5340	1.5236	1.5260	0.5192	0.7494	1.5151	1.3861	1.4670	1.4681	0.2722	1.4048	1.5010	1.5940	1.5202	1.5749	1.4977	0.7507	1.4927	1.4829	1.4610	1.5732	0.2647	1.2278	0.2915	1.5538	0.9439	1.5317	1.3327	1.6690	1.5143	1.4570	1.6071	1.5107	1.4301	0.2663
18:49:16	30.2	0.2871	1.5578	1.5314	1.5115	1.5103	1.5308	1.4526	1.5946	1.5373	1.4930	0.2757	0.2837	1.6412	1.5143	1.4027	1.4649	1.4738	0.2661	1.5809	1.5074	1.4825	0.2652	0.2806	1.3618	1.6422	1.3506	1.5141	1.5115	1.5656	0.4091	1.6081	1.5057	1.5766	1.4764	0.2775	1.4322	1.4764	1.4453	1.5093	1.6060	1.5129	0.7383	1.5219	0.6300	1.4594	1.3446	0.8279	1.5768	1.4986	1.4985	1.5567	1.6053	1.5044	0.6992	1.5815	1.4933	1.3876	1.4747	0.4631	1.3754	1.5185	1.5364	1.5225	1.5250	0.5622	0.7719	1.5146	1.3964	1.4757	1.4681	0.2725	1.4021	1.5008	1.5964	1.5179	1.5785	1.4967	0.7816	1.5024	1.4853	1.4602	1.5721	0.2648	1.2122	0.2918	1.5518	0.9613	1.5335	1.3257	1.6701	1.5157	1.4570	1.6082	1.5108	1.4312	0.2664
18:59:16	30.2	0.2869	1.5567	1.5341	1.5133	1.5117	1.5318	1.4519	1.5989	1.5283	1.4957	0.2756	0.2836	1.6414	1.5120	1.3994	1.4696	1.4716	0.2660	1.5842	1.5132	1.4859	0.2652	0.2805	1.3645	1.6459	1.3484	1.5108	1.5110	1.5749	0.4408	1.6044	1.5047	1.5779	1.4722	0.2775	1.4314	1.4749	1.4433	1.5087	1.6065	1.5158	0.7427	1.5226	0.6282	1.4579	1.3429	0.8246	1.5796	1.4999	1.4983	1.5521	1.6159	1.5036	0.7222	1.5822	1.4920	1.3977	1.4716	0.4672	1.3813	1.5192	1.5371	1.5238	1.5263	0.5770	0.7907	1.5157	1.4084	1.4772	1.4655	0.2723	1.4030	1.4994	1.5997	1.5193	1.5788	1.4968	0.7922	1.5075	1.4824	1.4595	1.5734	0.2646	1.1970	0.2932	1.5480	0.9768	1.5340	1.3174	1.6712	1.5207	1.4548	1.6144	1.5130	1.4334	0.2663
19:09:16	30.2	0.2871	1.5550	1.5327	1.5117	1.5123	1.5322	1.4525	1.5991	1.5269	1.4960	0.2757	0.2838	1.6413	1.5108	1.3968	1.4684	1.4708	0.2661	1.5850	1.5127	1.4900	0.2651	0.2806	1.3681	1.6446	1.3430	1.5101	1.5105	1.5766	0.4570	1.6067	1.5060	1.5798	1.4704	0.2776	1.4361	1.4773	1.4457	1.5128	1.6052	1.5134	0.7564	1.5275	0.6364	1.4579	1.3411	0.8711	1.5821	1.5007	1.4977	1.5603	1.6078	1.5029	0.7622	1.5827	1.4914	1.3987	1.4734	0.5116	1.3724	1.5182	1.5380	1.5241	1.5252	0.5844	0.8107	1.5210	1.4152	1.4888	1.4646	0.2718	1.4102	1.4987	1.6039	1.5178	1.5787	1.4960	0.8084	1.5122	1.4799	1.4613	1.5769	0.2646	1.1838	0.2937	1.5424	0.9989	1.5348	1.3115	1.6668	1.5237	1.4571	1.6158	1.5108	1.4289	0.2664
19:19:16	30.2	0.2870	1.5542	1.5369	1.5125	1.5121	1.5330	1.4563	1.5972	1.5292	1.5015	0.2758	0.2839	1.6418	1.5118	1.3942	1.4790	1.4697	0.2660	1.5859	1.5152	1.4907	0.2652	0.2806	1.3688	1.6473	1.3403	1.5091	1.5108	1.5818	0.5209	1.6064	1.5093	1.5791	1.4690	0.2776	1.4400	1.4772	1.4508	1.5084	1.6058	1.5096	0.7711	1.5288	0.6436	1.4553	1.3392	0.9121	1.5722	1.5021	1.4966	1.5569	1.6060	1.5023	0.7705	1.5822	1.4916	1.4097	1.4710	0.5401	1.3757	1.5156	1.5416	1.5250	1.5263	0.5966	0.8566	1.5211	1.4238	1.4930	1.4646	0.2721	1.4145	1.4983	1.6032	1.5165	1.5806	1.4959	0.8314	1.5159	1.4770	1.4607	1.5766	0.2647	1.1705	0.2895	1.5431	1.0250	1.5347	1.3058	1.6669	1.5248	1.4551	1.6183	1.5161	1.4324	0.2664
19:29:16	30.2	0.2869	1.5531	1.5340	1.5100	1.5127	1.5304	1.4513	1.5962	1.5284	1.5007	0.2756	0.2836	1.6460	1.5127	1.3893	1.4778	1.4670	0.2659	1.5833	1.5168	1.4832	0.2651	0.2805	1.3658	1.6517	1.3357	1.5098	1.5101	1.5778	0.5413	1.6074	1.5083	1.5758	1.4703	0.2775	1.4348	1.4796	1.4636	1.5096	1.6075	1.5097	0.7876	1.5272	0.6911	1.4542	1.3379	0.9048	1.5638	1.5021	1.4973	1.5614	1.6031	1.5019	0.8056	1.5833	1.4914	1.4204	1.4717	0.5551	1.3755	1.5121	1.5426	1.5260	1.5255	0.6106	0.8849	1.5207	1.4329	1.4923	1.4617	0.2722	1.4095	1.4977	1.6024	1.5145	1.5786	1.4945	0.8465	1.5217	1.4754	1.4581	1.5738	0.2646	1.1604	0.2865	1.5377	1.0514	1.5350	1.2979	1.6683	1.5281	1.4610	1.6143	1.5108	1.4379	0.2663
19:39:16	30.2	0.2871	1.5512	1.5375	1.5117	1.5130	1.5299	1.4427	1.5917	1.5275	1.4926	0.2756	0.2837	1.6491	1.5119	1.3829	1.4886	1.4678	0.2661	1.5822	1.5127	1.4789	0.2651	0.2805	1.3622	1.6560	1.3305	1.5116	1.5142	1.5829	0.5635	1.6023	1.5088	1.5779	1.4737	0.2775	1.4366	1.4745	1.4680	1.5082	1.6103	1.5088	0.7896	1.5286	0.7138	1.4537	1.3362	0.9446	1.5618	1.5175	1.5003	1.5603	1.6018	1.5020	0.8235	1.5844	1.4904	1.4260	1.4713	0.5557	1.3680	1.5134	1.5439	1.5253	1.5241	0.6537	0.9055	1.5186	1.4409	1.4963	1.4593	0.2722	1.4067	1.4977	1.5995	1.5192	1.5794	1.4932	0.8739	1.5254	1.4735	1.4617	1.5775	0.2646	1.1507	0.2875	1.5343	1.0783	1.5355	1.2913	1.6693	1.5340	1.4651	1.6153	1.5091	1.4357	0.2662
19:49:16	30.2	0.2871	1.5497	1.5373	1.5104	1.5131	1.5304	1.4464	1.5917	1.5304	1.4964	0.2755	0.2837	1.6453	1.5118	1.3821	1.4852	1.4703	0.2662	1.5846	1.5129	1.4776	0.2652	0.2806	1.3650	1.6543	1.3219	1.5121	1.5119	1.5811	0.5964	1.6086	1.5074	1.5753	1.4720	0.2775	1.4346	1.4748	1.4619	1.5032	1.6064	1.5111	0.8217	1.5263	0.7024	1.4535	1.3336	0.9505	1.5613	1.5097	1.4985	1.5661	1.5999	1.5021	0.8252	1.5861	1.4903	1.4342	1.4708	0.5772	1.3793	1.5090	1.5449	1.5253	1.5233	0.6377	0.9364	1.5188	1.4477	1.5053	1.4593	0.2722	1.4139	1.4978	1.6053	1.5184	1.5809	1.4914	0.8736	1.5342	1.4740	1.4576	1.5780	0.2647	1.1413	0.2909	1.5304	1.0929	1.5372	1.2862	1.6637	1.5423	1.4580	1.6161	1.5089	1.4357	0.2662
19:59:16	30.2	0.2869	1.5482	1.5345	1.5086	1.5128	1.5315	1.4485	1.5927	1.5291	1.4928	0.2756	0.2837	1.6417	1.5111	1.3788	1.4938	1.4701	0.2661	1.5834	1.5130	1.4822	0.2651	0.2805	1.3633	1.6473	1.3172	1.5151	1.5125	1.5903	0.6120	1.6029	1.5077	1.5776	1.4756	0.2775	1.4365	1.4737	1.4678	1.5003	1.6072	1.5136	0.8306	1.5265	0.7134	1.4544	1.3276	0.9351	1.5609	1.5203	1.4998	1.5648	1.6015	1.5015	0.8441	1.5831	1.4895	1.4389	1.4721	0.6113	1.3778	1.5083	1.5459	1.5250	1.5277	0.6416	0.9812	1.5179	1.4548	1.5103	1.4624	0.2723	1.4060	1.5034	1.6078	1.5158	1.5817	1.4933	0.8964	1.5355	1.4735	1.4604	1.5757	0.2646	1.1315	0.2880	1.5284	1.1141	1.5377	1.2807	1.6656	1.5428	1.4565	1.6200	1.5090	1.4346	0.2662
20:09:16	30.2	0.2871	1.5470	1.5370	1.5060	1.5134	1.5336	1.4465	1.5807	1.5288	1.4991	0.2759	0.2839	1.6437	1.5104	1.3751	1.4910	1.4669	0.2662	1.5762	1.5137	1.4886	0.2653	0.2806	1.3638	1.6508	1.3147	1.5110	1.5107	1.5840	0.6117	1.6055	1.5068	1.5743	1.4758	0.2778	1.4394	1.4749	1.4687	1.5046	1.6079	1.5138	0.8910	1.5257	0.7431	1.4489	1.3271	0.9644	1.5604	1.5195	1.4980	1.5668	1.5979	1.4983	0.8470	1.5836	1.4854	1.4462	1.4690	0.6269	1.3791	1.5032	1.5488	1.5220	1.5263	0.6504	1.0098	1.5171	1.4640	1.5148	1.4594	0.2724	1.4168	1.5005	1.6078	1.5188	1.5829	1.4906	0.9213	1.5407	1.4712	1.4577	1.5729	0.2648	1.1247	0.2933	1.5286	1.1293	1.5412	1.2753	1.6623	1.5385	1.4613	1.6190	1.5138	1.4405	0.2665
20:19:16	30.2	0.2872	1.5459	1.5374	1.5063	1.5145	1.5339	1.4533	1.5715	1.5297	1.5030	0.2758	0.2838	1.6414	1.5092	1.3714	1.4924	1.4658	0.2663	1.5716	1.5158	1.4819	0.2652	0.2807	1.3626	1.6527	1.3090	1.5149	1.5114	1.5803	0.6220	1.6050	1.5071	1.5767	1.4736	0.2776	1.4378	1.4701	1.4604	1.5003	1.6055	1.5163	0.9118	1.5264	0.7436	1.4465	1.3230	0.9947	1.5587	1.5164	1.4984	1.5690	1.5942	1.4980	0.8399	1.5854	1.4855	1.4510	1.4694	0.6122	1.3780	1.5034	1.5412	1.5190	1.5255	0.6425	1.0412	1.5184	1.4724	1.5260	1.4619	0.2725	1.4181	1.5009	1.6053	1.5124	1.5842	1.4896	0.9425	1.5465	1.4680	1.4596	1.5755	0.2649	1.1165	0.2939	1.5298	1.1509	1.5378	1.2718	1.6624	1.5402	1.4560	1.6141	1.5014	1.4370	0.2664
20:29:16	30.2	0.2870	1.5451	1.5399	1.5053	1.5121	1.5341	1.4516	1.5698	1.5296	1.4982	0.2757	0.2837	1.6391	1.5091	1.3653	1.4945	1.4662	0.2662	1.5714	1.5117	1.4825	0.2653	0.2805	1.3603	1.6520	1.3001	1.5147	1.5107	1.5853	0.6132	1.6026	1.5081	1.5749	1.4788	0.2775	1.4348	1.4722	1.4641	1.4988	1.6051	1.5145	0.9323	1.5272	0.7688	1.4476	1.3214	1.0335	1.5555	1.5254	1.4964	1.5712	1.5949	1.4963	0.8638	1.5868	1.4828	1.4562	1.4649	0.6323	1.3807	1.5041	1.5484	1.5177	1.5228	0.6527	1.0657	1.5158	1.4797	1.5254	1.4611	0.2723	1.4246	1.4996	1.6074	1.5129	1.5842	1.4901	0.9638	1.5517	1.4717	1.4602	1.5729	0.2647	1.1088	0.2927	1.5287	1.1748	1.5392	1.2677	1.6595	1.5440	1.4593	1.6146	1.5043	1.4376	0.2662
20:39:16	30.2	0.2870	1.5433	1.5463	1.4997	1.5159	1.5336	1.4543	1.5683	1.5250	1.4987	0.2756	0.2836	1.6458	1.5111	1.3607	1.5061	1.4696	0.2661	1.5731	1.5121	1.4859	0.2651	0.2804	1.3568	1.6556	1.3000	1.5170	1.5131	1.5887	0.6648	1.5995	1.5080	1.5731	1.4722	0.2774	1.4417	1.4720	1.4855	1.4985	1.6095	1.5169	0.9614	1.5261	0.7830	1.4487	1.3215	1.0441	1.5548	1.5225	1.4964	1.5718	1.5968	1.4964	0.8848	1.5859	1.4826	1.4601	1.4653	0.6449	1.3784	1.5105	1.5467	1.5166	1.5273	0.6713	1.0713	1.5188	1.4860	1.5244	1.4603	0.2723	1.4259	1.5033	1.6099	1.5127	1.5836	1.4888	0.9745	1.5544	1.4690	1.4663	1.5720	0.2648	1.1054	0.2889	1.5274	1.1960	1.5420	1.2604	1.6558	1.5458	1.4716	1.6209	1.5086	1.4428	0.2662
20:49:16	30.2	0.2870	1.5420	1.5452	1.4972	1.5150	1.5317	1.4565	1.5667	1.5256	1.4985	0.2758	0.2838	1.6431	1.5110	1.3585	1.5118	1.4646	0.2663	1.5718	1.5121	1.4940	0.2653	0.2807	1.3614	1.6524	1.2967	1.5144	1.5124	1.5872	0.6746	1.6009	1.5081	1.5702	1.4661	0.2775	1.4429	1.4747	1.4691	1.4963	1.6093	1.5175	1.0095	1.5285	0.8097	1.4499	1.3183	1.0666	1.5527	1.5328	1.4948	1.5737	1.5924	1.4963	0.8954	1.5863	1.4798	1.4658	1.4659	0.6223	1.3831	1.5075	1.5465	1.5166	1.5260	0.6849	1.1103	1.5166	1.4906	1.5262	1.4604	0.2724	1.4276	1.5035	1.6115	1.5088	1.5818	1.4870	1.0001	1.5583	1.4709	1.4667	1.5716	0.2647	1.0999	0.2911	1.5263	1.2036	1.5412	1.2574	1.6523	1.5495	1.4657	1.6212	1.5072	1.4458	0.2663
20:59:16	30.2	0.2871	1.5409	1.5440	1.4965	1.5152	1.5302	1.4566	1.5609	1.5256	1.4975	0.2758	0.2838	1.6438	1.5115	1.3531	1.5130	1.4698	0.2664	1.5700	1.5143	1.4884	0.2653	0.2807	1.3618	1.6529	1.2908	1.5134	1.5147	1.5902	0.6903	1.6041	1.5071	1.5705	1.4583	0.2777	1.4433	1.4768	1.4780	1.4984	1.6094	1.5189	1.0383	1.5275	0.8369	1.4494	1.3155	1.0751	1.5543	1.5360	1.4937	1.5782	1.5948	1.4954	0.8903	1.5888	1.4792	1.4713	1.4660	0.6656	1.3788	1.5063	1.5451	1.5169	1.5239	0.6831	1.1370	1.5162	1.4971	1.5328	1.4601	0.2722	1.4249	1.5069	1.6078	1.5037	1.5826	1.4875	1.0270	1.5628	1.4765	1.4651	1.5725	0.2650	1.0960	0.2925	1.5287	1.2166	1.5431	1.2518	1.6485	1.5519	1.4739	1.6221	1.5085	1.4476	0.2664
21:09:16	30.2	0.2871	1.5391	1.5473	1.4936	1.5154	1.5317	1.4521	1.5605	1.5240	1.4944	0.2756	0.2839	1.6478	1.5130	1.3495	1.5180	1.4654	0.2663	1.5716	1.5109	1.4867	0.2653	0.2805	1.3419	1.6574	1.2823	1.5098	1.5192	1.6019	0.6979	1.5985	1.5097	1.5727	1.4556	0.2775	1.4303	1.4758	1.4726	1.4960	1.6091	1.5100	1.0592	1.5271	0.8722	1.4483	1.3148	1.1088	1.5519	1.5400	1.4901	1.5795	1.5937	1.4930	0.9020	1.5849	1.4797	1.4730	1.4640	0.6792	1.3703	1.5091	1.5448	1.5125	1.5250	0.6959	1.1476	1.5176	1.5005	1.5337	1.4584	0.2724	1.4310	1.5027	1.6075	1.5035	1.5834	1.4849	1.0459	1.5623	1.4759	1.4642	1.5720	0.2647	1.0927	0.2931	1.5262	1.2235	1.5441	1.2465	1.6475	1.5605	1.4672	1.6175	1.5067	1.4484	0.2663
21:19:16	30.2	0.2872	1.5386	1.5456	1.4921	1.5176	1.5320	1.4527	1.5609	1.5241	1.4936	0.2757	0.2839	1.6447	1.5134	1.3465	1.5130	1.4713	0.2662	1.5665	1.5141	1.4868	0.2653	0.2806	1.3516	1.6553	1.2779	1.5055	1.5198	1.5911	0.6866	1.6026	1.5111	1.5707	1.4575	0.2776	1.4372	1.4787	1.4514	1.4897	1.6095	1.5067	1.0313	1.5248	0.8915	1.4485	1.3098	1.1220	1.5512	1.5419	1.4900	1.5786	1.5914	1.4928	0.8992	1.5811	1.4773	1.4781	1.4645	0.6491	1.3766	1.5112	1.5446	1.5157	1.5233	0.7701	1.1841	1.5170	1.5050	1.5449	1.4589	0.2725	1.4255	1.5079	1.6129	1.5038	1.5837	1.4853	1.0626	1.5712	1.4785	1.4616	1.5702	0.2648	1.0852	0.2930	1.5266	1.2342	1.5408	1.2444	1.6435	1.5662	1.4769	1.6117	1.5099	1.4508	0.2663
21:29:16	30.2	0.2869	1.5376	1.5438	1.4867	1.5173	1.5311	1.4531	1.5626	1.5227	1.4969	0.2757	0.2837	1.6398	1.5135	1.3430	1.5187	1.4712	0.2660	1.5676	1.5125	1.4886	0.2652	0.2805	1.3536	1.6511	1.2724	1.5011	1.5168	1.5971	0.6862	1.6005	1.5100	1.5679	1.4540	0.2775	1.4338	1.4797	1.4767	1.4898	1.6058	1.5036	1.0975	1.5262	0.9115	1.4503	1.3071	1.1437	1.5483	1.5487	1.4885	1.5767	1.5938	1.4926	0.9136	1.5788	1.4759	1.4818	1.4622	0.6916	1.3810	1.5109	1.5433	1.5163	1.5208	0.7465	1.1938	1.5147	1.5095	1.5489	1.4522	0.2724	1.4165	1.5095	1.6094	1.5059	1.5831	1.4838	1.0870	1.5729	1.4775	1.4608	1.5683	0.2649	1.0800	0.2927	1.5288	1.2512	1.5426	1.2380	1.6420	1.5547	1.4732	1.6123	1.5012	1.4505	0.2662
21:39:16	30.2	0.2871	1.5367	1.5472	1.4876	1.5179	1.5324	1.4510	1.5591	1.5208	1.5005	0.2758	0.2839	1.6470	1.5140	1.3374	1.5231	1.4763	0.2663	1.5633	1.5110	1.4844	0.2653	0.2807	1.3512	1.6596	1.2673	1.4991	1.5222	1.6059	0.7144	1.5951	1.5147	1.5682	1.4514	0.2776	1.4276	1.4745	1.4846	1.4837	1.6068	1.5032	1.1025	1.5280	0.9328	1.4468	1.3067	1.1453	1.5496	1.5464	1.4872	1.5808	1.5950	1.4969	0.9366	1.5809	1.4757	1.4867	1.4634	0.7222	1.3856	1.5050	1.5444	1.5152	1.5202	0.8149	1.2083	1.5120	1.5171	1.5505	1.4516	0.2725	1.4302	1.5121	1.6097	1.5081	1.5864	1.4877	1.1079	1.5713	1.4785	1.4666	1.5675	0.2649	1.0804	0.2936	1.5264	1.2664	1.5462	1.2351	1.6403	1.5658	1.4756	1.6077	1.5088	1.4587	0.2665
21:49:16	30.2	0.2870	1.5354	1.5454	1.4861	1.5197	1.5352	1.4499	1.5588	1.5195	1.4993	0.2758	0.2837	1.6415	1.5135	1.3335	1.5249	1.4658	0.2662	1.5619	1.5135	1.4868	0.2653	0.2807	1.3485	1.6578	1.2638	1.4969	1.5143	1.5838	0.7370	1.5932	1.5132	1.5660	1.4520	0.2775	1.4238	1.4810	1.4944	1.4847	1.6071	1.5052	1.1322	1.5280	0.9561	1.4484	1.3056	1.1602	1.5485	1.5477	1.4877	1.5828	1.5914	1.4962	0.9606	1.5821	1.4749	1.4899	1.4619	0.7267	1.3774	1.5089	1.5428	1.5134	1.5213	0.7256	1.2283	1.5113	1.5221	1.5525	1.4476	0.2723	1.4273	1.5103	1.6083	1.5080	1.5853	1.4815	1.1430	1.5757	1.4790	1.4688	1.5682	0.2649	1.0782	0.2916	1.5248	1.2870	1.5446	1.2315	1.6383	1.5604	1.4757	1.6076	1.5073	1.4620	0.2662
21:59:16	30.2	0.2870	1.5338	1.5455	1.4831	1.5211	1.5355	1.4589	1.5553	1.5198	1.5052	0.2757	0.2837	1.6357	1.5153	1.3325	1.5204	1.4636	0.2662	1.5514	1.5136	1.4835	0.2652	0.2805	1.3540	1.6527	1.2600	1.4963	1.5192	1.5863	0.7349	1.5987	1.5112	1.5648	1.4546	0.2775	1.4325	1.4825	1.4834	1.4872	1.5989	1.5099	1.1449	1.5251	0.9909	1.4522	1.3007	1.1914	1.5515	1.5528	1.4876	1.5813	1.5899	1.4943	0.9707	1.5803	1.4730	1.4891	1.4622	0.7452	1.3786	1.5108	1.5414	1.5183	1.5226	0.8234	1.2558	1.5098	1.5262	1.5586	1.4460	0.2724	1.4316	1.5145	1.6075	1.5088	1.5854	1.4792	1.1601	1.5819	1.4747	1.4651	1.5646	0.2648	1.0744	0.2925	1.5291	1.2956	1.5430	1.2281	1.6378	1.5821	1.4753	1.6060	1.5078	1.4583	0.2663
22:09:16	30.2	0.2871	1.5329	1.5450	1.4780	1.5220	1.5369	1.4564	1.5616	1.5178	1.5035	0.2757	0.2838	1.6374	1.5148	1.3262	1.5285	1.4747	0.2663	1.5502	1.5157	1.4889	0.2653	0.2807	1.3344	1.6544	1.2541	1.4954	1.5229	1.5868	0.7335	1.5982	1.5152	1.5589	1.4526	0.2775	1.4243	1.4808	1.4892	1.4888	1.6010	1.5049	1.1776	1.5259	1.0133	1.4507	1.3019	1.1962	1.5495	1.5596	1.4887	1.5777	1.5921	1.4943	0.9897	1.5785	1.4721	1.4910	1.4629	0.7419	1.3814	1.5111	1.5410	1.5147	1.5223	0.8659	1.2668	1.5071	1.5312	1.5559	1.4491	0.2723	1.4325	1.5144	1.6136	1.5117	1.5833	1.4837	1.1849	1.5846	1.4795	1.4678	1.5673	0.2648	1.0746	0.2882	1.5248	1.3138	1.5435	1.2251	1.6382	1.5814	1.4779	1.5975	1.5063	1.4627	0.2664
22:19:15	30.2	0.2871	1.5319	1.5489	1.4775	1.5251	1.5376	1.4597	1.5553	1.5143	1.5081	0.2757	0.2837	1.6415	1.5163	1.3229	1.5311	1.4751	0.2662	1.5444	1.5171	1.4889	0.2652	0.2806	1.3472	1.6550	1.2529	1.4937	1.5199	1.5866	0.7610	1.5943	1.5134	1.5548	1.4521	0.2774	1.4371	1.4797	1.5000	1.4861	1.5988	1.5043	1.1927	1.5272	1.0304	1.4532	1.2995	1.2143	1.5473	1.5548	1.4904	1.5763	1.5910	1.4944	1.0007	1.5806	1.4702	1.4955	1.4633	0.7670	1.3936	1.5111	1.5392	1.5152	1.5232	0.8900	1.2773	1.5084	1.5384	1.5603	1.4447	0.2723	1.4346	1.5191	1.6132	1.5131	1.5826	1.4801	1.2062	1.5870	1.4790	1.4679	1.5654	0.2647	1.0749	0.2910	1.5253	1.3242	1.5447	1.2214	1.6363	1.5668	1.4818	1.5953	1.5100	1.4620	0.2663
