

Software Version	3.14.03



Experiment File Path:	C:\Users\Public\Documents\Experiments\Hermina\serial_passage\2July24\day3--2July24.xpt
Protocol File Path:	C:\Users\Public\Documents\Protocols\rough_growth_curve.prt



Plate Number	Plate 1
Date	04/07/2024
Time	11:55:18
Reader Type:	Epoch 2
Reader Serial Number:	23053024
Reading Type	Reader

Procedure Details

Plate Type	96 WELL PLATE (Use plate lid)
Well Selection	Runtime
Eject plate on completion	
Read	OD 600
	Absorbance Endpoint
	Full Plate
	Wavelengths:  600
	Read Speed: Normal,  Delay: 100 msec,  Measurements/Data Point: 8
Set Temperature	Setpoint 30°C, Gradient 1 °C
Start Kinetic	Runtime 23:00:00 (HH:MM:SS), Interval 0:10:00, 139 Reads
    Shake	Double Orbital: Continuous
	Frequency: 205 cpm (5 mm)
    Read	Absorbance Endpoint
	Full Plate
	Wavelengths:  600
	Read Speed: Normal,  Delay: 100 msec,  Measurements/Data Point: 8
End Kinetic	

OD 600:600

0:09:16	30.1	0.2731	0.3019	0.3090	0.3068	0.2790	0.2749	0.2866	0.3041	0.2852	0.2807	0.2744	0.2709	0.2855	0.2807	0.3146	0.3073	0.2761	0.2602	0.3062	0.2943	0.2665	0.2613	0.2578	0.2834	0.2987	0.2964	0.2961	0.2696	0.2929	0.2960	0.2969	0.2767	0.2959	0.2786	0.2768	0.3094	0.2831	0.3021	0.2874	0.2923	0.2765	0.2581	0.2885	0.2604	0.2708	0.3097	0.2646	0.3054	0.2974	0.2840	0.2967	0.2822	0.2870	0.2688	0.3050	0.2961	0.2976	0.2827	0.2576	0.2859	0.2962	0.3027	0.3006	0.2959	0.2640	0.2718	0.2816	0.3063	0.3006	0.2823	0.2621	0.2896	0.2902	0.3056	0.2780	0.2881	0.2843	0.2574	0.3134	0.2840	0.2913	0.3070	0.2695	0.3153	0.2768	0.2975	0.2775	0.3227	0.3422	0.3122	0.3257	0.3198	0.3492	0.3154	0.3397	0.3210
0:19:16	30.1	0.2728	0.3022	0.3075	0.3068	0.2793	0.2752	0.2887	0.3016	0.2818	0.2825	0.2752	0.2709	0.2862	0.2860	0.3199	0.3071	0.2805	0.2602	0.3085	0.2963	0.2701	0.2611	0.2569	0.2887	0.2991	0.2974	0.2989	0.2741	0.2936	0.2667	0.2984	0.2760	0.3012	0.2800	0.2765	0.3097	0.2884	0.3059	0.2914	0.2941	0.2814	0.2579	0.2936	0.2604	0.2736	0.3109	0.2644	0.3056	0.3006	0.2890	0.2969	0.2829	0.2932	0.2685	0.3045	0.3009	0.2979	0.2849	0.2573	0.2889	0.2959	0.3017	0.3018	0.3019	0.2640	0.2719	0.2842	0.3082	0.3034	0.2839	0.2620	0.2904	0.2926	0.3000	0.2797	0.2887	0.2848	0.2574	0.3150	0.2879	0.2928	0.3081	0.2691	0.3151	0.2765	0.2972	0.2773	0.3255	0.3440	0.3128	0.3325	0.3191	0.3500	0.3146	0.3405	0.3206
0:29:16	30.1	0.2726	0.3015	0.3103	0.3092	0.2821	0.2772	0.2927	0.2977	0.2817	0.2838	0.2759	0.2712	0.2866	0.2863	0.3226	0.3078	0.2844	0.2602	0.3098	0.3006	0.2743	0.2609	0.2565	0.2940	0.3002	0.2999	0.3023	0.2769	0.2946	0.2685	0.3002	0.2773	0.3033	0.2829	0.2766	0.3124	0.2910	0.3044	0.2942	0.2964	0.2835	0.2577	0.2962	0.2603	0.2771	0.3136	0.2643	0.3066	0.3068	0.2905	0.2975	0.2843	0.2965	0.2682	0.3065	0.3040	0.3002	0.2886	0.2572	0.2917	0.2975	0.3037	0.3071	0.3038	0.2640	0.2720	0.2864	0.3100	0.3036	0.2855	0.2620	0.2925	0.2968	0.3003	0.2831	0.2902	0.2894	0.2574	0.3176	0.2900	0.2959	0.3097	0.2686	0.3154	0.2764	0.3012	0.2772	0.3296	0.3466	0.3143	0.3272	0.3231	0.3501	0.3163	0.3420	0.3211
0:39:16	30.1	0.2726	0.3007	0.3156	0.3122	0.2856	0.2809	0.2966	0.2956	0.2897	0.2871	0.2764	0.2713	0.2876	0.2886	0.3269	0.3147	0.2860	0.2601	0.3154	0.3047	0.2784	0.2608	0.2564	0.2974	0.2994	0.3031	0.3062	0.2807	0.2969	0.2712	0.3036	0.2791	0.3061	0.2867	0.2764	0.3170	0.2939	0.3106	0.2964	0.3018	0.2873	0.2578	0.2989	0.2601	0.2816	0.3171	0.2643	0.3090	0.3113	0.2939	0.2996	0.2886	0.2978	0.2683	0.3102	0.3070	0.3030	0.2937	0.2571	0.2951	0.3016	0.3066	0.3117	0.3065	0.2639	0.2720	0.2897	0.3127	0.3083	0.2855	0.2619	0.2972	0.3003	0.3052	0.2852	0.2937	0.2931	0.2574	0.3206	0.2945	0.2976	0.3132	0.2680	0.3165	0.2763	0.3057	0.2772	0.3330	0.3491	0.3165	0.3320	0.3275	0.3523	0.3187	0.3454	0.3219
0:49:16	30.2	0.2724	0.3033	0.3192	0.3151	0.2879	0.2836	0.2990	0.2966	0.2843	0.2904	0.2770	0.2713	0.2904	0.2903	0.3327	0.3250	0.2877	0.2598	0.3222	0.3068	0.2801	0.2608	0.2562	0.2999	0.3025	0.3077	0.3069	0.2817	0.3007	0.2706	0.3087	0.2820	0.3105	0.2891	0.2762	0.3184	0.2925	0.3206	0.2966	0.3073	0.2869	0.2576	0.3018	0.2600	0.2823	0.3217	0.2642	0.3144	0.3207	0.2952	0.3037	0.2941	0.2984	0.2682	0.3154	0.3091	0.3040	0.2953	0.2570	0.2986	0.3061	0.3113	0.3129	0.3080	0.2638	0.2719	0.2921	0.3160	0.3096	0.2898	0.2619	0.3001	0.3020	0.3116	0.2861	0.3004	0.2942	0.2572	0.3266	0.2970	0.3014	0.3179	0.2676	0.3178	0.2761	0.3056	0.2771	0.3339	0.3523	0.3214	0.3430	0.3280	0.3571	0.3225	0.3487	0.3230
0:59:15	30.2	0.2724	0.3086	0.3208	0.3187	0.2896	0.2860	0.3007	0.3004	0.2895	0.2929	0.2784	0.2713	0.2954	0.2946	0.3353	0.3395	0.2891	0.2599	0.3328	0.3112	0.2824	0.2607	0.2563	0.3026	0.3055	0.3122	0.3078	0.2819	0.3073	0.2745	0.3157	0.2842	0.3164	0.2909	0.2763	0.3210	0.2966	0.3293	0.2976	0.3178	0.2889	0.2575	0.3041	0.2600	0.2855	0.3268	0.2642	0.3209	0.3244	0.2956	0.3117	0.3003	0.2999	0.2680	0.3212	0.3120	0.3085	0.2976	0.2568	0.3006	0.3125	0.3177	0.3152	0.3108	0.2639	0.2719	0.2957	0.3204	0.3173	0.2919	0.2618	0.3025	0.3042	0.3204	0.2885	0.3082	0.2964	0.2573	0.3319	0.2994	0.3036	0.3244	0.2676	0.3197	0.2762	0.3078	0.2771	0.3367	0.3554	0.3276	0.3473	0.3319	0.3620	0.3250	0.3512	0.3241
1:09:16	30.2	0.2723	0.3163	0.3231	0.3222	0.2908	0.2875	0.3010	0.3078	0.2954	0.2951	0.2786	0.2722	0.3013	0.2937	0.3494	0.3538	0.2903	0.2598	0.3452	0.3125	0.2836	0.2606	0.2562	0.3054	0.3116	0.3176	0.3094	0.2835	0.3157	0.2724	0.3253	0.2854	0.3251	0.2919	0.2763	0.3232	0.2983	0.3454	0.2984	0.3289	0.2904	0.2576	0.3070	0.2596	0.2872	0.3329	0.2642	0.3302	0.3362	0.3007	0.3231	0.3065	0.3013	0.2681	0.3288	0.3136	0.3124	0.2995	0.2570	0.3026	0.3174	0.3288	0.3160	0.3114	0.2637	0.2718	0.2980	0.3244	0.3255	0.2947	0.2617	0.3044	0.3062	0.3320	0.2886	0.3198	0.2978	0.2573	0.3389	0.3019	0.3054	0.3327	0.2673	0.3215	0.2761	0.3114	0.2771	0.3378	0.3588	0.3353	0.3569	0.3346	0.3712	0.3269	0.3525	0.3248
1:19:15	30.2	0.2722	0.3253	0.3241	0.3274	0.2926	0.2886	0.3026	0.3094	0.3015	0.2967	0.2784	0.2736	0.3102	0.2990	0.3497	0.3689	0.2911	0.2598	0.3776	0.3161	0.2863	0.2605	0.2561	0.3083	0.3179	0.3234	0.3096	0.2851	0.3259	0.2731	0.3380	0.2866	0.3369	0.2936	0.2761	0.3247	0.2959	0.3604	0.3009	0.3455	0.2917	0.2574	0.3072	0.2597	0.2895	0.3391	0.2641	0.3421	0.3491	0.3028	0.3356	0.3173	0.3048	0.2679	0.3413	0.3186	0.3164	0.3012	0.2566	0.3044	0.3231	0.3417	0.3182	0.3129	0.2637	0.2718	0.3014	0.3289	0.3352	0.2960	0.2618	0.3068	0.3059	0.3443	0.2920	0.3327	0.3031	0.2570	0.3454	0.3060	0.3072	0.3464	0.2673	0.3250	0.2761	0.3126	0.2770	0.3409	0.3642	0.3467	0.3665	0.3351	0.3848	0.3289	0.3549	0.3262
1:29:16	30.2	0.2723	0.3358	0.3245	0.3343	0.2934	0.2897	0.3039	0.3175	0.3104	0.2982	0.2774	0.2750	0.3213	0.3024	0.3615	0.3752	0.2933	0.2599	0.3967	0.3193	0.2877	0.2606	0.2562	0.3108	0.3257	0.3295	0.3069	0.2871	0.3399	0.2793	0.3542	0.2873	0.3524	0.2951	0.2762	0.3263	0.3005	0.3671	0.2986	0.3640	0.2948	0.2576	0.3112	0.2598	0.2919	0.3464	0.2641	0.3577	0.3598	0.3055	0.3511	0.3302	0.3050	0.2680	0.3584	0.3206	0.3245	0.3056	0.2568	0.3069	0.3308	0.3545	0.3179	0.3189	0.2637	0.2718	0.3040	0.3338	0.3417	0.2978	0.2618	0.3095	0.3108	0.3571	0.2911	0.3475	0.3061	0.2571	0.3541	0.3093	0.3091	0.3631	0.2672	0.3291	0.2759	0.3155	0.2771	0.3430	0.3695	0.3583	0.3836	0.3384	0.4007	0.3303	0.3566	0.3278
1:39:16	30.2	0.2722	0.3483	0.3241	0.3403	0.2933	0.2901	0.3047	0.3259	0.3256	0.2983	0.2777	0.2767	0.3366	0.3057	0.3676	0.3894	0.2945	0.2597	0.4213	0.3186	0.2899	0.2603	0.2561	0.3127	0.3357	0.3364	0.3078	0.2873	0.3557	0.2748	0.3732	0.2885	0.3708	0.2950	0.2759	0.3263	0.3009	0.3836	0.3028	0.3877	0.2977	0.2576	0.3154	0.2596	0.2927	0.3531	0.2640	0.3789	0.3725	0.3072	0.3672	0.3516	0.3105	0.2679	0.3808	0.3229	0.3310	0.3087	0.2567	0.3081	0.3380	0.3727	0.3208	0.3232	0.2636	0.2717	0.3076	0.3413	0.3533	0.2999	0.2616	0.3111	0.3125	0.3765	0.2936	0.3730	0.3082	0.2571	0.3609	0.3099	0.3121	0.3827	0.2670	0.3332	0.2758	0.3145	0.2767	0.3479	0.3754	0.3753	0.3943	0.3400	0.4182	0.3310	0.3566	0.3297
1:49:16	30.2	0.2722	0.3664	0.3252	0.3439	0.2940	0.2896	0.3069	0.3349	0.3423	0.2982	0.2789	0.2789	0.3576	0.3106	0.3746	0.4099	0.3021	0.2598	0.4520	0.3258	0.2907	0.2605	0.2562	0.3170	0.3522	0.3445	0.3084	0.2908	0.3794	0.2775	0.3998	0.2889	0.3957	0.2960	0.2758	0.3278	0.3014	0.3970	0.3010	0.4202	0.2995	0.2575	0.3155	0.2596	0.2945	0.3616	0.2642	0.4047	0.3827	0.3114	0.3896	0.3872	0.3098	0.2679	0.4089	0.3320	0.3384	0.3082	0.2568	0.3084	0.3456	0.4417	0.3215	0.3266	0.2639	0.2718	0.3093	0.3488	0.3651	0.3017	0.2616	0.3122	0.3168	0.4325	0.2962	0.4077	0.3114	0.2570	0.3731	0.3144	0.3109	0.4077	0.2671	0.3377	0.2760	0.3188	0.2770	0.3485	0.3812	0.4022	0.4064	0.3399	0.5008	0.3320	0.3576	0.3299
1:59:16	30.2	0.2722	0.4043	0.3280	0.3526	0.2958	0.2905	0.3085	0.3500	0.3615	0.2981	0.2789	0.2812	0.3897	0.3235	0.3830	0.4276	0.3100	0.2598	0.4887	0.3264	0.2930	0.2606	0.2562	0.3225	0.4040	0.3532	0.3067	0.2939	0.3970	0.2714	0.4388	0.2898	0.4186	0.2946	0.2759	0.3284	0.2995	0.4089	0.3065	0.4725	0.2987	0.2577	0.3268	0.2596	0.2980	0.3702	0.2640	0.4359	0.3933	0.3153	0.4218	0.4394	0.3225	0.2680	0.4493	0.3423	0.3460	0.3153	0.2566	0.3157	0.3524	0.4853	0.3254	0.3342	0.2638	0.2717	0.3189	0.3524	0.3770	0.3026	0.2618	0.3163	0.3167	0.4776	0.2968	0.4525	0.3169	0.2571	0.3741	0.3192	0.3159	0.4523	0.2672	0.3432	0.2760	0.3216	0.2771	0.3577	0.3872	0.4396	0.4206	0.3461	0.5291	0.3325	0.3563	0.3346
2:09:16	30.2	0.2721	0.4264	0.3242	0.3618	0.2929	0.2898	0.3052	0.3695	0.3763	0.2989	0.2790	0.2836	0.4195	0.3442	0.3963	0.4362	0.3183	0.2598	0.5325	0.3343	0.2949	0.2604	0.2560	0.3232	0.4523	0.3625	0.3063	0.2973	0.4224	0.2778	0.4665	0.2921	0.4508	0.2945	0.2757	0.3272	0.3045	0.4195	0.3063	0.5082	0.3075	0.2574	0.3328	0.2594	0.2933	0.3816	0.2640	0.4614	0.4053	0.3195	0.4754	0.4754	0.3371	0.2678	0.4892	0.3563	0.3567	0.3223	0.2566	0.3204	0.3691	0.5305	0.3322	0.3505	0.2638	0.2717	0.3445	0.3625	0.4179	0.3094	0.2617	0.3198	0.3229	0.4850	0.3026	0.4985	0.3218	0.2571	0.3862	0.3329	0.3228	0.4873	0.2670	0.3487	0.2759	0.3223	0.2770	0.3672	0.3975	0.4897	0.4320	0.3508	0.5504	0.3336	0.3596	0.3396
2:19:16	30.2	0.2721	0.4806	0.3267	0.3748	0.2935	0.2897	0.3092	0.4204	0.4076	0.2992	0.2775	0.2865	0.4530	0.3486	0.4137	0.4547	0.3541	0.2596	0.5696	0.3396	0.3047	0.2605	0.2562	0.3408	0.4915	0.3773	0.3069	0.3089	0.4754	0.2730	0.5070	0.2954	0.5043	0.2969	0.2756	0.3318	0.3243	0.4323	0.3204	0.5596	0.3218	0.2573	0.3676	0.2595	0.3161	0.3955	0.2640	0.4963	0.4171	0.3135	0.5273	0.5305	0.3667	0.2679	0.5104	0.3913	0.3683	0.3556	0.2566	0.3450	0.3769	0.5865	0.3464	0.3607	0.2638	0.2718	0.3553	0.3737	0.3911	0.3178	0.2618	0.3312	0.3325	0.5485	0.3099	0.5494	0.3479	0.2571	0.3954	0.3616	0.3427	0.5243	0.2669	0.3544	0.2757	0.3264	0.2769	0.3901	0.4065	0.5296	0.4464	0.3614	0.5780	0.3347	0.3584	0.3420
2:29:16	30.2	0.2721	0.5092	0.3371	0.3864	0.3044	0.2931	0.3151	0.4930	0.4321	0.3007	0.2776	0.2896	0.4847	0.3820	0.4322	0.4684	0.3858	0.2597	0.6041	0.3625	0.3101	0.2607	0.2562	0.3533	0.5305	0.3929	0.3122	0.3331	0.5269	0.2793	0.5300	0.3035	0.5344	0.2982	0.2758	0.3331	0.3601	0.4445	0.3364	0.6015	0.3441	0.2576	0.3792	0.2596	0.3339	0.4104	0.2641	0.5242	0.4288	0.3465	0.5718	0.5685	0.3850	0.2679	0.5394	0.4023	0.3831	0.4005	0.2565	0.3955	0.3950	0.6131	0.3606	0.3751	0.2637	0.2718	0.3816	0.3848	0.4020	0.3405	0.2619	0.3527	0.3674	0.5607	0.3229	0.5856	0.3654	0.2570	0.4151	0.3758	0.3722	0.5721	0.2670	0.3634	0.2758	0.3305	0.2769	0.4055	0.4184	0.5588	0.4594	0.3841	0.5972	0.3396	0.3625	0.3498
2:39:16	30.2	0.2720	0.5320	0.3569	0.3997	0.2984	0.2944	0.3760	0.4497	0.4514	0.3046	0.2787	0.2908	0.5036	0.4098	0.4503	0.4812	0.3968	0.2598	0.6211	0.3816	0.3204	0.2606	0.2562	0.3775	0.5664	0.4031	0.3201	0.3524	0.5831	0.2779	0.5358	0.3230	0.5620	0.3060	0.2756	0.3452	0.4336	0.4586	0.3663	0.6355	0.3610	0.2576	0.3962	0.2596	0.4018	0.4285	0.2640	0.5404	0.4413	0.3792	0.6022	0.6117	0.4079	0.2678	0.5570	0.4244	0.4036	0.4195	0.2566	0.4064	0.4141	0.6299	0.3733	0.4080	0.2639	0.2718	0.3921	0.3957	0.4113	0.3725	0.2618	0.3651	0.3911	0.6106	0.3286	0.6141	0.3839	0.2572	0.4396	0.3976	0.4049	0.5923	0.2670	0.3764	0.2758	0.3716	0.2770	0.4226	0.4298	0.5699	0.4709	0.4068	0.6079	0.3459	0.3669	0.3652
2:49:15	30.2	0.2721	0.5433	0.3895	0.4112	0.3099	0.3013	0.4038	0.4737	0.4657	0.3129	0.2787	0.2925	0.5324	0.4328	0.4722	0.4962	0.4071	0.2596	0.6315	0.3899	0.3432	0.2608	0.2562	0.4024	0.5942	0.4258	0.3441	0.3677	0.5800	0.2822	0.5501	0.3609	0.5870	0.3189	0.2759	0.3639	0.4402	0.4720	0.3932	0.6543	0.3720	0.2573	0.4245	0.2597	0.4026	0.4465	0.2641	0.5476	0.4588	0.4052	0.6183	0.6562	0.4090	0.2679	0.5739	0.4260	0.4238	0.4220	0.2567	0.4211	0.4165	0.6847	0.3872	0.4198	0.2638	0.2718	0.3864	0.4094	0.4175	0.4056	0.2618	0.4232	0.4061	0.6489	0.3459	0.6266	0.3832	0.2571	0.4625	0.3961	0.4198	0.6054	0.2671	0.3903	0.2758	0.3690	0.2768	0.4460	0.4435	0.5774	0.4861	0.4349	0.6169	0.3669	0.3933	0.4060
2:59:16	30.2	0.2721	0.5638	0.3904	0.4277	0.3739	0.3528	0.4194	0.4864	0.4768	0.3227	0.2792	0.2942	0.5282	0.4501	0.4892	0.5132	0.4267	0.2597	0.6403	0.4194	0.3547	0.2607	0.2561	0.4176	0.5996	0.4369	0.3836	0.3832	0.5999	0.2914	0.5666	0.4168	0.6116	0.3270	0.2755	0.4175	0.4416	0.4886	0.4162	0.6640	0.3950	0.2573	0.4325	0.2595	0.4154	0.4655	0.2640	0.5531	0.4736	0.4388	0.6151	0.6965	0.4367	0.2680	0.5853	0.4399	0.4310	0.4310	0.2566	0.4404	0.4371	0.6685	0.3989	0.4522	0.2638	0.2717	0.4277	0.4215	0.4301	0.4297	0.2616	0.4300	0.4306	0.6440	0.3664	0.6431	0.4164	0.2570	0.4963	0.4189	0.4266	0.6317	0.2669	0.4042	0.2757	0.4056	0.2768	0.4593	0.4582	0.5848	0.5022	0.4343	0.6261	0.3749	0.4044	0.4393
3:09:16	30.2	0.2722	0.5904	0.4296	0.4372	0.3866	0.3671	0.4562	0.5139	0.5052	0.3810	0.2778	0.2972	0.5472	0.4836	0.5055	0.5320	0.4443	0.2595	0.6535	0.4553	0.4100	0.2608	0.2561	0.4555	0.6166	0.4747	0.4043	0.4168	0.6150	0.2941	0.5984	0.4344	0.6276	0.3546	0.2757	0.4410	0.4712	0.5031	0.4373	0.6547	0.4228	0.2576	0.4603	0.2596	0.4266	0.4865	0.2641	0.5677	0.4942	0.4471	0.6524	0.7508	0.4631	0.2679	0.6120	0.4515	0.4283	0.4478	0.2567	0.4817	0.4537	0.6792	0.4217	0.4746	0.2639	0.2718	0.4495	0.4308	0.4440	0.4359	0.2617	0.4480	0.4404	0.6531	0.3812	0.6399	0.4131	0.2571	0.5308	0.4268	0.4509	0.6382	0.2670	0.4260	0.2758	0.4409	0.2769	0.4813	0.4701	0.6090	0.5250	0.4370	0.6502	0.4051	0.4326	0.4793
3:19:16	30.2	0.2721	0.6084	0.4324	0.4502	0.4240	0.3818	0.4700	0.5266	0.5065	0.4249	0.2782	0.2982	0.5637	0.4881	0.5227	0.5438	0.4559	0.2596	0.6686	0.4627	0.4499	0.2607	0.2562	0.4857	0.6232	0.5021	0.4318	0.4352	0.6224	0.2969	0.6026	0.4567	0.6230	0.4272	0.2758	0.4342	0.4781	0.5194	0.4514	0.6520	0.4378	0.2574	0.4740	0.2595	0.4568	0.5067	0.2641	0.5747	0.5141	0.4490	0.6765	0.8092	0.4611	0.2679	0.6181	0.4642	0.4377	0.4545	0.2566	0.4829	0.4743	0.6893	0.4383	0.4833	0.2638	0.2717	0.4567	0.4437	0.4592	0.4581	0.2617	0.4504	0.4619	0.6910	0.4076	0.6498	0.4276	0.2570	0.5551	0.4413	0.4618	0.6395	0.2670	0.4363	0.2757	0.4459	0.2769	0.5054	0.4827	0.6249	0.5416	0.4555	0.6729	0.4060	0.4155	0.4870
3:29:16	30.2	0.2721	0.6250	0.4683	0.4635	0.4505	0.4413	0.4812	0.5502	0.5147	0.4376	0.2797	0.3004	0.5690	0.5172	0.5377	0.5633	0.4668	0.2595	0.6734	0.4601	0.4468	0.2606	0.2561	0.5031	0.6515	0.5113	0.4404	0.4499	0.6274	0.2958	0.6051	0.4623	0.6355	0.4220	0.2756	0.4850	0.4888	0.5349	0.4664	0.6924	0.4578	0.2572	0.4918	0.2591	0.4628	0.5265	0.2639	0.5721	0.5394	0.4708	0.6823	0.8539	0.4893	0.2677	0.6248	0.4715	0.4739	0.4624	0.2565	0.4957	0.4883	0.7299	0.4453	0.4918	0.2636	0.2718	0.4911	0.4623	0.4803	0.4634	0.2618	0.4696	0.4722	0.7233	0.4185	0.6747	0.4478	0.2570	0.5952	0.4429	0.4648	0.6327	0.2669	0.4679	0.2756	0.4714	0.2769	0.5219	0.4968	0.6098	0.5592	0.4606	0.6564	0.4076	0.4460	0.5110
3:39:16	30.3	0.2721	0.6456	0.4734	0.4854	0.4650	0.4452	0.4897	0.5638	0.5285	0.4784	0.2817	0.3036	0.5817	0.5366	0.5566	0.5901	0.4767	0.2595	0.6711	0.5045	0.4768	0.2607	0.2560	0.5249	0.6658	0.5346	0.4369	0.4551	0.6326	0.2868	0.6169	0.4929	0.6305	0.4573	0.2758	0.4946	0.4936	0.5506	0.4827	0.7015	0.4610	0.2574	0.4965	0.2593	0.4763	0.5525	0.2638	0.5810	0.5664	0.4829	0.7101	0.9117	0.5020	0.2678	0.6334	0.4744	0.4886	0.4677	0.2565	0.5105	0.5200	0.7563	0.4494	0.5065	0.2636	0.2717	0.5050	0.4725	0.5012	0.4881	0.2617	0.4845	0.4772	0.7248	0.4278	0.6760	0.4698	0.2570	0.6344	0.4768	0.4778	0.6245	0.2669	0.4903	0.2755	0.4813	0.2766	0.5304	0.5120	0.6059	0.5787	0.4502	0.6658	0.4541	0.4872	0.5453
3:49:16	30.3	0.2720	0.6640	0.5108	0.5106	0.4806	0.4648	0.5029	0.5807	0.5357	0.5119	0.2809	0.3057	0.5931	0.5460	0.5752	0.6240	0.4982	0.2596	0.6741	0.5077	0.4785	0.2607	0.2561	0.5507	0.7077	0.5648	0.4704	0.4567	0.6472	0.2928	0.6225	0.4852	0.6381	0.4736	0.2759	0.5067	0.5159	0.5697	0.4801	0.7213	0.4765	0.2575	0.5143	0.2593	0.4856	0.5814	0.2640	0.5824	0.5939	0.4953	0.7292	0.9651	0.5117	0.2680	0.6311	0.4882	0.5137	0.4782	0.2565	0.5048	0.5605	0.7919	0.4663	0.5203	0.2638	0.2717	0.5167	0.4906	0.5218	0.4943	0.2616	0.4932	0.4888	0.7632	0.4315	0.6917	0.4956	0.2570	0.6732	0.4936	0.4921	0.6286	0.2669	0.4997	0.2757	0.4871	0.2768	0.5343	0.5270	0.6098	0.6015	0.4841	0.6709	0.4621	0.4982	0.5642
3:59:16	30.3	0.2720	0.6764	0.5350	0.5444	0.4991	0.4751	0.5012	0.5888	0.5374	0.5305	0.2801	0.3087	0.5971	0.5605	0.6004	0.6506	0.5053	0.2596	0.6784	0.5257	0.4880	0.2609	0.2563	0.5775	0.7397	0.6042	0.4834	0.4607	0.6504	0.2857	0.6481	0.5162	0.6404	0.4915	0.2757	0.5269	0.5249	0.5882	0.5202	0.7309	0.4820	0.2575	0.5415	0.2594	0.4969	0.6090	0.2640	0.5827	0.6275	0.5020	0.7529	1.0190	0.5159	0.2679	0.6278	0.5199	0.5421	0.4874	0.2567	0.5070	0.5947	0.8553	0.4816	0.5291	0.2637	0.2719	0.5194	0.5063	0.5492	0.4950	0.2618	0.4975	0.5088	0.7854	0.4467	0.6973	0.4960	0.2570	0.7194	0.5007	0.5160	0.6281	0.2669	0.5091	0.2757	0.4996	0.2769	0.5369	0.5441	0.6084	0.6311	0.5023	0.6685	0.5114	0.5433	0.6045
4:09:16	30.2	0.2717	0.6982	0.5502	0.5783	0.5007	0.4890	0.5164	0.5941	0.5450	0.5279	0.2799	0.3100	0.5963	0.5745	0.6280	0.6781	0.5263	0.2594	0.6927	0.5460	0.5068	0.2605	0.2560	0.5832	0.7928	0.6375	0.5115	0.4804	0.6605	0.2860	0.6610	0.5438	0.6482	0.4955	0.2755	0.5365	0.5370	0.6155	0.5334	0.7587	0.5116	0.2573	0.5450	0.2592	0.5123	0.6353	0.2638	0.5866	0.6635	0.5083	0.7838	1.0697	0.5216	0.2677	0.6218	0.5254	0.5738	0.5018	0.2564	0.5245	0.6366	0.8804	0.4836	0.5361	0.2636	0.2717	0.5395	0.5212	0.5782	0.4972	0.2616	0.5000	0.5201	0.8164	0.4556	0.7144	0.5158	0.2568	0.7593	0.5244	0.5076	0.6138	0.2669	0.5181	0.2754	0.5117	0.2769	0.5590	0.5608	0.6096	0.6626	0.5017	0.6698	0.5124	0.5491	0.6189
4:19:16	30.2	0.2720	0.7444	0.5550	0.6160	0.5097	0.4966	0.5260	0.5909	0.5557	0.5334	0.2796	0.3123	0.5864	0.5875	0.6515	0.7134	0.5306	0.2594	0.7079	0.5891	0.5303	0.2606	0.2560	0.5988	0.8242	0.6794	0.5089	0.5274	0.6714	0.2912	0.6541	0.4919	0.6404	0.5288	0.2757	0.5532	0.5602	0.6371	0.5510	0.7758	0.5226	0.2574	0.5523	0.2593	0.5262	0.6637	0.2641	0.5856	0.6977	0.5189	0.8246	1.1218	0.5314	0.2678	0.6174	0.5501	0.5946	0.5217	0.2564	0.5460	0.6814	0.9016	0.4958	0.5489	0.2638	0.2718	0.5607	0.5329	0.6168	0.5348	0.2616	0.5052	0.5594	0.8242	0.4601	0.7281	0.5504	0.2568	0.7976	0.5433	0.5172	0.6119	0.2668	0.5354	0.2757	0.5411	0.2766	0.6046	0.5821	0.6167	0.6917	0.4983	0.6737	0.5124	0.5356	0.6108
4:29:16	30.2	0.2719	0.7609	0.5823	0.6454	0.5362	0.5067	0.5376	0.6138	0.5606	0.5708	0.2784	0.3143	0.5833	0.6146	0.6799	0.7424	0.5523	0.2595	0.7014	0.5670	0.5336	0.2605	0.2561	0.6325	0.8718	0.7112	0.5550	0.5023	0.6633	0.2911	0.6762	0.5828	0.6564	0.5201	0.2756	0.5812	0.5888	0.6707	0.5742	0.7951	0.5479	0.2573	0.6042	0.2594	0.5370	0.6943	0.2640	0.5944	0.7345	0.5585	0.8443	1.1577	0.5669	0.2679	0.6315	0.5560	0.6302	0.5201	0.2565	0.5331	0.7079	0.9922	0.4997	0.5682	0.2637	0.2720	0.5669	0.5509	0.6622	0.5368	0.2616	0.5155	0.5774	0.8722	0.4741	0.7461	0.5640	0.2569	0.8317	0.5618	0.5252	0.6085	0.2669	0.5520	0.2755	0.5277	0.2767	0.5676	0.6013	0.6183	0.7278	0.5334	0.6697	0.5447	0.5798	0.6644
4:39:16	30.3	0.2718	0.8094	0.5913	0.6810	0.5511	0.5168	0.5559	0.6133	0.5660	0.5864	0.2786	0.3162	0.5843	0.6302	0.7051	0.7687	0.5646	0.2594	0.7108	0.5728	0.5475	0.2605	0.2561	0.6318	0.9273	0.7367	0.5711	0.5235	0.6901	0.2932	0.6782	0.5878	0.6579	0.5497	0.2756	0.5926	0.6155	0.7013	0.5939	0.8190	0.5541	0.2572	0.5914	0.2591	0.5542	0.7213	0.2640	0.6049	0.7564	0.5717	0.8780	1.1938	0.5882	0.2678	0.6305	0.5914	0.6505	0.5434	0.2563	0.5730	0.7393	0.9758	0.5159	0.5755	0.2637	0.2716	0.5807	0.5593	0.7013	0.5397	0.2617	0.5249	0.5989	0.8854	0.4950	0.7577	0.5798	0.2567	0.8578	0.5876	0.5285	0.6099	0.2669	0.5715	0.2754	0.5516	0.2769	0.6365	0.6259	0.6349	0.7652	0.5323	0.6806	0.5432	0.5840	0.6434
4:49:16	30.3	0.2719	0.8531	0.6106	0.7074	0.5691	0.5292	0.5893	0.6412	0.5747	0.5908	0.2805	0.3180	0.5987	0.6493	0.7342	0.8046	0.5880	0.2596	0.7333	0.6012	0.5667	0.2607	0.2560	0.6512	0.9546	0.7636	0.5944	0.5667	0.7144	0.2940	0.6891	0.5996	0.6791	0.5884	0.2758	0.6159	0.6347	0.7364	0.6073	0.8469	0.5656	0.2575	0.6083	0.2591	0.5717	0.7459	0.2639	0.6141	0.7896	0.5961	0.9157	1.2238	0.6096	0.2678	0.6547	0.6039	0.6818	0.5601	0.2565	0.5918	0.7696	1.0229	0.5389	0.6002	0.2637	0.2719	0.5795	0.5732	0.7417	0.5581	0.2617	0.5278	0.6217	0.9260	0.5123	0.7919	0.6025	0.2570	0.8864	0.5946	0.5444	0.6145	0.2669	0.5917	0.2756	0.5957	0.2769	0.6509	0.6457	0.6572	0.7846	0.5422	0.6887	0.5675	0.6045	0.6672
4:59:16	30.3	0.2721	0.8953	0.6239	0.7352	0.5683	0.5281	0.5569	0.6444	0.5805	0.6054	0.2812	0.3199	0.6070	0.6836	0.7588	0.8336	0.5995	0.2595	0.7573	0.6169	0.5716	0.2606	0.2560	0.6576	1.0047	0.7966	0.6024	0.5745	0.7476	0.2913	0.7005	0.6062	0.6816	0.5970	0.2760	0.6294	0.6859	0.7834	0.6248	0.8817	0.5748	0.2573	0.6174	0.2594	0.5724	0.7717	0.2640	0.6108	0.8245	0.6307	0.9491	1.2467	0.6148	0.2680	0.6423	0.6175	0.7126	0.5654	0.2565	0.5820	0.8009	1.0575	0.5568	0.6257	0.2636	0.2719	0.6006	0.5834	0.7836	0.5713	0.2617	0.5542	0.6698	0.9569	0.5497	0.8286	0.6259	0.2571	0.9178	0.5993	0.5522	0.6075	0.2670	0.5952	0.2756	0.6122	0.2768	0.6755	0.6641	0.6604	0.8363	0.5542	0.6874	0.5601	0.6041	0.7074
5:09:16	30.2	0.2719	0.9412	0.6458	0.7584	0.5805	0.5448	0.5798	0.6567	0.5901	0.6255	0.2808	0.3217	0.6293	0.7015	0.7790	0.8662	0.6162	0.2596	0.7748	0.6310	0.5865	0.2606	0.2561	0.6721	1.0396	0.8161	0.6487	0.5923	0.7799	0.2887	0.7171	0.6106	0.6821	0.6035	0.2758	0.6408	0.6766	0.8205	0.6582	0.9133	0.5936	0.2575	0.6325	0.2592	0.5774	0.7956	0.2641	0.6185	0.8522	0.6566	0.9867	1.2726	0.6355	0.2679	0.6488	0.6164	0.7389	0.5815	0.2565	0.6144	0.8262	1.0874	0.5713	0.6355	0.2638	0.2718	0.6132	0.5961	0.8175	0.5713	0.2618	0.5652	0.7011	0.9910	0.5872	0.8633	0.6468	0.2570	0.9423	0.6062	0.5657	0.6178	0.2671	0.6080	0.2756	0.6309	0.2769	0.6862	0.6866	0.6829	0.8635	0.5655	0.6933	0.5844	0.6146	0.7099
5:19:16	30.2	0.2720	0.9856	0.6648	0.7839	0.5963	0.5642	0.5844	0.6696	0.6071	0.6323	0.2788	0.3230	0.6630	0.7270	0.7990	0.8874	0.6255	0.2596	0.7913	0.6400	0.5942	0.2607	0.2562	0.6854	1.0894	0.8481	0.6601	0.6004	0.8227	0.2880	0.7337	0.6300	0.6999	0.6156	0.2755	0.6477	0.6951	0.8619	0.6631	0.9535	0.5911	0.2575	0.6331	0.2593	0.5917	0.8161	0.2640	0.6528	0.8768	0.6667	1.0208	1.2886	0.6544	0.2680	0.6514	0.6257	0.7525	0.5920	0.2565	0.5975	0.8470	1.1131	0.5912	0.6518	0.2637	0.2719	0.6141	0.6041	0.8483	0.5835	0.2617	0.5668	0.7251	1.0267	0.5953	0.9003	0.6732	0.2571	0.9582	0.6249	0.5672	0.6172	0.2671	0.6330	0.2755	0.6406	0.2769	0.6966	0.7078	0.7097	0.8959	0.5951	0.7013	0.5993	0.6266	0.7091
5:29:16	30.3	0.2720	1.0313	0.6820	0.8130	0.6036	0.5609	0.5963	0.6705	0.6099	0.6367	0.2789	0.3249	0.6900	0.7414	0.8197	0.9264	0.6336	0.2595	0.8203	0.6562	0.6156	0.2605	0.2561	0.6990	1.1183	0.8706	0.6957	0.6144	0.8493	0.2967	0.7405	0.6167	0.6773	0.6459	0.2756	0.6613	0.6903	0.9056	0.6864	0.9830	0.6052	0.2573	0.6461	0.2592	0.5945	0.8406	0.2641	0.6668	0.8973	0.6951	1.0497	1.3118	0.6702	0.2680	0.6439	0.6296	0.7894	0.5997	0.2566	0.5864	0.8708	1.1449	0.5885	0.6702	0.2637	0.2718	0.6285	0.6145	0.8886	0.6022	0.2617	0.5875	0.7476	1.0609	0.6096	0.9402	0.6770	0.2570	0.9938	0.6096	0.5832	0.6199	0.2669	0.6386	0.2755	0.6372	0.2769	0.7101	0.7290	0.7342	0.9314	0.6303	0.7053	0.6025	0.6249	0.7080
5:39:16	30.3	0.2720	1.0558	0.7069	0.8338	0.6202	0.5780	0.6048	0.6975	0.6237	0.6551	0.2801	0.3266	0.7199	0.7804	0.8409	0.9449	0.6497	0.2596	0.8388	0.6539	0.6213	0.2606	0.2560	0.7045	1.1496	0.8912	0.7181	0.6269	0.8758	0.2890	0.7662	0.6375	0.7167	0.6332	0.2755	0.6696	0.7287	0.9544	0.6979	1.0162	0.6183	0.2574	0.6570	0.2591	0.6136	0.8634	0.2639	0.6824	0.9213	0.7201	1.0671	1.3208	0.6839	0.2678	0.6580	0.6482	0.8103	0.6090	0.2564	0.6203	0.8927	1.1692	0.5955	0.6875	0.2636	0.2717	0.6406	0.6253	0.9191	0.5995	0.2615	0.5937	0.7847	1.0869	0.6109	0.9656	0.6967	0.2568	1.0065	0.6313	0.5914	0.6209	0.2670	0.6423	0.2755	0.6728	0.2768	0.7331	0.7505	0.7530	0.9636	0.6269	0.7131	0.6172	0.6478	0.7191
5:49:16	30.2	0.2719	1.0925	0.7256	0.8548	0.6430	0.5904	0.6246	0.7141	0.6340	0.6553	0.2806	0.3281	0.7578	0.8029	0.8615	0.9711	0.6679	0.2593	0.8670	0.6722	0.6208	0.2604	0.2560	0.7092	1.1668	0.9143	0.7356	0.6538	0.9240	0.2986	0.7901	0.6516	0.7314	0.6478	0.2756	0.6734	0.7491	0.9893	0.7485	1.0460	0.6311	0.2574	0.6712	0.2592	0.6041	0.8799	0.2640	0.7007	0.9444	0.7361	1.0964	1.3386	0.6981	0.2677	0.6709	0.6560	0.8214	0.6151	0.2563	0.6262	0.9082	1.1878	0.6110	0.7069	0.2636	0.2716	0.6554	0.6335	0.9381	0.5957	0.2616	0.6031	0.8036	1.1177	0.6465	0.9981	0.7151	0.2568	1.0312	0.6470	0.5934	0.6248	0.2669	0.6653	0.2754	0.6925	0.2767	0.7302	0.7719	0.7959	0.9907	0.6306	0.7311	0.6290	0.6451	0.7180
5:59:16	30.2	0.2719	1.1259	0.7503	0.8710	0.6561	0.5946	0.6223	0.7220	0.6509	0.6800	0.2804	0.3298	0.7825	0.8072	0.8802	0.9913	0.6783	0.2593	0.9085	0.6798	0.6363	0.2605	0.2560	0.7276	1.2003	0.9295	0.7439	0.6645	0.9472	0.2916	0.8230	0.6584	0.7242	0.6551	0.2754	0.6914	0.7488	1.0188	0.7664	1.0736	0.6350	0.2573	0.6957	0.2591	0.6172	0.8987	0.2639	0.7269	0.9635	0.7499	1.1144	1.3502	0.7113	0.2678	0.6984	0.6563	0.8525	0.6267	0.2562	0.6490	0.9330	1.2072	0.6431	0.7166	0.2636	0.2716	0.6574	0.6433	0.9706	0.6142	0.2616	0.6149	0.8423	1.1400	0.6850	1.0212	0.7359	0.2567	1.0554	0.6587	0.6057	0.6448	0.2669	0.6708	0.2754	0.6962	0.2765	0.7522	0.7901	0.8210	1.0072	0.6376	0.7415	0.6349	0.6557	0.7387
6:09:16	30.2	0.2721	1.1543	0.7767	0.8941	0.6878	0.6194	0.6376	0.7377	0.6692	0.6868	0.2794	0.3316	0.8134	0.8347	0.8989	1.0065	0.7169	0.2595	0.9457	0.6904	0.6430	0.2607	0.2562	0.7397	1.2168	0.9590	0.7860	0.7193	0.9768	0.2961	0.8559	0.6587	0.7496	0.6779	0.2755	0.6974	0.7629	1.0517	0.8703	1.0960	0.6678	0.2574	0.7046	0.2590	0.6188	0.9128	0.2639	0.7505	0.9829	0.7793	1.1331	1.3654	0.7246	0.2679	0.7264	0.6728	0.8743	0.6409	0.2564	0.6604	0.9511	1.2346	0.6710	0.7479	0.2637	0.2718	0.6711	0.6520	0.9962	0.6312	0.2616	0.6316	0.8523	1.1718	0.7370	1.0490	0.7717	0.2569	1.0814	0.6777	0.6368	0.6492	0.2669	0.6890	0.2754	0.7380	0.2769	0.7782	0.8071	0.8731	1.0253	0.6562	0.7580	0.6447	0.6590	0.7191
6:19:16	30.2	0.2719	1.1793	0.8180	0.9159	0.7335	0.6424	0.6769	0.7569	0.6916	0.6866	0.2788	0.3327	0.8578	0.8507	0.9199	1.0321	0.7404	0.2594	0.9652	0.6988	0.6584	0.2606	0.2560	0.7506	1.2429	0.9776	0.7900	0.7363	1.0071	0.2958	0.8852	0.6784	0.7614	0.6788	0.2754	0.7048	0.7790	1.0700	0.8919	1.1218	0.7072	0.2575	0.7109	0.2593	0.6262	0.9330	0.2640	0.7849	1.0024	0.7914	1.1547	1.3701	0.7376	0.2678	0.7672	0.6809	0.8951	0.6533	0.2565	0.6676	0.9751	1.2505	0.7103	0.7561	0.2637	0.2719	0.6794	0.6633	1.0139	0.6344	0.2616	0.6297	0.8433	1.1872	0.7700	1.0806	0.7438	0.2568	1.1046	0.6778	0.6350	0.6513	0.2670	0.6997	0.2754	0.7457	0.2767	0.7750	0.8257	0.9007	1.0468	0.6678	0.7719	0.6486	0.6642	0.7546
6:29:16	30.2	0.2719	1.2022	0.8584	0.9492	0.7654	0.6523	0.6833	0.7672	0.7203	0.6973	0.2789	0.3343	0.8825	0.8707	0.9443	1.0461	0.7422	0.2594	1.0103	0.7041	0.6702	0.2605	0.2560	0.7647	1.2625	1.0030	0.8017	0.7577	1.0400	0.2892	0.9107	0.6916	0.7761	0.6915	0.2755	0.7166	0.8121	1.0866	0.8882	1.1423	0.7179	0.2574	0.7170	0.2593	0.6344	0.9521	0.2639	0.8188	1.0203	0.8097	1.1646	1.3835	0.7690	0.2680	0.7800	0.6886	0.9128	0.6508	0.2565	0.6696	1.0030	1.2678	0.7464	0.7804	0.2636	0.2718	0.6978	0.6710	1.0856	0.6315	0.2616	0.6409	0.8678	1.2141	0.7998	1.1044	0.7469	0.2569	1.1278	0.6793	0.6399	0.6762	0.2669	0.7050	0.2753	0.7659	0.2768	0.7978	0.8438	0.9327	1.0643	0.6717	0.7872	0.6579	0.6739	0.7228
6:39:16	30.2	0.2719	1.2229	0.8841	0.9727	0.7972	0.6801	0.7067	0.7863	0.7509	0.7064	0.2800	0.3360	0.9182	0.9039	0.9704	1.0721	0.7553	0.2595	1.0398	0.7202	0.6847	0.2606	0.2559	0.7761	1.2812	1.0308	0.8183	0.7706	1.0695	0.2919	0.9443	0.6992	0.8131	0.6959	0.2754	0.7256	0.8118	1.1051	0.8984	1.1664	0.7433	0.2574	0.7404	0.2592	0.6611	0.9787	0.2639	0.8438	1.0396	0.8446	1.1840	1.3874	0.8012	0.2680	0.8125	0.6982	0.9371	0.6613	0.2563	0.6616	1.0378	1.2832	0.7793	0.7989	0.2636	0.2719	0.7072	0.6831	1.1176	0.6401	0.2615	0.6460	0.9036	1.2305	0.7980	1.1282	0.7509	0.2569	1.1496	0.6875	0.6331	0.6962	0.2668	0.7126	0.2753	0.7801	0.2768	0.7955	0.8644	0.9663	1.0830	0.6714	0.8055	0.6576	0.6811	0.7464
6:49:16	30.2	0.2718	1.2406	0.9118	1.0025	0.8338	0.7102	0.7314	0.8076	0.7814	0.7166	0.2806	0.3374	0.9513	0.9263	0.9959	1.0917	0.7608	0.2594	1.0636	0.7457	0.6970	0.2604	0.2562	0.7821	1.2935	1.0526	0.8010	0.7588	1.0859	0.2890	0.9735	0.7183	0.8098	0.7029	0.2755	0.7372	0.8384	1.1229	0.8689	1.1901	0.7493	0.2571	0.7550	0.2590	0.6740	1.0020	0.2638	0.8779	1.0591	0.8770	1.1932	1.3931	0.8438	0.2678	0.8464	0.7135	0.9595	0.6831	0.2562	0.6714	1.0622	1.2985	0.7670	0.8191	0.2636	0.2717	0.7167	0.6924	1.1357	0.6485	0.2615	0.6542	0.9295	1.2494	0.7905	1.1534	0.7681	0.2569	1.1745	0.6997	0.6568	0.7114	0.2669	0.7219	0.2754	0.7885	0.2768	0.8087	0.8844	0.9963	1.0967	0.6968	0.8193	0.6829	0.6964	0.7317
6:59:16	30.2	0.2720	1.2383	0.9376	1.0301	0.8650	0.7020	0.7304	0.8192	0.8161	0.7394	0.2828	0.3396	0.9723	0.9524	1.0241	1.1238	0.7649	0.2593	1.0958	0.7552	0.7194	0.2605	0.2560	0.7926	1.3162	1.0826	0.8166	0.7720	1.1097	0.2910	0.9937	0.7270	0.8174	0.6944	0.2757	0.7594	0.8700	1.1359	0.8841	1.2100	0.7705	0.2573	0.7673	0.2590	0.6888	1.0291	0.2638	0.9071	1.0758	0.9082	1.2070	1.4013	0.8771	0.2678	0.8551	0.7405	0.9847	0.6911	0.2564	0.6836	1.0853	1.3173	0.7813	0.8428	0.2635	0.2717	0.7338	0.7030	1.1556	0.6516	0.2614	0.6612	0.9633	1.2637	0.8098	1.1719	0.7967	0.2568	1.1978	0.7142	0.6656	0.7305	0.2669	0.7251	0.2753	0.8088	0.2768	0.8320	0.9089	1.0274	1.1095	0.6936	0.8275	0.6771	0.6889	0.7107
7:09:16	30.2	0.2719	1.2611	0.9202	1.0535	0.9339	0.7487	0.7618	0.8371	0.8369	0.7331	0.2843	0.3418	1.0068	0.9712	1.0524	1.1619	0.7776	0.2595	1.1171	0.7955	0.7211	0.2607	0.2561	0.8172	1.3222	1.1019	0.8395	0.7858	1.1432	0.2884	1.0210	0.7436	0.8701	0.7009	0.2758	0.7521	0.9026	1.1571	0.9023	1.2269	0.7781	0.2574	0.7936	0.2593	0.6913	1.0531	0.2640	0.9384	1.0925	0.9344	1.2168	1.4057	0.8999	0.2680	0.8991	0.7593	0.9999	0.6932	0.2564	0.6810	1.1175	1.3295	0.8113	0.8681	0.2638	0.2720	0.7612	0.7138	1.1694	0.6704	0.2617	0.6728	0.9859	1.2785	0.8524	1.1956	0.8258	0.2570	1.2205	0.7331	0.6827	0.7511	0.2671	0.7215	0.2755	0.8257	0.2768	0.8519	0.9337	1.0628	1.1218	0.7202	0.8437	0.7060	0.7092	0.7261
7:19:16	30.2	0.2719	1.2733	0.9349	1.0891	0.9739	0.7740	0.7865	0.8540	0.8640	0.7489	0.2829	0.3431	1.0333	1.0008	1.0777	1.1731	0.7951	0.2594	1.1449	0.8098	0.7349	0.2607	0.2561	0.8151	1.3376	1.1243	0.8455	0.8105	1.1506	0.2832	1.0462	0.7618	0.8766	0.7007	0.2757	0.7613	0.9349	1.1723	0.9210	1.2384	0.7998	0.2574	0.8169	0.2593	0.7019	1.0785	0.2639	0.9629	1.1086	0.9711	1.2357	1.4130	0.9237	0.2680	0.9166	0.7900	1.0255	0.7046	0.2564	0.6870	1.1489	1.3382	0.8434	0.8906	0.2637	0.2718	0.7808	0.7277	1.1822	0.6712	0.2615	0.6790	1.0207	1.2938	0.8852	1.2065	0.8690	0.2568	1.2397	0.7715	0.6807	0.7655	0.2670	0.7300	0.2754	0.8721	0.2769	0.9022	0.9637	1.0921	1.1372	0.7169	0.8645	0.7040	0.6971	0.7125
7:29:16	30.2	0.2718	1.2747	0.9616	1.1176	0.9928	0.7728	0.7977	0.8669	0.8963	0.7601	0.2821	0.3443	1.0531	1.0281	1.1022	1.1819	0.8220	0.2594	1.1731	0.8123	0.7522	0.2606	0.2561	0.8345	1.3538	1.1499	0.8706	0.8343	1.1688	0.2871	1.0669	0.7778	0.8962	0.7339	0.2753	0.7577	0.9595	1.1834	0.9453	1.2442	0.8152	0.2572	0.8367	0.2591	0.7232	1.1030	0.2639	0.9893	1.1238	0.9991	1.2503	1.4226	0.9519	0.2679	0.9474	0.8158	1.0449	0.7213	0.2563	0.6887	1.1766	1.3502	0.8631	0.9148	0.2636	0.2719	0.8090	0.7421	1.1880	0.6827	0.2616	0.6981	1.0544	1.3053	0.9003	1.2214	0.8855	0.2568	1.2534	0.7878	0.6854	0.7859	0.2668	0.7208	0.2754	0.9022	0.2767	0.9339	0.9905	1.1049	1.1917	0.7252	0.8770	0.6951	0.6962	0.7014
7:39:16	30.3	0.2719	1.2851	0.9892	1.1471	1.0267	0.8108	0.8355	0.8924	0.9245	0.7677	0.2837	0.3463	1.0800	1.0475	1.1353	1.1848	0.8573	0.2595	1.1922	0.8062	0.7861	0.2606	0.2562	0.8681	1.3661	1.1745	0.9055	0.8644	1.1855	0.2890	1.0828	0.7846	0.8984	0.7355	0.2755	0.7745	0.9899	1.1925	0.9713	1.2656	0.8447	0.2575	0.8702	0.2592	0.7483	1.1317	0.2641	1.0069	1.1398	1.0279	1.2599	1.4266	0.9785	0.2680	0.9751	0.8512	1.0681	0.7381	0.2565	0.6967	1.1998	1.3702	0.8990	0.9521	0.2637	0.2719	0.8445	0.7617	1.2061	0.7030	0.2619	0.6944	1.0797	1.3246	0.9435	1.2380	0.9224	0.2569	1.2725	0.8231	0.6946	0.8091	0.2669	0.7345	0.2755	0.9259	0.2768	0.9676	1.0258	1.1359	1.2992	0.7366	0.8979	0.7199	0.7011	0.7054
7:49:16	30.2	0.2718	1.3057	1.0160	1.1688	1.0571	0.8308	0.8524	0.9066	0.9384	0.7771	0.2819	0.3461	1.1050	1.0685	1.1564	1.2014	0.8867	0.2593	1.2069	0.8225	0.7974	0.2605	0.2561	0.8744	1.3752	1.1942	0.9278	0.8965	1.2077	0.2901	1.1009	0.8086	0.8692	0.7433	0.2752	0.7919	1.0131	1.2047	0.9892	1.2775	0.8710	0.2572	0.9114	0.2591	0.7770	1.1577	0.2639	1.0371	1.1580	1.0538	1.2687	1.4342	1.0104	0.2680	0.9884	0.8806	1.0941	0.7535	0.2563	0.7185	1.2368	1.3655	0.9289	0.9843	0.2635	0.2719	0.8759	0.7814	1.2203	0.7186	0.2615	0.7087	1.1136	1.3270	0.9750	1.2481	0.9542	0.2567	1.2916	0.8468	0.7123	0.8198	0.2669	0.7480	0.2753	0.9554	0.2767	0.9962	1.0513	1.1522	1.3062	0.7513	0.9139	0.7124	0.6999	0.7190
7:59:16	30.2	0.2719	1.3083	1.0470	1.1907	1.0975	0.8657	0.8827	0.9272	0.9656	0.7859	0.2820	0.3479	1.1170	1.0859	1.1787	1.2146	0.9185	0.2594	1.2201	0.8460	0.8260	0.2604	0.2560	0.9041	1.3786	1.2166	0.9579	0.9286	1.2149	0.2959	1.1101	0.8165	0.9301	0.7534	0.2753	0.8101	1.0323	1.2134	1.0225	1.2908	0.9091	0.2573	0.9430	0.2594	0.8094	1.1817	0.2638	1.0577	1.1723	1.0816	1.2774	1.4363	1.0211	0.2679	1.0312	0.9123	1.1088	0.7906	0.2565	0.7463	1.2625	1.3830	0.9568	1.0138	0.2637	0.2718	0.9072	0.8000	1.2315	0.7227	0.2615	0.7265	1.1364	1.3455	1.0035	1.2674	0.9842	0.2568	1.3028	0.8787	0.7265	0.8434	0.2668	0.7476	0.2755	0.9833	0.2768	1.0200	1.0798	1.1799	1.3099	0.7675	0.9369	0.7362	0.7057	0.7249
8:09:16	30.2	0.2716	1.3146	1.0630	1.2188	1.1235	0.8937	0.9136	0.9384	0.9891	0.8204	0.2791	0.3485	1.1453	1.1044	1.2071	1.2206	0.9436	0.2593	1.2472	0.8690	0.8510	0.2606	0.2560	0.9228	1.3849	1.2333	0.9782	0.9493	1.2250	0.2985	1.1225	0.8436	0.9306	0.7778	0.2752	0.8400	1.0532	1.2205	1.0474	1.2985	0.9286	0.2573	0.9740	0.2592	0.8395	1.2041	0.2637	1.0812	1.1839	1.1042	1.2924	1.4432	1.0503	0.2677	1.0571	0.9364	1.1300	0.8186	0.2564	0.7722	1.2883	1.3860	0.9772	1.0319	0.2635	0.2717	0.9364	0.8208	1.2407	0.7357	0.2615	0.7424	1.1555	1.3492	1.0273	1.2792	1.0147	0.2567	1.3206	0.9106	0.7425	0.8614	0.2667	0.7468	0.2753	1.0035	0.2767	1.0423	1.1078	1.1973	1.3123	0.7991	0.9537	0.7513	0.7300	0.7295
8:19:16	30.2	0.2719	1.3239	1.0890	1.2402	1.1451	0.9187	0.9415	0.9595	1.0104	0.8398	0.2786	0.3495	1.1595	1.1210	1.2259	1.2306	0.9652	0.2594	1.2613	0.8975	0.8865	0.2604	0.2561	0.9429	1.3910	1.2513	1.0137	0.9808	1.2358	0.2942	1.1428	0.8756	0.9246	0.7879	0.2752	0.8634	1.0679	1.2278	1.0684	1.3035	0.9511	0.2574	0.9940	0.2594	0.8661	1.2266	0.2639	1.1000	1.1961	1.1213	1.2998	1.4482	1.0577	0.2679	1.0750	0.9592	1.1465	0.8580	0.2563	0.8031	1.3087	1.3918	1.0036	1.0532	0.2637	0.2718	0.9664	0.8398	1.2505	0.7546	0.2616	0.7708	1.1779	1.3602	1.0542	1.2864	1.0407	0.2568	1.3332	0.9344	0.7801	0.8791	0.2670	0.7551	0.2753	1.0250	0.2767	1.0592	1.1330	1.2202	1.3160	0.8385	0.9748	0.7725	0.7485	0.7353
8:29:16	30.2	0.2718	1.3324	1.1141	1.2647	1.1679	0.9522	0.9724	0.9757	1.0275	0.8786	0.2798	0.3510	1.1694	1.1399	1.2476	1.2369	0.9907	0.2594	1.2784	0.9364	0.9145	0.2605	0.2561	0.9599	1.3928	1.2687	1.0359	0.9980	1.2533	0.2978	1.1553	0.9073	0.9543	0.8130	0.2753	0.9018	1.0855	1.2335	1.0825	1.3139	0.9809	0.2572	1.0221	0.2592	0.8912	1.2476	0.2639	1.1224	1.2052	1.1416	1.3128	1.4521	1.0784	0.2679	1.0943	0.9778	1.1629	0.8862	0.2563	0.8186	1.3324	1.4001	1.0336	1.0735	0.2636	0.2718	0.9902	0.8591	1.2587	0.7789	0.2615	0.8046	1.1931	1.3664	1.0795	1.3042	1.0578	0.2567	1.3445	0.9563	0.8263	0.8961	0.2668	0.7597	0.2753	1.0384	0.2769	1.0724	1.1587	1.2407	1.3196	0.8676	0.9950	0.7874	0.7706	0.7405
8:39:16	30.2	0.2719	1.3474	1.1286	1.2890	1.1823	0.9763	0.9928	0.9937	1.0478	0.9034	0.2801	0.3513	1.1967	1.1548	1.2696	1.2489	1.0049	0.2594	1.2939	0.9588	0.9387	0.2606	0.2561	0.9685	1.3956	1.2827	1.0450	1.0178	1.2620	0.2903	1.1633	0.9267	0.9428	0.8491	0.2752	0.9184	1.0983	1.2367	1.1027	1.3259	0.9993	0.2573	1.0292	0.2594	0.9052	1.2666	0.2640	1.1482	1.2160	1.1607	1.3208	1.4543	1.0889	0.2680	1.1238	0.9966	1.1800	0.9065	0.2564	0.8440	1.3520	1.4043	1.0551	1.0881	0.2638	0.2718	1.0066	0.8866	1.2612	0.8162	0.2614	0.8385	1.1968	1.3746	1.0978	1.3143	1.0728	0.2569	1.3581	0.9656	0.8550	0.9188	0.2668	0.7584	0.2755	1.0526	0.2769	1.0917	1.1828	1.2547	1.3207	0.8824	1.0131	0.8195	0.8030	0.7486
8:49:16	30.2	0.2718	1.3480	1.1493	1.3067	1.2044	1.0085	1.0220	1.0103	1.0733	0.9354	0.2787	0.3520	1.2100	1.1627	1.2906	1.2537	1.0206	0.2598	1.3121	0.9689	0.9645	0.2606	0.2560	0.9978	1.4068	1.3036	1.0620	1.0426	1.2712	0.2959	1.1806	0.9639	0.9607	0.8800	0.2751	0.9692	1.1194	1.2401	1.1161	1.3317	1.0171	0.2571	1.0733	0.2592	0.9254	1.2800	0.2639	1.1583	1.2261	1.1751	1.3305	1.4584	1.1086	0.2681	1.1357	1.0168	1.1920	0.9260	0.2564	0.8568	1.3706	1.4152	1.0768	1.1012	0.2637	0.2717	1.0214	0.9072	1.2711	0.8477	0.2615	0.8616	1.2117	1.3864	1.1154	1.3227	1.0885	0.2569	1.3673	0.9932	0.8646	0.9410	0.2669	0.7710	0.2753	1.0768	0.2769	1.1049	1.2048	1.2740	1.3239	0.9045	1.0345	0.8587	0.8410	0.7639
8:59:16	30.2	0.2718	1.3495	1.1644	1.3240	1.2169	1.0283	1.0358	1.0180	1.0891	0.9714	0.2780	0.3531	1.2253	1.1845	1.3078	1.2597	1.0473	0.2594	1.3282	0.9801	0.9758	0.2606	0.2562	1.0076	1.4156	1.3175	1.0825	1.0604	1.2811	0.2940	1.2002	0.9840	0.9720	0.9009	0.2752	0.9909	1.1276	1.2438	1.1318	1.3374	1.0375	0.2574	1.0895	0.2597	0.9416	1.2942	0.2640	1.1774	1.2322	1.1834	1.3379	1.4605	1.1206	0.2681	1.1625	1.0334	1.2111	0.9454	0.2565	0.8763	1.3861	1.4173	1.0915	1.1210	0.2638	0.2718	1.0336	0.9295	1.2695	0.8754	0.2616	0.8797	1.2234	1.3925	1.1279	1.3317	1.1122	0.2568	1.3778	1.0091	0.8832	0.9604	0.2670	0.7687	0.2753	1.0889	0.2769	1.1157	1.2228	1.2864	1.3237	0.9139	1.0558	0.8809	0.8683	0.7992
9:09:16	30.2	0.2719	1.3544	1.1775	1.3412	1.2304	1.0470	1.0535	1.0377	1.1116	0.9829	0.2777	0.3543	1.2395	1.1954	1.3242	1.2616	1.0642	0.2595	1.3452	1.0361	0.9953	0.2606	0.2561	1.0255	1.4151	1.3325	1.1029	1.0877	1.2836	0.2927	1.2175	0.9989	0.9827	0.9191	0.2752	1.0052	1.1394	1.2442	1.1542	1.3516	1.0578	0.2575	1.0987	0.2596	0.9569	1.3087	0.2642	1.1976	1.2425	1.1978	1.3457	1.4632	1.1322	0.2680	1.1780	1.0576	1.2194	0.9769	0.2564	0.9098	1.4050	1.4266	1.1131	1.1325	0.2636	0.2719	1.0664	0.9485	1.2690	0.9041	0.2616	0.8996	1.2346	1.4024	1.1470	1.3428	1.1182	0.2569	1.3875	1.0311	0.9032	0.9857	0.2668	0.7795	0.2754	1.1028	0.2769	1.1361	1.2422	1.3055	1.3255	0.9378	1.0827	0.9059	0.8853	0.8191
9:19:16	30.2	0.2719	1.3626	1.1844	1.3566	1.2363	1.0549	1.0594	1.0511	1.1307	1.0151	0.2790	0.3554	1.2536	1.2089	1.3384	1.2715	1.0681	0.2593	1.3587	1.0581	1.0238	0.2605	0.2560	1.0462	1.4228	1.3458	1.1143	1.1017	1.3018	0.2968	1.2338	1.0389	0.9906	0.9597	0.2751	1.0314	1.1495	1.2449	1.1668	1.3549	1.0764	0.2570	1.1264	0.2594	0.9742	1.3208	0.2640	1.2140	1.2521	1.2084	1.3576	1.4688	1.1538	0.2679	1.2016	1.0628	1.2335	0.9818	0.2564	0.9275	1.4174	1.4327	1.1230	1.1474	0.2635	0.2719	1.0814	0.9726	1.2880	0.9129	0.2616	0.9070	1.2441	1.4084	1.1546	1.3531	1.1271	0.2569	1.3970	1.0464	0.9377	1.0097	0.2668	0.8072	0.2753	1.1182	0.2768	1.1480	1.2601	1.3211	1.3261	0.9513	1.1017	0.9207	0.9038	0.8281
9:29:16	30.2	0.2718	1.3597	1.2067	1.3708	1.2471	1.0748	1.0771	1.0660	1.1451	1.0336	0.2788	0.3568	1.2716	1.2195	1.3529	1.2633	1.0985	0.2592	1.3712	1.0685	1.0486	0.2604	0.2560	1.0582	1.4251	1.3584	1.1356	1.1237	1.3078	0.2961	1.2548	1.0605	0.9875	0.9617	0.2752	1.0501	1.1648	1.2728	1.1819	1.3601	1.0976	0.2571	1.1253	0.2596	0.9959	1.3370	0.2640	1.2284	1.2584	1.2159	1.3670	1.4697	1.1687	0.2680	1.2133	1.0772	1.2512	1.0025	0.2563	0.9509	1.4305	1.4341	1.1361	1.1579	0.2636	0.2718	1.0980	0.9942	1.2885	0.9328	0.2614	0.9304	1.2553	1.4146	1.1713	1.3614	1.1402	0.2568	1.4066	1.0671	0.9524	1.0265	0.2668	0.8156	0.2754	1.1325	0.2769	1.1500	1.2768	1.3338	1.3296	0.9800	1.1254	0.9526	0.9155	0.8502
9:39:16	30.2	0.2718	1.3663	1.2114	1.3837	1.2512	1.0877	1.0808	1.0831	1.1606	1.0638	0.2775	0.3574	1.2816	1.2391	1.3667	1.2717	1.1192	0.2593	1.3840	1.0967	1.0670	0.2604	0.2560	1.0870	1.4318	1.3702	1.1445	1.1415	1.3159	0.2981	1.2652	1.0787	1.0226	1.0050	0.2751	1.0708	1.1754	1.2670	1.1953	1.3658	1.1125	0.2574	1.1445	0.2597	1.0307	1.3471	0.2638	1.2444	1.2636	1.2311	1.3731	1.4740	1.1766	0.2680	1.2364	1.1066	1.2592	1.0341	0.2564	0.9465	1.4430	1.4444	1.1469	1.1683	0.2636	0.2718	1.1086	1.0160	1.2902	0.9483	0.2614	0.9540	1.2672	1.4210	1.1886	1.3669	1.1512	0.2569	1.4165	1.0839	0.9831	1.0517	0.2668	0.8201	0.2754	1.1431	0.2767	1.1704	1.2897	1.3473	1.3298	0.9970	1.1452	0.9757	0.9368	0.8611
9:49:16	30.2	0.2718	1.3746	1.2313	1.3972	1.2600	1.1132	1.1083	1.0956	1.1789	1.0885	0.2772	0.3574	1.2968	1.2498	1.3795	1.2706	1.1227	0.2593	1.3987	1.1134	1.0801	0.2607	0.2561	1.1073	1.4352	1.3828	1.1496	1.1514	1.3290	0.3014	1.2858	1.1045	1.0269	1.0397	0.2752	1.0909	1.1882	1.2931	1.2126	1.3706	1.1307	0.2572	1.1533	0.2598	1.0444	1.3595	0.2639	1.2578	1.2994	1.2412	1.3835	1.4800	1.1846	0.2680	1.2558	1.1188	1.2715	1.0557	0.2564	0.9798	1.4562	1.4498	1.1653	1.1795	0.2636	0.2719	1.1216	1.0375	1.2881	0.9757	0.2614	0.9796	1.2749	1.4271	1.2007	1.3749	1.1616	0.2569	1.4247	1.0937	1.0029	1.0727	0.2668	0.8208	0.2752	1.1566	0.2769	1.1806	1.3052	1.3624	1.3315	1.0214	1.1652	0.9841	0.9598	0.8799
9:59:16	30.2	0.2718	1.3804	1.2382	1.4088	1.2664	1.1191	1.1220	1.1113	1.1898	1.1007	0.2781	0.3584	1.3100	1.2502	1.3903	1.2784	1.1396	0.2594	1.4054	1.1414	1.0943	0.2606	0.2561	1.1015	1.4468	1.3921	1.1927	1.1840	1.3509	0.2980	1.3025	1.1320	1.0526	1.0450	0.2752	1.0973	1.1962	1.3030	1.2252	1.3786	1.1469	0.2573	1.1763	0.2600	1.0652	1.3705	0.2640	1.2696	1.3041	1.2483	1.3931	1.4831	1.1985	0.2680	1.2666	1.1390	1.2845	1.0740	0.2564	0.9976	1.4629	1.4478	1.1654	1.1898	0.2637	0.2719	1.1301	1.0611	1.2928	1.0108	0.2615	0.9923	1.2858	1.4367	1.2095	1.3818	1.1744	0.2570	1.4302	1.1086	1.0286	1.0996	0.2668	0.8308	0.2754	1.1691	0.2769	1.1920	1.3183	1.3747	1.3332	1.0445	1.1828	1.0272	0.9798	0.8979
10:09:16	30.2	0.2718	1.3840	1.2594	1.4190	1.2739	1.1442	1.1457	1.1249	1.2063	1.1227	0.2780	0.3590	1.3210	1.2700	1.4016	1.2818	1.1646	0.2594	1.4154	1.1587	1.1162	0.2605	0.2561	1.1109	1.4417	1.4041	1.1849	1.1870	1.3499	0.2942	1.3069	1.1467	1.0386	1.0679	0.2752	1.1099	1.2045	1.3121	1.2385	1.3857	1.1540	0.2573	1.1842	0.2603	1.0878	1.3832	0.2640	1.2830	1.3077	1.2582	1.3962	1.4888	1.2057	0.2682	1.2815	1.1473	1.2969	1.0873	0.2564	1.0235	1.4745	1.4582	1.1762	1.2001	0.2637	0.2720	1.1399	1.0806	1.2921	1.0285	0.2614	1.0235	1.2942	1.4378	1.2214	1.3911	1.1783	0.2570	1.4393	1.1215	1.0469	1.1200	0.2668	0.8478	0.2754	1.1827	0.2768	1.2013	1.3317	1.3880	1.3339	1.0642	1.2020	1.0402	0.9961	0.9211
10:19:16	30.1	0.2716	1.3930	1.2591	1.4307	1.2813	1.1565	1.1554	1.1428	1.2204	1.1325	0.2792	0.3599	1.3289	1.2768	1.4120	1.2749	1.1795	0.2592	1.4289	1.1705	1.1200	0.2604	0.2560	1.1275	1.4533	1.4132	1.2064	1.2078	1.3604	0.2904	1.3242	1.1677	1.0732	1.0848	0.2751	1.1305	1.2148	1.3108	1.2420	1.3927	1.1716	0.2571	1.1988	0.2601	1.1041	1.3913	0.2638	1.2968	1.3076	1.2668	1.4069	1.4889	1.2156	0.2680	1.3004	1.1563	1.3046	1.1048	0.2563	1.0299	1.4825	1.4652	1.2019	1.2130	0.2635	0.2717	1.1490	1.1022	1.2895	1.0407	0.2613	1.0460	1.3028	1.4489	1.2334	1.3961	1.1905	0.2568	1.4444	1.1316	1.0618	1.1403	0.2668	0.8612	0.2753	1.1975	0.2767	1.2208	1.3443	1.3978	1.3339	1.0751	1.2183	1.0560	1.0041	0.9380
10:29:16	30.1	0.2719	1.3939	1.2728	1.4381	1.2878	1.1682	1.1613	1.1575	1.2376	1.1446	0.2768	0.3611	1.3383	1.2888	1.4234	1.2813	1.1927	0.2595	1.4369	1.1929	1.1371	0.2605	0.2562	1.1481	1.4582	1.4230	1.2238	1.2207	1.3705	0.2949	1.3381	1.1909	1.0947	1.1099	0.2752	1.1470	1.2318	1.3121	1.2533	1.3950	1.1886	0.2571	1.2099	0.2607	1.1173	1.4015	0.2640	1.3082	1.3138	1.2745	1.4106	1.4962	1.2250	0.2682	1.3221	1.1687	1.3144	1.1143	0.2564	1.0397	1.4910	1.4694	1.2127	1.2240	0.2637	0.2720	1.1596	1.1178	1.2929	1.0495	0.2615	1.0548	1.3114	1.4525	1.2422	1.4025	1.2003	0.2570	1.4509	1.1407	1.0775	1.1625	0.2669	0.8818	0.2754	1.2163	0.2770	1.2284	1.3546	1.4090	1.3331	1.0863	1.2350	1.0644	1.0144	0.9563
10:39:16	30.1	0.2717	1.4005	1.2845	1.4473	1.3001	1.1838	1.1793	1.1619	1.2466	1.1427	0.2774	0.3620	1.3519	1.2933	1.4313	1.2774	1.2058	0.2594	1.4508	1.1944	1.1453	0.2606	0.2562	1.1634	1.4609	1.4322	1.2355	1.2295	1.3866	0.2908	1.3486	1.1979	1.1194	1.1071	0.2753	1.1579	1.2352	1.3092	1.2737	1.4090	1.1970	0.2573	1.2220	0.2609	1.1333	1.4101	0.2640	1.3234	1.3132	1.2919	1.4234	1.5014	1.2330	0.2682	1.3232	1.1749	1.3263	1.1308	0.2565	1.0535	1.4954	1.4717	1.2238	1.2360	0.2637	0.2719	1.1726	1.1372	1.2904	1.0623	0.2616	1.0694	1.3195	1.4599	1.2538	1.4150	1.2161	0.2569	1.4560	1.1522	1.0979	1.1788	0.2667	0.9025	0.2754	1.2310	0.2769	1.2433	1.3641	1.4189	1.3327	1.1003	1.2476	1.0784	1.0369	0.9763
10:49:16	30.2	0.2715	1.4047	1.2888	1.4563	1.3031	1.1900	1.1868	1.1736	1.2594	1.1639	0.2776	0.3607	1.3664	1.3082	1.4404	1.2799	1.2214	0.2592	1.4597	1.2207	1.1632	0.2604	0.2559	1.1782	1.4717	1.4379	1.2533	1.2474	1.3942	0.2983	1.3603	1.2178	1.1294	1.1281	0.2750	1.1701	1.2432	1.3118	1.2779	1.4136	1.2104	0.2572	1.2354	0.2613	1.1434	1.4165	0.2639	1.3339	1.3156	1.2950	1.4329	1.5050	1.2387	0.2679	1.3363	1.1845	1.3333	1.1412	0.2563	1.0605	1.5034	1.4748	1.2315	1.2450	0.2637	0.2718	1.1786	1.1525	1.3056	1.0758	0.2611	1.0805	1.3237	1.4633	1.2637	1.4179	1.2233	0.2568	1.4590	1.1624	1.1078	1.1957	0.2667	0.9151	0.2752	1.2370	0.2768	1.2454	1.3739	1.4283	1.3311	1.1110	1.2617	1.0953	1.0519	0.9900
10:59:16	30.2	0.2718	1.4143	1.2966	1.4641	1.3115	1.2066	1.2011	1.1885	1.2683	1.1694	0.2772	0.3615	1.3708	1.3140	1.4484	1.2753	1.2255	0.2594	1.4642	1.2202	1.1685	0.2605	0.2561	1.1871	1.4686	1.4489	1.2557	1.2555	1.4011	0.2979	1.3703	1.2187	1.1646	1.1296	0.2753	1.1978	1.2499	1.3079	1.2808	1.4183	1.2156	0.2573	1.2406	0.2615	1.1570	1.4277	0.2639	1.3522	1.3202	1.2952	1.4410	1.5112	1.2445	0.2681	1.3524	1.1950	1.3468	1.1553	0.2565	1.0741	1.5095	1.4772	1.2420	1.2503	0.2637	0.2719	1.1858	1.1683	1.3054	1.0812	0.2615	1.0910	1.3342	1.4637	1.2633	1.4309	1.2233	0.2568	1.4668	1.1695	1.1216	1.2155	0.2669	0.9475	0.2754	1.2479	0.2769	1.2509	1.3838	1.4409	1.3314	1.1244	1.2788	1.1014	1.0520	0.9992
11:09:16	30.2	0.2719	1.4213	1.3011	1.4714	1.3149	1.2111	1.2055	1.2044	1.2805	1.1805	0.2768	0.3611	1.3766	1.3212	1.4591	1.2772	1.2375	0.2594	1.4730	1.2412	1.1843	0.2604	0.2559	1.2166	1.4729	1.4551	1.2621	1.2623	1.4104	0.2953	1.3780	1.2429	1.1890	1.1440	0.2752	1.2093	1.2607	1.3088	1.2873	1.4257	1.2258	0.2574	1.2460	0.2620	1.1655	1.4381	0.2640	1.3628	1.3216	1.2946	1.4482	1.5142	1.2505	0.2681	1.3667	1.1986	1.3545	1.1644	0.2565	1.0783	1.5159	1.4836	1.2448	1.2541	0.2638	0.2719	1.1953	1.1884	1.3036	1.0968	0.2616	1.0974	1.3379	1.4638	1.2666	1.4363	1.2306	0.2570	1.4738	1.1827	1.1337	1.2316	0.2668	0.9470	0.2754	1.2575	0.2768	1.2558	1.3942	1.4479	1.3329	1.1300	1.2903	1.1183	1.0694	1.0171
11:19:16	30.2	0.2719	1.4234	1.3079	1.4798	1.3209	1.2223	1.2177	1.2128	1.2949	1.1952	0.2773	0.3617	1.3852	1.3260	1.4655	1.2767	1.2401	0.2595	1.4798	1.2500	1.1999	0.2603	0.2561	1.2280	1.4750	1.4652	1.2725	1.2751	1.4184	0.2940	1.3866	1.2496	1.1897	1.1645	0.2753	1.2153	1.2645	1.3111	1.2969	1.4307	1.2352	0.2572	1.2564	0.2625	1.1756	1.4460	0.2640	1.3716	1.3277	1.3092	1.4543	1.5177	1.2585	0.2679	1.3721	1.2070	1.3645	1.1721	0.2565	1.0846	1.5253	1.4908	1.2585	1.2640	0.2638	0.2719	1.2068	1.2034	1.3019	1.1062	0.2613	1.1087	1.3447	1.4712	1.2788	1.4462	1.2411	0.2570	1.4793	1.1893	1.1454	1.2458	0.2668	0.9645	0.2755	1.2673	0.2769	1.2681	1.4029	1.4603	1.3344	1.1434	1.3062	1.1316	1.0747	1.0275
11:29:16	30.2	0.2718	1.4258	1.3188	1.4865	1.3252	1.2219	1.2165	1.2284	1.3097	1.2081	0.2778	0.3623	1.3925	1.3322	1.4737	1.2822	1.2600	0.2593	1.4874	1.2843	1.2047	0.2605	0.2560	1.2584	1.4793	1.4686	1.2830	1.2894	1.4263	0.2955	1.3979	1.2818	1.2082	1.1687	0.2750	1.2351	1.2755	1.3081	1.3174	1.4322	1.2494	0.2572	1.2782	0.2630	1.2015	1.4519	0.2638	1.3730	1.3283	1.3092	1.4588	1.5219	1.2663	0.2681	1.3763	1.2082	1.3665	1.1846	0.2564	1.0910	1.5290	1.4922	1.2583	1.2736	0.2637	0.2717	1.2180	1.2179	1.3055	1.1207	0.2612	1.1134	1.3516	1.4834	1.2892	1.4502	1.2546	0.2570	1.4831	1.2017	1.1574	1.2590	0.2667	0.9766	0.2754	1.2764	0.2768	1.2796	1.4086	1.4655	1.3342	1.1524	1.3148	1.1433	1.0901	1.0451
11:39:16	30.2	0.2717	1.4408	1.3265	1.4934	1.3342	1.2350	1.2301	1.2349	1.3157	1.2172	0.2782	0.3627	1.3968	1.3401	1.4804	1.2817	1.2650	0.2592	1.4948	1.2795	1.2241	0.2605	0.2560	1.2598	1.4931	1.4727	1.2906	1.3000	1.4381	0.2960	1.4110	1.2819	1.2312	1.1919	0.2749	1.2457	1.2802	1.3105	1.3166	1.4396	1.2525	0.2572	1.2843	0.2641	1.2081	1.4585	0.2638	1.3849	1.3330	1.3255	1.4708	1.5276	1.2748	0.2680	1.3894	1.2171	1.3779	1.1974	0.2563	1.1004	1.5316	1.4900	1.2727	1.2824	0.2635	0.2718	1.2277	1.2313	1.3037	1.1283	0.2611	1.1275	1.3623	1.4812	1.2998	1.4593	1.2609	0.2567	1.4877	1.2123	1.1711	1.2753	0.2666	0.9955	0.2753	1.2897	0.2768	1.2909	1.4169	1.4748	1.3337	1.1660	1.3259	1.1513	1.0967	1.0602
11:49:16	30.2	0.2717	1.4393	1.3308	1.5013	1.3398	1.2466	1.2418	1.2455	1.3316	1.2341	0.2765	0.3634	1.4046	1.3509	1.4888	1.2794	1.2776	0.2593	1.5005	1.2911	1.2408	0.2606	0.2561	1.2759	1.4869	1.4807	1.3040	1.3052	1.4410	0.3064	1.4167	1.2907	1.2323	1.2032	0.2749	1.2533	1.2858	1.3075	1.3270	1.4434	1.2676	0.2572	1.2919	0.2638	1.2170	1.4663	0.2639	1.3971	1.3358	1.3353	1.4728	1.5304	1.2856	0.2682	1.4018	1.2226	1.3851	1.2032	0.2564	1.1054	1.5393	1.4997	1.2873	1.2985	0.2636	0.2718	1.2390	1.2481	1.3021	1.1416	0.2613	1.1322	1.3683	1.4898	1.3109	1.4622	1.2715	0.2568	1.4942	1.2228	1.1818	1.2878	0.2666	1.0164	0.2754	1.3014	0.2769	1.3048	1.4256	1.4823	1.3336	1.1751	1.3380	1.1604	1.1069	1.0733
11:59:16	30.2	0.2717	1.4429	1.3354	1.5066	1.3426	1.2519	1.2489	1.2561	1.3396	1.2414	0.2770	0.3600	1.4099	1.3549	1.4954	1.2841	1.2879	0.2592	1.5059	1.3007	1.2530	0.2603	0.2559	1.2737	1.4904	1.4856	1.3059	1.3174	1.4458	0.2970	1.4271	1.3041	1.2475	1.2220	0.2749	1.2649	1.2927	1.3107	1.3313	1.4494	1.2715	0.2571	1.3050	0.2646	1.2285	1.4736	0.2638	1.4027	1.3417	1.3319	1.4744	1.5348	1.2903	0.2681	1.4035	1.2275	1.3915	1.2111	0.2564	1.1158	1.5428	1.5036	1.2887	1.3013	0.2637	0.2718	1.2409	1.2612	1.3010	1.1497	0.2609	1.1408	1.3742	1.4930	1.3143	1.4702	1.2737	0.2569	1.4972	1.2269	1.1948	1.2986	0.2666	1.0208	0.2753	1.3083	0.2768	1.3094	1.4314	1.4896	1.3344	1.1840	1.3476	1.1731	1.1177	1.0840
12:09:16	30.2	0.2718	1.4518	1.3442	1.5136	1.3475	1.2613	1.2510	1.2667	1.3510	1.2536	0.2773	0.3583	1.4158	1.3596	1.4998	1.2841	1.2992	0.2594	1.5100	1.3110	1.2660	0.2606	0.2562	1.2922	1.4999	1.4904	1.3173	1.3257	1.4539	0.2964	1.4363	1.3156	1.2646	1.2381	0.2751	1.2741	1.2959	1.3105	1.3333	1.4533	1.2828	0.2571	1.3150	0.2661	1.2327	1.4783	0.2639	1.4087	1.3554	1.3420	1.4805	1.5415	1.2978	0.2683	1.4171	1.2328	1.3984	1.2158	0.2564	1.1265	1.5488	1.5082	1.2978	1.3110	0.2637	0.2721	1.2531	1.2715	1.3019	1.1637	0.2612	1.1508	1.3795	1.4969	1.3231	1.4739	1.2792	0.2570	1.5022	1.2339	1.2019	1.3119	0.2667	1.0244	0.2753	1.3176	0.2768	1.3175	1.4354	1.4962	1.3352	1.1953	1.3533	1.1817	1.1286	1.0895
12:19:16	30.2	0.2718	1.4530	1.3483	1.5175	1.3517	1.2638	1.2585	1.2757	1.3585	1.2597	0.2784	0.3594	1.4234	1.3715	1.5056	1.2842	1.3061	0.2592	1.5165	1.3256	1.2718	0.2605	0.2561	1.3106	1.5025	1.4952	1.3304	1.3335	1.4628	0.2970	1.4473	1.3330	1.2798	1.2501	0.2751	1.2877	1.3087	1.3106	1.3397	1.4581	1.2911	0.2572	1.3206	0.2683	1.2456	1.4833	0.2639	1.4161	1.3554	1.3477	1.4900	1.5425	1.3063	0.2683	1.4188	1.2382	1.4040	1.2249	0.2565	1.1360	1.5517	1.5100	1.3067	1.3193	0.2637	0.2720	1.2652	1.2827	1.3001	1.1717	0.2613	1.1577	1.3849	1.4993	1.3308	1.4807	1.2891	0.2570	1.5047	1.2475	1.2140	1.3194	0.2667	1.0365	0.2754	1.3259	0.2770	1.3256	1.4408	1.5010	1.3352	1.2063	1.3614	1.1923	1.1396	1.0980
12:29:16	30.2	0.2716	1.4592	1.3543	1.5220	1.3562	1.2715	1.2674	1.2826	1.3642	1.2706	0.2767	0.3601	1.4295	1.3818	1.5101	1.2846	1.3159	0.2592	1.5197	1.3315	1.2848	0.2605	0.2559	1.3175	1.5067	1.5009	1.3316	1.3405	1.4696	0.2999	1.4536	1.3450	1.2929	1.2593	0.2750	1.2989	1.3151	1.3150	1.3430	1.4640	1.3000	0.2573	1.3298	0.2705	1.2565	1.4874	0.2639	1.4223	1.3576	1.3559	1.4919	1.5456	1.3144	0.2680	1.4297	1.2478	1.4096	1.2342	0.2565	1.1450	1.5542	1.5127	1.3138	1.3286	0.2637	0.2719	1.2754	1.2916	1.2992	1.1827	0.2612	1.1652	1.3907	1.5015	1.3394	1.4853	1.3002	0.2569	1.5072	1.2589	1.2256	1.3294	0.2665	1.0404	0.2752	1.3338	0.2768	1.3340	1.4455	1.5064	1.3345	1.2195	1.3693	1.2031	1.1502	1.1040
12:39:16	30.2	0.2717	1.4699	1.3625	1.5250	1.3602	1.2753	1.2711	1.2928	1.3721	1.2794	0.2764	0.3607	1.4360	1.3910	1.5145	1.2821	1.3205	0.2593	1.5281	1.3428	1.2911	0.2604	0.2560	1.3345	1.5178	1.5034	1.3426	1.3478	1.4766	0.2950	1.4642	1.3520	1.3136	1.2687	0.2749	1.3070	1.3259	1.3173	1.3511	1.4730	1.3053	0.2572	1.3425	0.2723	1.2619	1.4905	0.2639	1.4301	1.3597	1.3612	1.5013	1.5507	1.3228	0.2682	1.4377	1.2535	1.4147	1.2422	0.2564	1.1549	1.5545	1.5088	1.3235	1.3379	0.2636	0.2719	1.2856	1.2999	1.2976	1.1976	0.2612	1.1807	1.3970	1.5082	1.3473	1.4888	1.3099	0.2569	1.5084	1.2694	1.2383	1.3420	0.2666	1.0588	0.2753	1.3431	0.2769	1.3422	1.4499	1.5115	1.3347	1.2312	1.3762	1.2151	1.1603	1.1212
12:49:16	30.2	0.2717	1.4755	1.3639	1.5312	1.3659	1.2830	1.2807	1.2974	1.3791	1.2939	0.2766	0.3614	1.4391	1.3955	1.5197	1.2853	1.3298	0.2592	1.5315	1.3634	1.3129	0.2605	0.2561	1.3384	1.5175	1.5088	1.3485	1.3558	1.4808	0.2964	1.4685	1.3576	1.3257	1.2827	0.2752	1.3140	1.3311	1.3183	1.3556	1.4759	1.3101	0.2572	1.3463	0.2757	1.2646	1.4960	0.2639	1.4375	1.3610	1.3633	1.5046	1.5539	1.3280	0.2682	1.4447	1.2605	1.4230	1.2448	0.2564	1.1613	1.5599	1.5177	1.3278	1.3445	0.2636	0.2719	1.2936	1.3102	1.2964	1.2101	0.2612	1.1890	1.4004	1.5146	1.3527	1.4952	1.3152	0.2570	1.5111	1.2767	1.2482	1.3502	0.2666	1.0741	0.2753	1.3503	0.2768	1.3483	1.4554	1.5168	1.3348	1.2417	1.3847	1.2251	1.1704	1.1346
12:59:16	30.2	0.2717	1.4784	1.3713	1.5332	1.3691	1.2914	1.2903	1.3071	1.3865	1.2993	0.2768	0.3619	1.4437	1.4002	1.5234	1.2855	1.3336	0.2592	1.5371	1.3697	1.3185	0.2605	0.2562	1.3448	1.5182	1.5118	1.3552	1.3610	1.4860	0.2995	1.4758	1.3701	1.3329	1.2908	0.2751	1.3270	1.3376	1.3179	1.3699	1.4803	1.3188	0.2572	1.3551	0.2805	1.2699	1.4994	0.2640	1.4427	1.3621	1.3699	1.5066	1.5567	1.3365	0.2683	1.4517	1.2664	1.4251	1.2545	0.2564	1.1710	1.5659	1.5256	1.3361	1.3533	0.2637	0.2719	1.3037	1.3170	1.2938	1.2236	0.2611	1.1960	1.4058	1.5145	1.3608	1.4998	1.3242	0.2571	1.5142	1.2888	1.2618	1.3612	0.2666	1.0905	0.2755	1.3594	0.2769	1.3546	1.4597	1.5237	1.3347	1.2550	1.3950	1.2392	1.1864	1.1499
13:09:16	30.2	0.2718	1.4824	1.3769	1.5387	1.3734	1.2993	1.2970	1.3151	1.3930	1.3076	0.2773	0.3622	1.4494	1.4045	1.5289	1.2873	1.3424	0.2593	1.5427	1.3808	1.3248	0.2606	0.2562	1.3428	1.5221	1.5161	1.3640	1.3684	1.4935	0.3026	1.4825	1.3774	1.3511	1.2997	0.2751	1.3357	1.3388	1.3188	1.3797	1.4827	1.3255	0.2572	1.3635	0.2884	1.2765	1.5039	0.2641	1.4507	1.3623	1.3746	1.5135	1.5608	1.3442	0.2683	1.4586	1.2728	1.4305	1.2617	0.2565	1.1818	1.5673	1.5260	1.3436	1.3608	0.2638	0.2720	1.3129	1.3278	1.2954	1.2366	0.2613	1.2066	1.4100	1.5167	1.3677	1.5042	1.3319	0.2568	1.5166	1.2998	1.2720	1.3705	0.2668	1.1073	0.2754	1.3666	0.2770	1.3619	1.4646	1.5302	1.3346	1.2664	1.4023	1.2489	1.1985	1.1658
13:19:16	30.2	0.2717	1.4900	1.3813	1.5438	1.3775	1.3056	1.3052	1.3215	1.4029	1.3221	0.2780	0.3628	1.4517	1.4062	1.5325	1.2860	1.3463	0.2593	1.5466	1.3934	1.3433	0.2605	0.2561	1.3537	1.5245	1.5200	1.3776	1.3726	1.4987	0.3033	1.4916	1.3787	1.3591	1.3133	0.2750	1.3455	1.3423	1.3189	1.3788	1.4899	1.3291	0.2571	1.3677	0.2892	1.2814	1.5087	0.2639	1.4573	1.3652	1.3806	1.5183	1.5649	1.3513	0.2683	1.4652	1.2835	1.4360	1.2680	0.2565	1.1923	1.5710	1.5309	1.3484	1.3677	0.2637	0.2719	1.3230	1.3374	1.2954	1.2500	0.2612	1.2137	1.4146	1.5207	1.3739	1.5079	1.3388	0.2569	1.5206	1.3085	1.2829	1.3783	0.2667	1.1245	0.2754	1.3754	0.2769	1.3681	1.4694	1.5337	1.3347	1.2758	1.4089	1.2547	1.2089	1.1779
13:29:16	30.2	0.2718	1.4950	1.3870	1.5476	1.3822	1.3163	1.3163	1.3296	1.4096	1.3290	0.2764	0.3634	1.4624	1.4146	1.5379	1.2896	1.3526	0.2592	1.5522	1.3978	1.3531	0.2604	0.2562	1.3534	1.5324	1.5231	1.3771	1.3753	1.5028	0.3005	1.4956	1.3929	1.3696	1.3203	0.2750	1.3470	1.3537	1.3165	1.3885	1.4893	1.3337	0.2572	1.3728	0.2954	1.2877	1.5127	0.2639	1.4621	1.3656	1.3906	1.5199	1.5672	1.3609	0.2682	1.4694	1.2893	1.4396	1.2718	0.2565	1.2015	1.5741	1.5331	1.3632	1.3769	0.2637	0.2719	1.3328	1.3438	1.2959	1.2601	0.2613	1.2249	1.4244	1.5238	1.3805	1.5142	1.3486	0.2570	1.5228	1.3183	1.2913	1.3869	0.2666	1.1418	0.2753	1.3853	0.2769	1.3791	1.4728	1.5407	1.3347	1.2870	1.4162	1.2691	1.2229	1.1932
13:39:16	30.1	0.2717	1.5003	1.3965	1.5514	1.3833	1.3179	1.3204	1.3353	1.4183	1.3382	0.2775	0.3642	1.4587	1.4163	1.5416	1.2904	1.3589	0.2593	1.5560	1.4000	1.3739	0.2605	0.2561	1.3556	1.5326	1.5274	1.3850	1.3854	1.5099	0.3024	1.5036	1.4131	1.3757	1.3379	0.2751	1.3547	1.3517	1.3160	1.3946	1.4941	1.3410	0.2573	1.3829	0.2988	1.2927	1.5169	0.2640	1.4670	1.3666	1.3906	1.5220	1.5719	1.3654	0.2681	1.4749	1.2977	1.4444	1.2831	0.2565	1.2114	1.5754	1.5367	1.3633	1.3818	0.2637	0.2720	1.3395	1.3535	1.2961	1.2734	0.2611	1.2360	1.4259	1.5277	1.3887	1.5183	1.3535	0.2570	1.5259	1.3271	1.3029	1.3936	0.2666	1.1547	0.2754	1.3898	0.2769	1.3828	1.4778	1.5445	1.3385	1.2992	1.4229	1.2833	1.2384	1.2070
13:49:16	30.2	0.2719	1.5085	1.3976	1.5555	1.3881	1.3251	1.3277	1.3420	1.4232	1.3449	0.2773	0.3646	1.4666	1.4216	1.5456	1.2903	1.3640	0.2594	1.5596	1.4080	1.3805	0.2605	0.2561	1.3640	1.5387	1.5303	1.3899	1.3908	1.5133	0.3041	1.5062	1.4117	1.3936	1.3523	0.2752	1.3604	1.3598	1.3198	1.4000	1.5006	1.3474	0.2573	1.3877	0.3070	1.2962	1.5192	0.2641	1.4740	1.3674	1.3948	1.5302	1.5731	1.3718	0.2684	1.4812	1.3050	1.4494	1.2900	0.2565	1.2201	1.5781	1.5367	1.3709	1.3882	0.2637	0.2720	1.3486	1.3609	1.2985	1.2828	0.2612	1.2434	1.4306	1.5283	1.3931	1.5185	1.3612	0.2570	1.5251	1.3345	1.3119	1.4035	0.2666	1.1708	0.2754	1.3955	0.2770	1.3878	1.4813	1.5476	1.3390	1.3079	1.4264	1.2953	1.2499	1.2193
13:59:16	30.2	0.2720	1.5165	1.4028	1.5575	1.3930	1.3356	1.3373	1.3472	1.4288	1.3522	0.2776	0.3651	1.4688	1.4263	1.5475	1.2923	1.3685	0.2593	1.5633	1.4131	1.3874	0.2608	0.2562	1.3620	1.5428	1.5308	1.3999	1.3982	1.5172	0.2950	1.5126	1.4247	1.4005	1.3654	0.2751	1.3687	1.3633	1.3193	1.4051	1.5090	1.3513	0.2574	1.3923	0.3165	1.2979	1.5215	0.2641	1.4770	1.3655	1.4016	1.5356	1.5770	1.3785	0.2684	1.4873	1.3145	1.4533	1.2972	0.2566	1.2309	1.5788	1.5372	1.3775	1.3953	0.2638	0.2721	1.3574	1.3635	1.2972	1.2933	0.2612	1.2541	1.4361	1.5371	1.3985	1.5259	1.3688	0.2570	1.5261	1.3443	1.3204	1.4090	0.2668	1.1868	0.2755	1.4033	0.2771	1.3952	1.4839	1.5536	1.3378	1.3185	1.4321	1.3062	1.2613	1.2326
14:09:16	30.2	0.2719	1.5200	1.4055	1.5612	1.3959	1.3419	1.3426	1.3521	1.4382	1.3602	0.2768	0.3656	1.4725	1.4329	1.5513	1.2988	1.3774	0.2593	1.5686	1.4180	1.3928	0.2604	0.2561	1.3669	1.5446	1.5357	1.4034	1.4015	1.5224	0.2974	1.5180	1.4280	1.4065	1.3717	0.2750	1.3758	1.3703	1.3182	1.4085	1.5062	1.3572	0.2571	1.3948	0.3179	1.3021	1.5260	0.2639	1.4833	1.3664	1.4058	1.5329	1.5805	1.3859	0.2685	1.4916	1.3225	1.4572	1.3028	0.2565	1.2447	1.5814	1.5455	1.3817	1.4026	0.2637	0.2721	1.3657	1.3747	1.2991	1.3044	0.2611	1.2658	1.4400	1.5372	1.4032	1.5297	1.3743	0.2569	1.5308	1.3537	1.3307	1.4165	0.2667	1.2019	0.2753	1.4084	0.2769	1.4019	1.4882	1.5574	1.3374	1.3273	1.4402	1.3171	1.2746	1.2449
14:19:16	30.2	0.2719	1.5250	1.4082	1.5648	1.3997	1.3478	1.3502	1.3600	1.4448	1.3682	0.2765	0.3662	1.4773	1.4379	1.5542	1.3002	1.3827	0.2594	1.5718	1.4243	1.3973	0.2606	0.2563	1.3658	1.5484	1.5381	1.4101	1.4096	1.5264	0.3040	1.5239	1.4323	1.4181	1.3787	0.2752	1.3812	1.3743	1.3184	1.4115	1.5117	1.3597	0.2571	1.3947	0.3161	1.3095	1.5295	0.2640	1.4883	1.3682	1.4110	1.5385	1.5818	1.3915	0.2684	1.4963	1.3312	1.4606	1.3162	0.2567	1.2550	1.5831	1.5457	1.3876	1.4090	0.2638	0.2721	1.3741	1.3798	1.3028	1.3137	0.2613	1.2765	1.4444	1.5389	1.4072	1.5328	1.3810	0.2571	1.5306	1.3618	1.3397	1.4215	0.2667	1.2166	0.2755	1.4153	0.2770	1.4061	1.4913	1.5611	1.3371	1.3376	1.4448	1.3273	1.2845	1.2563
14:29:16	30.1	0.2720	1.5322	1.4148	1.5658	1.4032	1.3543	1.3587	1.3648	1.4497	1.3772	0.2771	0.3669	1.4796	1.4434	1.5551	1.3009	1.3858	0.2595	1.5742	1.4236	1.3961	0.2607	0.2564	1.3701	1.5507	1.5400	1.4139	1.4142	1.5322	0.3091	1.5292	1.4369	1.4202	1.3807	0.2752	1.3864	1.3803	1.3184	1.4135	1.5138	1.3666	0.2572	1.4057	0.3206	1.3155	1.5308	0.2641	1.4898	1.3686	1.4170	1.5416	1.5867	1.3972	0.2683	1.4990	1.3402	1.4628	1.3228	0.2567	1.2651	1.5825	1.5509	1.3953	1.4122	0.2638	0.2721	1.3801	1.3838	1.3026	1.3213	0.2613	1.2859	1.4496	1.5408	1.4138	1.5354	1.3861	0.2572	1.5328	1.3684	1.3468	1.4255	0.2667	1.2283	0.2755	1.4237	0.2770	1.4132	1.4923	1.5666	1.3375	1.3462	1.4486	1.3385	1.2972	1.2694
14:39:16	30.1	0.2718	1.5473	1.4197	1.5677	1.4046	1.3582	1.3625	1.3698	1.4547	1.3801	0.2779	0.3676	1.4819	1.4485	1.5572	1.3021	1.3900	0.2593	1.5773	1.4253	1.4007	0.2605	0.2562	1.3701	1.5573	1.5433	1.4132	1.4214	1.5363	0.3025	1.5331	1.4382	1.4311	1.3855	0.2752	1.3927	1.3842	1.3180	1.4203	1.5156	1.3742	0.2573	1.4137	0.3417	1.3207	1.5341	0.2640	1.4966	1.3680	1.4180	1.5427	1.5915	1.4024	0.2682	1.5011	1.3460	1.4677	1.3274	0.2566	1.2732	1.5867	1.5506	1.3977	1.4181	0.2638	0.2720	1.3855	1.3884	1.3037	1.3303	0.2611	1.2945	1.4511	1.5393	1.4204	1.5361	1.3913	0.2570	1.5347	1.3761	1.3551	1.4329	0.2667	1.2413	0.2754	1.4276	0.2768	1.4169	1.4960	1.5681	1.3362	1.3532	1.4545	1.3466	1.3067	1.2769
14:49:16	30.1	0.2718	1.5644	1.4232	1.5702	1.4070	1.3631	1.3693	1.3757	1.4597	1.3855	0.2779	0.3681	1.4822	1.4522	1.5583	1.3005	1.3952	0.2592	1.5788	1.4271	1.4003	0.2605	0.2560	1.3730	1.5576	1.5447	1.4215	1.4218	1.5383	0.3005	1.5407	1.4407	1.4327	1.3888	0.2751	1.3961	1.3870	1.3180	1.4243	1.5189	1.3796	0.2570	1.4177	0.3615	1.3250	1.5355	0.2638	1.4989	1.3688	1.4216	1.5483	1.5930	1.4087	0.2681	1.5094	1.3520	1.4695	1.3350	0.2564	1.2832	1.5864	1.5570	1.4030	1.4222	0.2637	0.2721	1.3906	1.3940	1.3039	1.3380	0.2611	1.3024	1.4554	1.5450	1.4248	1.5400	1.3966	0.2568	1.5338	1.3823	1.3624	1.4397	0.2667	1.2540	0.2753	1.4334	0.2767	1.4229	1.4979	1.5721	1.3365	1.3609	1.4604	1.3560	1.3191	1.2904
14:59:15	30.2	0.2717	1.5825	1.4273	1.5729	1.4102	1.3704	1.3745	1.3789	1.4628	1.3933	0.2766	0.3683	1.4855	1.4559	1.5604	1.3013	1.3997	0.2592	1.5827	1.4298	1.4042	0.2603	0.2560	1.3742	1.5601	1.5476	1.4245	1.4299	1.5406	0.3029	1.5445	1.4459	1.4393	1.3920	0.2750	1.3963	1.3902	1.3166	1.4248	1.5242	1.3850	0.2572	1.4252	0.3936	1.3321	1.5373	0.2639	1.5035	1.3683	1.4256	1.5511	1.5962	1.4133	0.2681	1.5150	1.3602	1.4713	1.3419	0.2565	1.2900	1.5867	1.5587	1.4082	1.4279	0.2637	0.2719	1.3978	1.3981	1.3054	1.3449	0.2610	1.3114	1.4589	1.5476	1.4294	1.5418	1.4028	0.2567	1.5355	1.3890	1.3699	1.4435	0.2666	1.2628	0.2752	1.4381	0.2768	1.4276	1.4999	1.5748	1.3360	1.3677	1.4640	1.3646	1.3287	1.2985
15:09:16	30.2	0.2720	1.6007	1.4325	1.5746	1.4128	1.3757	1.3806	1.3845	1.4678	1.4022	0.2766	0.3688	1.4873	1.4620	1.5635	1.3006	1.4036	0.2593	1.5851	1.4329	1.4073	0.2606	0.2562	1.3805	1.5629	1.5495	1.4307	1.4352	1.5441	0.3008	1.5485	1.4474	1.4453	1.3981	0.2749	1.4103	1.3919	1.3174	1.4287	1.5242	1.3916	0.2571	1.4307	0.4211	1.3377	1.5387	0.2639	1.5065	1.3694	1.4289	1.5560	1.6000	1.4176	0.2682	1.5204	1.3666	1.4760	1.3513	0.2565	1.2996	1.5877	1.5612	1.4116	1.4333	0.2638	0.2719	1.4012	1.4024	1.3397	1.3517	0.2610	1.3206	1.4632	1.5494	1.4346	1.5442	1.4084	0.2570	1.5361	1.3948	1.3776	1.4484	0.2668	1.2745	0.2754	1.4438	0.2770	1.4313	1.5033	1.5773	1.3358	1.3754	1.4695	1.3747	1.3373	1.3096
15:19:16	30.2	0.2717	1.6120	1.4408	1.5771	1.4169	1.3831	1.3879	1.3881	1.4746	1.4139	0.2783	0.3695	1.4905	1.4683	1.5673	1.3029	1.4095	0.2594	1.5874	1.4386	1.4185	0.2604	0.2561	1.3803	1.5648	1.5511	1.4324	1.4396	1.5485	0.2991	1.5536	1.4593	1.4574	1.4129	0.2751	1.4099	1.3991	1.3172	1.4372	1.5301	1.3938	0.2571	1.4409	0.4421	1.3445	1.5425	0.2639	1.5113	1.3695	1.4351	1.5558	1.6012	1.4252	0.2682	1.5182	1.3771	1.4798	1.3548	0.2565	1.3097	1.5894	1.5610	1.4170	1.4400	0.2636	0.2720	1.4124	1.4068	1.3712	1.3621	0.2611	1.3307	1.4684	1.5500	1.4396	1.5457	1.4144	0.2568	1.5363	1.4024	1.3858	1.4561	0.2668	1.2828	0.2753	1.4504	0.2767	1.4361	1.5060	1.5808	1.3359	1.3825	1.4749	1.3818	1.3464	1.3202
15:29:16	30.2	0.2718	1.6203	1.4437	1.5795	1.4201	1.3887	1.3925	1.3941	1.4784	1.4232	0.2774	0.3698	1.4946	1.4695	1.5677	1.3011	1.4083	0.2592	1.5904	1.4422	1.4291	0.2605	0.2561	1.3850	1.5686	1.5529	1.4364	1.4413	1.5516	0.3043	1.5555	1.4678	1.4607	1.4240	0.2750	1.4127	1.4023	1.3155	1.4320	1.5334	1.4028	0.2569	1.4438	0.4407	1.3462	1.5448	0.2639	1.5177	1.3707	1.4385	1.5593	1.6033	1.4294	0.2681	1.5232	1.3791	1.4830	1.3584	0.2564	1.3178	1.5898	1.5631	1.4220	1.4462	0.2637	0.2719	1.4188	1.4103	1.3704	1.3666	0.2611	1.3382	1.4720	1.5493	1.4461	1.5479	1.4204	0.2569	1.5363	1.4078	1.3915	1.4592	0.2667	1.2926	0.2754	1.4552	0.2767	1.4402	1.5084	1.5829	1.3354	1.3895	1.4790	1.3906	1.3540	1.3290
15:39:16	30.2	0.2716	1.6222	1.4455	1.5811	1.4221	1.3929	1.3987	1.4019	1.4790	1.4329	0.2777	0.3701	1.4985	1.4749	1.5680	1.3002	1.4196	0.2591	1.5937	1.4468	1.4251	0.2605	0.2560	1.3768	1.5721	1.5535	1.4437	1.4490	1.5571	0.3038	1.5618	1.4643	1.4708	1.4243	0.2752	1.4125	1.4114	1.3159	1.4352	1.5377	1.4105	0.2572	1.4445	0.4703	1.3475	1.5462	0.2638	1.5188	1.3713	1.4415	1.5673	1.6047	1.4333	0.2681	1.5275	1.3861	1.4857	1.3628	0.2564	1.3264	1.5893	1.5677	1.4258	1.4475	0.2637	0.2720	1.4216	1.4146	1.3685	1.3746	0.2609	1.3465	1.4760	1.5535	1.4470	1.5489	1.4242	0.2568	1.5337	1.4131	1.3953	1.4639	0.2665	1.3012	0.2754	1.4605	0.2768	1.4428	1.5098	1.5854	1.3365	1.3952	1.4797	1.3959	1.3624	1.3367
15:49:16	30.2	0.2718	1.6272	1.4467	1.5822	1.4249	1.3984	1.4037	1.4073	1.4847	1.4391	0.2779	0.3706	1.5018	1.4742	1.5674	1.2995	1.4241	0.2593	1.5941	1.4528	1.4261	0.2605	0.2562	1.3880	1.5783	1.5538	1.4561	1.4529	1.5624	0.3065	1.5662	1.4698	1.4710	1.4212	0.2751	1.4123	1.4109	1.3150	1.4414	1.5418	1.4133	0.2572	1.4464	0.4766	1.3536	1.5451	0.2640	1.5186	1.3710	1.4460	1.5667	1.6084	1.4386	0.2681	1.5336	1.3900	1.4858	1.3699	0.2565	1.3350	1.5882	1.5705	1.4325	1.4545	0.2636	0.2721	1.4256	1.4165	1.3697	1.3802	0.2611	1.3550	1.4801	1.5587	1.4535	1.5520	1.4242	0.2570	1.5340	1.4182	1.4021	1.4679	0.2666	1.3108	0.2754	1.4649	0.2770	1.4481	1.5104	1.5894	1.3355	1.4006	1.4830	1.4033	1.3705	1.3455
15:59:16	30.2	0.2717	1.6316	1.4518	1.5838	1.4275	1.4049	1.4071	1.4058	1.4868	1.4378	0.2760	0.3712	1.5041	1.4810	1.5707	1.2998	1.4219	0.2594	1.5991	1.4521	1.4371	0.2606	0.2562	1.3881	1.5766	1.5576	1.4523	1.4484	1.5619	0.2992	1.5683	1.4748	1.4833	1.4320	0.2750	1.4199	1.4133	1.3144	1.4457	1.5423	1.4153	0.2572	1.4518	0.4920	1.3587	1.5504	0.2640	1.5313	1.3726	1.4500	1.5723	1.6097	1.4436	0.2683	1.5375	1.3966	1.4919	1.3743	0.2566	1.3436	1.5896	1.5723	1.4355	1.4583	0.2637	0.2720	1.4343	1.4220	1.3747	1.3883	0.2611	1.3628	1.4845	1.5568	1.4585	1.5556	1.4325	0.2569	1.5363	1.4254	1.4119	1.4749	0.2666	1.3163	0.2755	1.4699	0.2769	1.4531	1.5154	1.5924	1.3359	1.4102	1.4918	1.4126	1.3801	1.3546
16:09:16	30.2	0.2717	1.6425	1.4594	1.5845	1.4297	1.4095	1.4124	1.4111	1.4918	1.4423	0.2766	0.3714	1.5043	1.4849	1.5730	1.3001	1.4246	0.2593	1.6024	1.4526	1.4329	0.2605	0.2561	1.3869	1.5813	1.5596	1.4633	1.4574	1.5645	0.3000	1.5704	1.4713	1.4886	1.4323	0.2749	1.4239	1.4232	1.3160	1.4547	1.5448	1.4239	0.2572	1.4507	0.5035	1.3613	1.5517	0.2641	1.5331	1.3718	1.4528	1.5759	1.6135	1.4477	0.2681	1.5401	1.3990	1.4957	1.3827	0.2565	1.3498	1.5915	1.5713	1.4387	1.4608	0.2638	0.2720	1.4365	1.4261	1.3764	1.3921	0.2610	1.3697	1.4872	1.5560	1.4611	1.5567	1.4369	0.2568	1.5362	1.4298	1.4133	1.4788	0.2667	1.3240	0.2753	1.4752	0.2769	1.4561	1.5176	1.5929	1.3369	1.4132	1.4942	1.4165	1.3870	1.3616
16:19:16	30.2	0.2718	1.6379	1.4645	1.5862	1.4324	1.4147	1.4172	1.4127	1.4947	1.4500	0.2770	0.3721	1.5069	1.4895	1.5725	1.3009	1.4366	0.2594	1.6033	1.4594	1.4355	0.2605	0.2562	1.3714	1.5805	1.5594	1.4671	1.4677	1.5676	0.3064	1.5761	1.4763	1.4878	1.4276	0.2750	1.4304	1.4292	1.3161	1.4617	1.5453	1.4284	0.2573	1.4523	0.5099	1.3648	1.5542	0.2639	1.5336	1.3728	1.4568	1.5775	1.6144	1.4512	0.2682	1.5400	1.4041	1.4967	1.3850	0.2566	1.3558	1.5903	1.5775	1.4429	1.4649	0.2637	0.2720	1.4427	1.4294	1.3790	1.3962	0.2613	1.3767	1.4915	1.5607	1.4657	1.5580	1.4417	0.2569	1.5375	1.4358	1.4173	1.4836	0.2668	1.3317	0.2755	1.4795	0.2769	1.4605	1.5190	1.5958	1.3381	1.4186	1.4983	1.4211	1.3921	1.3687
16:29:16	30.2	0.2718	1.6394	1.4675	1.5872	1.4331	1.4202	1.4215	1.4176	1.4997	1.4533	0.2767	0.3662	1.5095	1.4933	1.5741	1.3022	1.4403	0.2593	1.6053	1.4538	1.4361	0.2604	0.2564	1.3720	1.5802	1.5625	1.4729	1.4732	1.5710	0.3009	1.5792	1.4736	1.4908	1.4294	0.2752	1.4308	1.4352	1.3171	1.4653	1.5483	1.4325	0.2574	1.4525	0.5081	1.3700	1.5563	0.2639	1.5375	1.3762	1.4604	1.5776	1.6182	1.4570	0.2683	1.5451	1.4096	1.4987	1.3909	0.2565	1.3611	1.5902	1.5776	1.4479	1.4698	0.2638	0.2721	1.4477	1.4351	1.3813	1.4051	0.2613	1.3824	1.4947	1.5613	1.4691	1.5603	1.4453	0.2569	1.5383	1.4426	1.4233	1.4874	0.2668	1.3369	0.2755	1.4849	0.2769	1.4645	1.5224	1.5981	1.3376	1.4232	1.5010	1.4287	1.3996	1.3754
16:39:16	30.2	0.2719	1.6435	1.4729	1.5884	1.4359	1.4244	1.4263	1.4252	1.5051	1.4557	0.2773	0.3669	1.5085	1.4929	1.5758	1.3021	1.4393	0.2594	1.6066	1.4602	1.4445	0.2606	0.2563	1.3718	1.5867	1.5632	1.4787	1.4734	1.5709	0.3000	1.5811	1.4792	1.5008	1.4416	0.2752	1.4279	1.4342	1.3185	1.4669	1.5516	1.4352	0.2572	1.4576	0.5174	1.3755	1.5571	0.2641	1.5411	1.3722	1.4637	1.5778	1.6185	1.4622	0.2684	1.5449	1.4139	1.5004	1.3962	0.2566	1.3679	1.5909	1.5792	1.4538	1.4771	0.2639	0.2722	1.4559	1.4388	1.3820	1.4106	0.2614	1.3908	1.4978	1.5621	1.4755	1.5613	1.4494	0.2572	1.5379	1.4475	1.4310	1.4913	0.2669	1.3415	0.2755	1.4884	0.2771	1.4692	1.5237	1.6010	1.3389	1.4297	1.5069	1.4346	1.4047	1.3818
16:49:16	30.2	0.2718	1.6443	1.4745	1.5890	1.4387	1.4288	1.4307	1.4289	1.5086	1.4586	0.2764	0.3671	1.5117	1.4986	1.5763	1.3023	1.4492	0.2593	1.6094	1.4583	1.4451	0.2605	0.2561	1.3692	1.5895	1.5642	1.4822	1.4822	1.5736	0.3013	1.5874	1.4852	1.5012	1.4404	0.2750	1.4341	1.4415	1.3188	1.4745	1.5540	1.4392	0.2570	1.4595	0.5181	1.3806	1.5593	0.2639	1.5432	1.3749	1.4665	1.5772	1.6208	1.4658	0.2681	1.5486	1.4179	1.5034	1.4003	0.2564	1.3722	1.5904	1.5794	1.4567	1.4809	0.2637	0.2720	1.4622	1.4414	1.3794	1.4154	0.2610	1.3948	1.4994	1.5635	1.4790	1.5617	1.4535	0.2568	1.5387	1.4512	1.4335	1.4949	0.2667	1.3453	0.2755	1.4916	0.2769	1.4725	1.5256	1.6023	1.3407	1.4319	1.5108	1.4388	1.4095	1.3871
16:59:16	30.2	0.2718	1.6468	1.4773	1.5900	1.4413	1.4330	1.4355	1.4323	1.5127	1.4634	0.2777	0.3676	1.5149	1.4968	1.5772	1.3035	1.4547	0.2592	1.6105	1.4615	1.4452	0.2605	0.2561	1.3629	1.5900	1.5653	1.4885	1.4859	1.5778	0.3061	1.5882	1.4840	1.5044	1.4430	0.2749	1.4343	1.4422	1.3183	1.4802	1.5582	1.4427	0.2571	1.4628	0.5308	1.3911	1.5607	0.2640	1.5456	1.3770	1.4709	1.5809	1.6215	1.4705	0.2682	1.5520	1.4201	1.5055	1.4049	0.2565	1.3797	1.5894	1.5823	1.4603	1.4848	0.2638	0.2719	1.4685	1.4452	1.3888	1.4223	0.2612	1.4022	1.5027	1.5641	1.4807	1.5640	1.4563	0.2569	1.5388	1.4564	1.4404	1.4991	0.2667	1.3487	0.2755	1.4971	0.2768	1.4752	1.5271	1.6049	1.3412	1.4379	1.5127	1.4443	1.4158	1.3937
17:09:16	30.1	0.2716	1.6469	1.4803	1.5915	1.4446	1.4378	1.4401	1.4348	1.5151	1.4681	0.2780	0.3678	1.5166	1.5036	1.5764	1.3037	1.4588	0.2593	1.6126	1.4633	1.4435	0.2605	0.2562	1.3608	1.5928	1.5660	1.4877	1.4885	1.5787	0.3117	1.5901	1.4843	1.5015	1.4389	0.2750	1.4397	1.4471	1.3522	1.4813	1.5590	1.4450	0.2571	1.4628	0.5430	1.3952	1.5616	0.2640	1.5486	1.3763	1.4731	1.5840	1.6231	1.4736	0.2682	1.5511	1.4239	1.5079	1.4071	0.2565	1.3837	1.5888	1.5844	1.4627	1.4887	0.2637	0.2720	1.4734	1.4482	1.3912	1.4241	0.2612	1.4050	1.5054	1.5663	1.4854	1.5661	1.4593	0.2568	1.5382	1.4592	1.4434	1.5028	0.2667	1.3517	0.2753	1.5009	0.2770	1.4784	1.5280	1.6054	1.3391	1.4391	1.5145	1.4481	1.4184	1.3983
17:19:16	30.2	0.2718	1.6510	1.4841	1.5922	1.4452	1.4409	1.4427	1.4404	1.5168	1.4738	0.2763	0.3673	1.5199	1.5045	1.5762	1.3040	1.4640	0.2594	1.6130	1.4663	1.4509	0.2605	0.2562	1.3563	1.5966	1.5670	1.4919	1.4940	1.5821	0.3121	1.5926	1.4875	1.5154	1.4428	0.2751	1.4381	1.4505	1.3575	1.4851	1.5611	1.4448	0.2573	1.4630	0.5578	1.3968	1.5621	0.2639	1.5510	1.3751	1.4769	1.5878	1.6261	1.4741	0.2682	1.5567	1.4296	1.5087	1.4061	0.2565	1.3897	1.5878	1.5863	1.4652	1.4885	0.2639	0.2720	1.4756	1.4491	1.3906	1.4311	0.2612	1.4102	1.5072	1.5648	1.4893	1.5693	1.4652	0.2569	1.5364	1.4646	1.4502	1.5049	0.2667	1.3580	0.2753	1.5061	0.2769	1.4818	1.5287	1.6074	1.3399	1.4438	1.5188	1.4540	1.4252	1.4037
17:29:16	30.1	0.2717	1.6488	1.4856	1.5927	1.4478	1.4452	1.4471	1.4424	1.5211	1.4721	0.2776	0.3675	1.5213	1.5086	1.5765	1.3047	1.4650	0.2592	1.6159	1.4674	1.4545	0.2603	0.2562	1.3533	1.5962	1.5674	1.4969	1.4959	1.5825	0.2994	1.5966	1.4870	1.5115	1.4440	0.2749	1.4401	1.4567	1.3580	1.4889	1.5617	1.4479	0.2570	1.4665	0.5723	1.3979	1.5637	0.2640	1.5543	1.3751	1.4798	1.5879	1.6278	1.4776	0.2680	1.5607	1.4358	1.5107	1.4102	0.2565	1.3961	1.5864	1.5884	1.4693	1.4945	0.2637	0.2719	1.4823	1.4515	1.3924	1.4358	0.2611	1.4151	1.5088	1.5679	1.4906	1.5702	1.4663	0.2569	1.5373	1.4704	1.4540	1.5096	0.2666	1.3604	0.2753	1.5094	0.2769	1.4861	1.5306	1.6098	1.3427	1.4474	1.5207	1.4590	1.4304	1.4094
17:39:16	30.1	0.2719	1.6520	1.4902	1.5930	1.4505	1.4493	1.4523	1.4440	1.5236	1.4759	0.2770	0.3677	1.5239	1.5094	1.5776	1.3058	1.4671	0.2592	1.6194	1.4683	1.4532	0.2606	0.2561	1.3557	1.5959	1.5687	1.4968	1.4989	1.5860	0.3109	1.5986	1.4912	1.5187	1.4468	0.2750	1.4427	1.4536	1.3573	1.4864	1.5663	1.4523	0.2572	1.4693	0.5824	1.4001	1.5646	0.2640	1.5572	1.3765	1.4826	1.5898	1.6267	1.4802	0.2684	1.5603	1.4388	1.5124	1.4150	0.2565	1.4001	1.5856	1.5886	1.4731	1.4999	0.2637	0.2719	1.4882	1.4548	1.3945	1.4396	0.2612	1.4186	1.5114	1.5692	1.4952	1.5712	1.4690	0.2569	1.5356	1.4737	1.4573	1.5134	0.2667	1.3634	0.2754	1.5127	0.2770	1.4894	1.5317	1.6116	1.3425	1.4519	1.5236	1.4627	1.4351	1.4143
17:49:16	30.2	0.2719	1.6533	1.4941	1.5934	1.4527	1.4523	1.4541	1.4478	1.5252	1.4839	0.2764	0.3681	1.5237	1.5127	1.5765	1.3049	1.4717	0.2593	1.6196	1.4686	1.4559	0.2605	0.2562	1.3530	1.6013	1.5687	1.5003	1.5014	1.5871	0.3011	1.6024	1.4921	1.5273	1.4493	0.2750	1.4449	1.4608	1.3579	1.4937	1.5674	1.4536	0.2572	1.4706	0.5863	1.4013	1.5662	0.2640	1.5609	1.3786	1.4851	1.5908	1.6299	1.4854	0.2684	1.5642	1.4441	1.5136	1.4201	0.2564	1.4068	1.5835	1.5907	1.4768	1.5024	0.2637	0.2720	1.4914	1.4571	1.4000	1.4448	0.2612	1.4229	1.5130	1.5704	1.4997	1.5714	1.4739	0.2570	1.5360	1.4781	1.4625	1.5148	0.2667	1.3655	0.2755	1.5184	0.2769	1.4923	1.5335	1.6132	1.3452	1.4558	1.5277	1.4688	1.4383	1.4188
17:59:16	30.1	0.2718	1.6527	1.4964	1.5935	1.4539	1.4572	1.4594	1.4508	1.5301	1.4859	0.2781	0.3683	1.5251	1.5143	1.5769	1.3062	1.4718	0.2592	1.6212	1.4705	1.4557	0.2604	0.2561	1.3551	1.6029	1.5698	1.5037	1.5061	1.5901	0.3015	1.6040	1.4962	1.5294	1.4530	0.2750	1.4467	1.4631	1.3576	1.4992	1.5684	1.4580	0.2571	1.4733	0.5916	1.4024	1.5672	0.2640	1.5626	1.3776	1.4882	1.5923	1.6313	1.4881	0.2682	1.5671	1.4481	1.5159	1.4251	0.2565	1.4108	1.5823	1.5919	1.4815	1.5066	0.2637	0.2721	1.4954	1.4591	1.3994	1.4492	0.2612	1.4274	1.5159	1.5705	1.5026	1.5728	1.4782	0.2570	1.5367	1.4833	1.4669	1.5196	0.2667	1.3677	0.2753	1.5202	0.2769	1.4966	1.5345	1.6148	1.3452	1.4577	1.5306	1.4740	1.4424	1.4225
18:09:16	30.1	0.2717	1.6565	1.5002	1.5940	1.4571	1.4614	1.4622	1.4515	1.5331	1.4868	0.2779	0.3687	1.5272	1.5156	1.5769	1.3073	1.4759	0.2593	1.6222	1.4737	1.4567	0.2606	0.2563	1.3578	1.6028	1.5706	1.5058	1.5081	1.5919	0.3024	1.6059	1.4951	1.5344	1.4546	0.2751	1.4490	1.4669	1.3591	1.5009	1.5720	1.4615	0.2573	1.4750	0.6028	1.4048	1.5680	0.2640	1.5652	1.3790	1.4906	1.5946	1.6324	1.4932	0.2683	1.5680	1.4528	1.5180	1.4295	0.2565	1.4169	1.5808	1.5925	1.4848	1.5113	0.2637	0.2721	1.5004	1.4618	1.4004	1.4539	0.2610	1.4319	1.5203	1.5730	1.5046	1.5750	1.4814	0.2569	1.5350	1.4867	1.4718	1.5228	0.2667	1.3688	0.2754	1.5254	0.2769	1.4998	1.5361	1.6177	1.3471	1.4634	1.5339	1.4796	1.4468	1.4289
18:19:16	30.2	0.2716	1.6570	1.5046	1.5943	1.4582	1.4649	1.4659	1.4556	1.5359	1.4855	0.2761	0.3689	1.5281	1.5172	1.5763	1.3062	1.4773	0.2592	1.6230	1.4717	1.4578	0.2605	0.2561	1.3577	1.6060	1.5699	1.5083	1.5111	1.5929	0.3036	1.6099	1.4946	1.5428	1.4515	0.2750	1.4515	1.4692	1.3586	1.5041	1.5725	1.4625	0.2572	1.4764	0.6065	1.4042	1.5688	0.2639	1.5679	1.3795	1.4929	1.5958	1.6335	1.4961	0.2681	1.5701	1.4559	1.5198	1.4324	0.2563	1.4204	1.5787	1.5942	1.4873	1.5137	0.2637	0.2721	1.5022	1.4636	1.4041	1.4576	0.2610	1.4358	1.5226	1.5740	1.5089	1.5760	1.4832	0.2569	1.5350	1.4902	1.4753	1.5254	0.2667	1.3721	0.2754	1.5297	0.2768	1.5024	1.5366	1.6194	1.3488	1.4663	1.5368	1.4840	1.4513	1.4330
18:29:16	30.1	0.2718	1.6586	1.5088	1.5933	1.4613	1.4686	1.4695	1.4582	1.5394	1.4860	0.2777	0.3691	1.5283	1.5224	1.5753	1.3144	1.4791	0.2592	1.6229	1.4779	1.4629	0.2605	0.2562	1.3617	1.6135	1.5699	1.5105	1.5126	1.5947	0.3044	1.6134	1.4930	1.5518	1.4522	0.2751	1.4475	1.4747	1.3598	1.5061	1.5780	1.4628	0.2572	1.4780	0.6198	1.4048	1.5684	0.2639	1.5689	1.3786	1.4953	1.5983	1.6360	1.4967	0.2682	1.5774	1.4599	1.5180	1.4383	0.2564	1.4262	1.5755	1.5969	1.4867	1.5148	0.2637	0.2720	1.5061	1.4634	1.4026	1.4608	0.2611	1.4414	1.5252	1.5745	1.5118	1.5763	1.4878	0.2568	1.5319	1.4942	1.4796	1.5285	0.2666	1.3718	0.2754	1.5325	0.2769	1.5056	1.5356	1.6207	1.3488	1.4691	1.5374	1.4897	1.4552	1.4353
18:39:16	30.1	0.2719	1.6584	1.5118	1.5933	1.4636	1.4722	1.4736	1.4636	1.5420	1.4884	0.2781	0.3693	1.5305	1.5242	1.5731	1.3155	1.4814	0.2592	1.6263	1.4807	1.4560	0.2603	0.2561	1.3607	1.6127	1.5694	1.5135	1.5154	1.5985	0.2993	1.6163	1.4960	1.5567	1.4493	0.2751	1.4508	1.4768	1.3596	1.5102	1.5768	1.4666	0.2571	1.4811	0.6491	1.4081	1.5686	0.2638	1.5715	1.3783	1.5001	1.5954	1.6384	1.5020	0.2682	1.5744	1.4640	1.5204	1.4405	0.2564	1.4320	1.5724	1.5985	1.4934	1.5201	0.2636	0.2719	1.5102	1.4642	1.4006	1.4656	0.2611	1.4475	1.5291	1.5748	1.5131	1.5781	1.4912	0.2569	1.5300	1.4965	1.4838	1.5308	0.2666	1.3734	0.2753	1.5344	0.2769	1.5103	1.5365	1.6230	1.3489	1.4739	1.5396	1.4935	1.4609	1.4393
18:49:16	30.1	0.2718	1.6565	1.5137	1.5930	1.4661	1.4757	1.4768	1.4669	1.5430	1.4903	0.2762	0.3696	1.5319	1.5244	1.5739	1.3149	1.4832	0.2592	1.6279	1.4859	1.4645	0.2604	0.2561	1.3616	1.6145	1.5704	1.5157	1.5175	1.5985	0.3027	1.6164	1.4958	1.5602	1.4537	0.2751	1.4493	1.4765	1.3594	1.5119	1.5775	1.4685	0.2571	1.4831	0.6143	1.4088	1.5691	0.2640	1.5747	1.3792	1.4978	1.6017	1.6390	1.5036	0.2682	1.5787	1.4673	1.5227	1.4461	0.2564	1.4369	1.5697	1.5984	1.4927	1.5212	0.2636	0.2721	1.5144	1.4673	1.4030	1.4682	0.2612	1.4501	1.5302	1.5775	1.5149	1.5799	1.4940	0.2569	1.5287	1.4978	1.4832	1.5353	0.2667	1.3748	0.2755	1.5392	0.2770	1.5128	1.5379	1.6239	1.3504	1.4763	1.5429	1.4986	1.4648	1.4434
18:59:16	30.1	0.2715	1.6589	1.5181	1.5916	1.4678	1.4794	1.4804	1.4708	1.5472	1.4942	0.2776	0.3697	1.5311	1.5287	1.5700	1.3160	1.4838	0.2592	1.6254	1.4803	1.4615	0.2605	0.2560	1.3653	1.6163	1.5700	1.5206	1.5208	1.6055	0.2982	1.6214	1.4958	1.5628	1.4600	0.2749	1.4532	1.4779	1.3593	1.5151	1.5797	1.4690	0.2570	1.4834	0.6402	1.4103	1.5676	0.2638	1.5749	1.3789	1.5028	1.6083	1.6418	1.5051	0.2682	1.5810	1.4699	1.5224	1.4471	0.2565	1.4402	1.5688	1.6002	1.4990	1.5250	0.2636	0.2720	1.5197	1.4673	1.4026	1.4727	0.2611	1.4559	1.5330	1.5790	1.5183	1.5814	1.4960	0.2569	1.5250	1.5035	1.4920	1.5369	0.2666	1.3754	0.2754	1.5427	0.2767	1.5162	1.5365	1.6267	1.3514	1.4797	1.5453	1.5008	1.4701	1.4472
19:09:16	30.2	0.2716	1.6596	1.5188	1.5916	1.4691	1.4830	1.4839	1.4721	1.5481	1.4935	0.2777	0.3700	1.5335	1.5305	1.5699	1.3154	1.4862	0.2593	1.6281	1.4824	1.4618	0.2603	0.2561	1.3627	1.6184	1.5695	1.5217	1.5226	1.6029	0.2973	1.6258	1.4955	1.5681	1.4583	0.2750	1.4553	1.4825	1.3601	1.5167	1.5807	1.4726	0.2571	1.4881	0.6335	1.4126	1.5689	0.2638	1.5786	1.3802	1.5054	1.6094	1.6433	1.5085	0.2681	1.5792	1.4724	1.5244	1.4496	0.2564	1.4435	1.5657	1.6039	1.4995	1.5285	0.2637	0.2720	1.5222	1.4693	1.4020	1.4758	0.2610	1.4586	1.5345	1.5801	1.5198	1.5825	1.5014	0.2570	1.5248	1.5085	1.4934	1.5398	0.2666	1.3747	0.2752	1.5454	0.2768	1.5192	1.5373	1.6278	1.3565	1.4834	1.5465	1.5057	1.4738	1.4504
19:19:16	30.2	0.2718	1.6611	1.5219	1.5918	1.4700	1.4867	1.4861	1.4742	1.5514	1.5043	0.2765	0.3703	1.5410	1.5313	1.5720	1.3164	1.4916	0.2593	1.6323	1.4776	1.4684	0.2606	0.2563	1.3643	1.6156	1.5728	1.5239	1.5278	1.6037	0.3006	1.6268	1.5043	1.5625	1.4636	0.2753	1.4554	1.4785	1.3610	1.5194	1.5843	1.4814	0.2573	1.4905	0.6321	1.4186	1.5711	0.2640	1.5822	1.3817	1.5065	1.6070	1.6416	1.5125	0.2684	1.5871	1.4768	1.5273	1.4596	0.2565	1.4491	1.5649	1.6031	1.5036	1.5334	0.2638	0.2720	1.5233	1.4744	1.4046	1.4798	0.2614	1.4669	1.5365	1.5820	1.5220	1.5860	1.5078	0.2570	1.5266	1.5108	1.4936	1.5471	0.2668	1.3755	0.2755	1.5486	0.2771	1.5202	1.5406	1.6297	1.3589	1.4861	1.5521	1.5081	1.4786	1.4541
19:29:16	30.1	0.2717	1.6577	1.5214	1.5916	1.4729	1.4894	1.4887	1.4749	1.5530	1.4967	0.2764	0.3706	1.5404	1.5370	1.5702	1.3166	1.4912	0.2592	1.6313	1.4748	1.4654	0.2606	0.2562	1.3653	1.6191	1.5729	1.5256	1.5274	1.6050	0.3039	1.6270	1.5054	1.5715	1.4664	0.2751	1.4606	1.4836	1.3605	1.5216	1.5872	1.4789	0.2572	1.4907	0.6430	1.4192	1.5699	0.2640	1.5853	1.3813	1.5077	1.6101	1.6423	1.5146	0.2682	1.5895	1.4789	1.5280	1.4607	0.2565	1.4520	1.5608	1.6045	1.5045	1.5352	0.2638	0.2720	1.5246	1.4745	1.4047	1.4828	0.2612	1.4693	1.5381	1.5803	1.5270	1.5870	1.5083	0.2567	1.5251	1.5094	1.4942	1.5483	0.2668	1.3766	0.2754	1.5511	0.2769	1.5253	1.5406	1.6305	1.3579	1.4876	1.5531	1.5136	1.4825	1.4554
19:39:16	30.1	0.2719	1.6688	1.5271	1.5913	1.4737	1.4926	1.4928	1.4833	1.5563	1.5050	0.2763	0.3706	1.5418	1.5374	1.5701	1.3175	1.4952	0.2592	1.6330	1.4746	1.4685	0.2604	0.2562	1.3683	1.6218	1.5734	1.5289	1.5304	1.6069	0.3042	1.6299	1.5027	1.5701	1.4653	0.2750	1.4564	1.4847	1.3626	1.5251	1.5867	1.4846	0.2571	1.4916	0.6571	1.4210	1.5713	0.2639	1.5878	1.3827	1.5111	1.6133	1.6446	1.5176	0.2681	1.5919	1.4823	1.5310	1.4649	0.2564	1.4557	1.5585	1.6017	1.5082	1.5394	0.2637	0.2719	1.5288	1.4775	1.4062	1.4863	0.2610	1.4743	1.5428	1.5836	1.5286	1.5851	1.5120	0.2571	1.5245	1.5143	1.4970	1.5513	0.2666	1.3727	0.2753	1.5546	0.2769	1.5256	1.5423	1.6323	1.3609	1.4931	1.5566	1.5145	1.4852	1.4593
19:49:16	30.1	0.2717	1.6613	1.5290	1.5897	1.4759	1.4958	1.4938	1.4814	1.5595	1.4990	0.2770	0.3706	1.5410	1.5395	1.5685	1.3186	1.4968	0.2593	1.6339	1.4753	1.4643	0.2606	0.2563	1.3704	1.6212	1.5719	1.5316	1.5316	1.6076	0.3142	1.6313	1.4981	1.5719	1.4650	0.2752	1.4544	1.4857	1.3621	1.5258	1.5897	1.4850	0.2571	1.4958	0.6767	1.4252	1.5699	0.2640	1.5872	1.3805	1.5140	1.6113	1.6450	1.5206	0.2684	1.5915	1.4854	1.5295	1.4685	0.2566	1.4593	1.5556	1.6077	1.5124	1.5448	0.2638	0.2720	1.5337	1.4788	1.4085	1.4900	0.2612	1.4795	1.5448	1.5841	1.5315	1.5904	1.5172	0.2569	1.5221	1.5181	1.5035	1.5525	0.2667	1.3727	0.2755	1.5581	0.2771	1.5287	1.5427	1.6348	1.3612	1.4953	1.5606	1.5214	1.4900	1.4621
19:59:16	30.2	0.2717	1.6667	1.5290	1.5902	1.4775	1.4994	1.4991	1.4872	1.5613	1.5087	0.2781	0.3707	1.5463	1.5396	1.5677	1.3189	1.4995	0.2590	1.6362	1.4768	1.4615	0.2604	0.2561	1.3689	1.6256	1.5720	1.5331	1.5314	1.6096	0.3045	1.6325	1.4994	1.5758	1.4620	0.2749	1.4489	1.4852	1.3629	1.5274	1.5878	1.4857	0.2573	1.4970	0.6872	1.4289	1.5703	0.2639	1.5907	1.3839	1.5144	1.6163	1.6451	1.5237	0.2682	1.5942	1.4859	1.5326	1.4696	0.2564	1.4605	1.5517	1.6058	1.5154	1.5449	0.2636	0.2721	1.5332	1.4808	1.4080	1.4922	0.2611	1.4784	1.5468	1.5900	1.5341	1.5897	1.5186	0.2569	1.5223	1.5203	1.5012	1.5570	0.2666	1.3733	0.2753	1.5602	0.2768	1.5314	1.5429	1.6361	1.3623	1.4980	1.5614	1.5208	1.4913	1.4619
20:09:16	30.2	0.2718	1.6634	1.5360	1.5886	1.4791	1.5016	1.5004	1.4878	1.5637	1.5048	0.2762	0.3709	1.5457	1.5426	1.5650	1.3202	1.4997	0.2593	1.6358	1.4772	1.4574	0.2605	0.2561	1.3724	1.6264	1.5709	1.5365	1.5370	1.6114	0.3113	1.6352	1.4951	1.5754	1.4549	0.2750	1.4407	1.4862	1.3636	1.5326	1.5923	1.4861	0.2572	1.4982	0.7295	1.4289	1.5684	0.2639	1.5912	1.3817	1.5174	1.6146	1.6465	1.5263	0.2683	1.5939	1.4877	1.5317	1.4728	0.2565	1.4652	1.5475	1.6104	1.5178	1.5497	0.2638	0.2721	1.5368	1.4818	1.4096	1.4946	0.2610	1.4827	1.5491	1.5876	1.5369	1.5917	1.5210	0.2570	1.5194	1.5220	1.5063	1.5564	0.2666	1.3709	0.2754	1.5639	0.2768	1.5323	1.5422	1.6388	1.3631	1.4985	1.5628	1.5260	1.4939	1.4651
20:19:16	30.1	0.2718	1.6645	1.5345	1.5892	1.4816	1.5049	1.5045	1.4901	1.5693	1.5114	0.2770	0.3710	1.5504	1.5421	1.5649	1.3190	1.5032	0.2592	1.6386	1.4753	1.4531	0.2606	0.2563	1.3729	1.6265	1.5710	1.5401	1.5387	1.6115	0.3032	1.6383	1.4926	1.5802	1.4495	0.2749	1.4358	1.4880	1.3638	1.5371	1.5928	1.4903	0.2569	1.5023	0.7461	1.4328	1.5694	0.2640	1.5943	1.3825	1.5198	1.6146	1.6469	1.5290	0.2683	1.5966	1.4924	1.5342	1.4775	0.2565	1.4683	1.5440	1.6113	1.5213	1.5500	0.2637	0.2722	1.5400	1.4845	1.4101	1.4991	0.2611	1.4854	1.5514	1.5875	1.5387	1.5922	1.5255	0.2569	1.5195	1.5264	1.5082	1.5603	0.2668	1.3719	0.2753	1.5669	0.2768	1.5377	1.5444	1.6398	1.3692	1.5017	1.5666	1.5268	1.4959	1.4676
20:29:16	30.1	0.2720	1.6709	1.5387	1.5870	1.4827	1.5072	1.5067	1.4945	1.5702	1.5069	0.2762	0.3713	1.5500	1.5443	1.5607	1.3208	1.5053	0.2593	1.6395	1.4765	1.4527	0.2607	0.2563	1.3734	1.6294	1.5705	1.5421	1.5413	1.6144	0.3061	1.6380	1.4917	1.5818	1.4470	0.2750	1.4338	1.4889	1.3647	1.5393	1.5915	1.4898	0.2572	1.5024	0.7557	1.4320	1.5674	0.2641	1.5945	1.3831	1.5210	1.6189	1.6484	1.5313	0.2683	1.5991	1.4939	1.5363	1.4783	0.2565	1.4716	1.5412	1.6151	1.5234	1.5533	0.2639	0.2721	1.5421	1.4834	1.4111	1.5012	0.2612	1.4855	1.5532	1.5923	1.5413	1.5920	1.5271	0.2571	1.5168	1.5293	1.5148	1.5620	0.2667	1.3698	0.2755	1.5702	0.2770	1.5389	1.5437	1.6419	1.3701	1.5040	1.5665	1.5303	1.4983	1.4721
20:39:16	30.2	0.2717	1.6652	1.5410	1.5857	1.4854	1.5099	1.5099	1.4960	1.5726	1.5074	0.2770	0.3715	1.5496	1.5451	1.5589	1.3206	1.5073	0.2593	1.6405	1.4735	1.4502	0.2605	0.2562	1.3738	1.6308	1.5690	1.5451	1.5439	1.6139	0.3121	1.6439	1.4909	1.5809	1.4461	0.2751	1.4324	1.4890	1.3659	1.5423	1.5959	1.4902	0.2572	1.5029	0.7796	1.4340	1.5678	0.2640	1.5970	1.3841	1.5227	1.6157	1.6472	1.5346	0.2683	1.5995	1.4981	1.5357	1.4826	0.2566	1.4734	1.5363	1.6160	1.5269	1.5569	0.2637	0.2721	1.5457	1.4858	1.4125	1.5033	0.2611	1.4883	1.5558	1.5951	1.5445	1.5952	1.5296	0.2570	1.5171	1.5311	1.5147	1.5635	0.2666	1.3681	0.2754	1.5728	0.2768	1.5422	1.5438	1.6443	1.3712	1.5055	1.5705	1.5322	1.5018	1.4721
20:49:16	30.1	0.2716	1.6643	1.5414	1.5843	1.4868	1.5131	1.5109	1.4965	1.5739	1.5054	0.2774	0.3716	1.5527	1.5464	1.5576	1.3217	1.5063	0.2590	1.6421	1.4730	1.4506	0.2604	0.2560	1.3732	1.6308	1.5681	1.5494	1.5483	1.6156	0.3059	1.6426	1.4924	1.5872	1.4427	0.2748	1.4328	1.4900	1.3655	1.5435	1.5963	1.4917	0.2571	1.5011	0.8003	1.4343	1.5679	0.2638	1.5982	1.3841	1.5241	1.6154	1.6488	1.5377	0.2683	1.6016	1.4988	1.5378	1.4853	0.2564	1.4779	1.5319	1.6153	1.5277	1.5555	0.2635	0.2719	1.5482	1.4866	1.4127	1.5055	0.2609	1.4917	1.5578	1.5940	1.5451	1.5958	1.5326	0.2568	1.5152	1.5332	1.5178	1.5676	0.2666	1.3641	0.2752	1.5751	0.2767	1.5471	1.5434	1.6453	1.3711	1.5098	1.5724	1.5333	1.5040	1.4750
20:59:16	30.1	0.2718	1.6658	1.5456	1.5833	1.4881	1.5147	1.5125	1.4994	1.5751	1.5068	0.2763	0.3722	1.5540	1.5473	1.5551	1.3217	1.5083	0.2593	1.6423	1.4763	1.4507	0.2606	0.2562	1.3753	1.6308	1.5675	1.5490	1.5511	1.6165	0.3077	1.6447	1.4930	1.5917	1.4449	0.2750	1.4343	1.4911	1.3662	1.5463	1.5987	1.4900	0.2571	1.5004	0.8135	1.4368	1.5661	0.2638	1.6003	1.3848	1.5264	1.6191	1.6495	1.5404	0.2682	1.6022	1.5034	1.5370	1.4857	0.2565	1.4802	1.5262	1.6190	1.5306	1.5612	0.2637	0.2720	1.5488	1.4873	1.4144	1.5071	0.2611	1.4929	1.5592	1.5960	1.5492	1.5982	1.5341	0.2570	1.5140	1.5361	1.5216	1.5682	0.2668	1.3600	0.2755	1.5784	0.2769	1.5498	1.5431	1.6471	1.3735	1.5121	1.5748	1.5360	1.5069	1.4786
21:09:16	30.1	0.2717	1.6658	1.5461	1.5818	1.4900	1.5181	1.5164	1.5030	1.5774	1.5044	0.2771	0.3722	1.5519	1.5486	1.5516	1.3232	1.5080	0.2592	1.6431	1.4740	1.4482	0.2605	0.2562	1.3741	1.6342	1.5669	1.5512	1.5540	1.6172	0.3095	1.6463	1.4927	1.5893	1.4463	0.2752	1.4326	1.4916	1.3672	1.5478	1.5998	1.4915	0.2572	1.5007	0.8245	1.4353	1.5659	0.2639	1.6020	1.3861	1.5274	1.6178	1.6514	1.5417	0.2681	1.6037	1.5019	1.5385	1.4910	0.2564	1.4832	1.5211	1.6203	1.5336	1.5617	0.2637	0.2720	1.5533	1.4894	1.4141	1.5114	0.2611	1.4962	1.5626	1.5977	1.5501	1.5988	1.5373	0.2570	1.5123	1.5382	1.5221	1.5709	0.2666	1.3568	0.2754	1.5812	0.2768	1.5510	1.5423	1.6476	1.3731	1.5130	1.5769	1.5377	1.5094	1.4797
21:19:16	30.1	0.2718	1.6709	1.5477	1.5813	1.4917	1.5218	1.5187	1.5034	1.5780	1.5048	0.2762	0.3726	1.5553	1.5490	1.5512	1.3236	1.5137	0.2593	1.6446	1.4756	1.4510	0.2604	0.2561	1.3759	1.6348	1.5654	1.5524	1.5529	1.6198	0.3029	1.6474	1.4907	1.5933	1.4467	0.2750	1.4317	1.4947	1.3679	1.5463	1.6015	1.4957	0.2571	1.4998	0.8417	1.4368	1.5644	0.2639	1.6033	1.3850	1.5295	1.6230	1.6507	1.5429	0.2684	1.6075	1.5057	1.5401	1.4963	0.2565	1.4856	1.5194	1.6215	1.5369	1.5658	0.2638	0.2720	1.5551	1.4904	1.4156	1.5133	0.2610	1.4972	1.5655	1.5995	1.5543	1.6007	1.5394	0.2570	1.5089	1.5406	1.5246	1.5745	0.2668	1.3555	0.2754	1.5840	0.2770	1.5533	1.5430	1.6506	1.3757	1.5139	1.5800	1.5400	1.5119	1.4830
21:29:16	30.2	0.2718	1.6729	1.5511	1.5784	1.4932	1.5231	1.5208	1.5074	1.5787	1.5049	0.2761	0.3706	1.5549	1.5498	1.5466	1.3238	1.5125	0.2592	1.6420	1.4763	1.4503	0.2606	0.2562	1.3746	1.6363	1.5636	1.5523	1.5557	1.6221	0.3072	1.6457	1.4931	1.5932	1.4460	0.2749	1.4297	1.4938	1.3690	1.5511	1.6023	1.4989	0.2571	1.5013	0.8514	1.4404	1.5629	0.2638	1.6046	1.3841	1.5311	1.6251	1.6524	1.5460	0.2682	1.6077	1.5045	1.5396	1.4993	0.2564	1.4877	1.5140	1.6209	1.5394	1.5668	0.2636	0.2721	1.5583	1.4870	1.4162	1.5145	0.2612	1.4978	1.5656	1.6024	1.5552	1.6021	1.5426	0.2569	1.5057	1.5424	1.5277	1.5754	0.2666	1.3517	0.2753	1.5868	0.2768	1.5559	1.5417	1.6508	1.3762	1.5166	1.5801	1.5429	1.5137	1.4823
21:39:16	30.2	0.2718	1.6668	1.5527	1.5775	1.4960	1.5255	1.5242	1.5074	1.5814	1.5030	0.2769	0.3706	1.5546	1.5513	1.5444	1.3245	1.5159	0.2591	1.6443	1.4790	1.4514	0.2605	0.2561	1.3768	1.6353	1.5627	1.5543	1.5563	1.6200	0.3076	1.6504	1.4935	1.5997	1.4474	0.2749	1.4293	1.4946	1.3694	1.5511	1.6044	1.4996	0.2570	1.4996	0.8655	1.4410	1.5625	0.2639	1.6066	1.3863	1.5336	1.6227	1.6525	1.5478	0.2683	1.6090	1.5071	1.5416	1.5022	0.2565	1.4906	1.5093	1.6228	1.5415	1.5676	0.2637	0.2719	1.5573	1.4896	1.4178	1.5170	0.2611	1.5008	1.5697	1.6031	1.5575	1.6024	1.5447	0.2569	1.5070	1.5444	1.5280	1.5765	0.2666	1.3474	0.2754	1.5894	0.2768	1.5564	1.5417	1.6544	1.3770	1.5184	1.5826	1.5459	1.5183	1.4840
21:49:16	30.1	0.2720	1.6674	1.5527	1.5755	1.4973	1.5283	1.5258	1.5087	1.5814	1.5094	0.2763	0.3702	1.5585	1.5521	1.5411	1.3255	1.5209	0.2592	1.6448	1.4785	1.4533	0.2606	0.2563	1.3780	1.6372	1.5613	1.5542	1.5574	1.6220	0.3069	1.6503	1.4948	1.6014	1.4489	0.2751	1.4313	1.4966	1.3704	1.5520	1.6052	1.5010	0.2571	1.5012	0.8795	1.4415	1.5618	0.2640	1.6089	1.3861	1.5366	1.6266	1.6514	1.5500	0.2684	1.6103	1.5099	1.5426	1.5060	0.2565	1.4938	1.5072	1.6213	1.5448	1.5712	0.2638	0.2722	1.5618	1.4896	1.4171	1.5207	0.2613	1.5037	1.5704	1.5995	1.5613	1.6039	1.5466	0.2570	1.5029	1.5463	1.5321	1.5813	0.2668	1.3451	0.2754	1.5904	0.2770	1.5580	1.5412	1.6544	1.3777	1.5201	1.5854	1.5477	1.5201	1.4849
21:59:16	30.2	0.2716	1.6708	1.5549	1.5735	1.4987	1.5297	1.5275	1.5123	1.5840	1.5088	0.2770	0.3699	1.5584	1.5539	1.5376	1.3260	1.5216	0.2593	1.6456	1.4774	1.4560	0.2605	0.2561	1.3753	1.6383	1.5607	1.5558	1.5588	1.6252	0.3060	1.6516	1.4939	1.6031	1.4497	0.2749	1.4310	1.4968	1.3701	1.5540	1.6042	1.5044	0.2569	1.5012	0.9127	1.4437	1.5595	0.2640	1.6096	1.3864	1.5368	1.6303	1.6538	1.5515	0.2683	1.6128	1.5134	1.5428	1.5068	0.2564	1.4947	1.5022	1.6215	1.5470	1.5723	0.2636	0.2720	1.5632	1.4895	1.4183	1.5221	0.2610	1.5048	1.5725	1.6011	1.5614	1.6020	1.5460	0.2569	1.5003	1.5494	1.5331	1.5817	0.2665	1.3398	0.2754	1.5943	0.2768	1.5606	1.5398	1.6557	1.3773	1.5198	1.5869	1.5484	1.5222	1.4857
22:09:16	30.2	0.2719	1.6693	1.5560	1.5717	1.5007	1.5333	1.5314	1.5117	1.5857	1.5055	0.2776	0.3700	1.5585	1.5545	1.5346	1.3269	1.5230	0.2591	1.6463	1.4758	1.4543	0.2606	0.2562	1.3743	1.6388	1.5595	1.5558	1.5605	1.6239	0.3060	1.6539	1.4934	1.6007	1.4477	0.2751	1.4284	1.4956	1.3714	1.5555	1.6065	1.5047	0.2571	1.5029	0.9428	1.4446	1.5583	0.2641	1.6106	1.3862	1.5387	1.6292	1.6531	1.5525	0.2682	1.6125	1.5181	1.5434	1.5073	0.2566	1.4976	1.4992	1.6266	1.5490	1.5749	0.2638	0.2720	1.5657	1.4907	1.4187	1.5257	0.2611	1.5079	1.5752	1.6042	1.5632	1.6065	1.5500	0.2569	1.4993	1.5504	1.5343	1.5826	0.2668	1.3359	0.2754	1.5968	0.2770	1.5617	1.5396	1.6586	1.3783	1.5206	1.5891	1.5526	1.5239	1.4887
22:19:16	30.2	0.2718	1.6685	1.5593	1.5688	1.5026	1.5357	1.5316	1.5132	1.5862	1.5088	0.2760	0.3700	1.5601	1.5568	1.5304	1.3264	1.5239	0.2591	1.6462	1.4737	1.4533	0.2603	0.2561	1.3752	1.6394	1.5582	1.5579	1.5616	1.6244	0.3054	1.6551	1.4942	1.6054	1.4480	0.2749	1.4281	1.4980	1.3723	1.5581	1.6068	1.5052	0.2572	1.5039	0.9570	1.4456	1.5564	0.2639	1.6112	1.3860	1.5411	1.6285	1.6548	1.5546	0.2681	1.6115	1.5200	1.5431	1.5117	0.2562	1.5007	1.4963	1.6292	1.5514	1.5764	0.2637	0.2720	1.5672	1.4911	1.4170	1.5268	0.2610	1.5087	1.5769	1.6068	1.5648	1.6063	1.5532	0.2568	1.4977	1.5526	1.5363	1.5840	0.2666	1.3328	0.2753	1.6003	0.2768	1.5650	1.5380	1.6599	1.3784	1.5220	1.5902	1.5556	1.5271	1.4892
22:29:16	30.2	0.2717	1.6697	1.5598	1.5672	1.5047	1.5373	1.5343	1.5147	1.5873	1.5062	0.2772	0.3700	1.5601	1.5566	1.5292	1.3278	1.5306	0.2592	1.6476	1.4745	1.4531	0.2605	0.2562	1.3759	1.6398	1.5570	1.5582	1.5628	1.6253	0.3096	1.6558	1.4951	1.6114	1.4479	0.2750	1.4261	1.5003	1.3730	1.5566	1.6089	1.5044	0.2570	1.5061	0.9665	1.4487	1.5561	0.2639	1.6135	1.3879	1.5422	1.6327	1.6546	1.5580	0.2683	1.6151	1.5220	1.5443	1.5126	0.2564	1.5030	1.4951	1.6304	1.5541	1.5787	0.2638	0.2720	1.5701	1.4915	1.4181	1.5299	0.2612	1.5109	1.5814	1.6082	1.5692	1.6093	1.5539	0.2568	1.4948	1.5549	1.5379	1.5879	0.2667	1.3343	0.2753	1.6007	0.2767	1.5663	1.5384	1.6612	1.3794	1.5252	1.5935	1.5581	1.5299	1.4931
22:39:16	30.2	0.2719	1.6714	1.5612	1.5655	1.5059	1.5398	1.5380	1.5183	1.5906	1.5040	0.2767	0.3700	1.5609	1.5581	1.5240	1.3280	1.5301	0.2594	1.6470	1.4793	1.4534	0.2606	0.2562	1.3739	1.6407	1.5558	1.5591	1.5644	1.6271	0.2986	1.6566	1.4973	1.6128	1.4513	0.2752	1.4273	1.4983	1.3738	1.5598	1.6083	1.5047	0.2571	1.5072	0.9877	1.4523	1.5551	0.2640	1.6138	1.3882	1.5442	1.6315	1.6550	1.5569	0.2682	1.6141	1.5250	1.5450	1.5164	0.2564	1.5055	1.4915	1.6316	1.5546	1.5792	0.2637	0.2721	1.5720	1.4919	1.4182	1.5322	0.2611	1.5133	1.5786	1.6105	1.5691	1.6086	1.5550	0.2569	1.4941	1.5579	1.5383	1.5881	0.2668	1.3266	0.2754	1.6032	0.2770	1.5665	1.5379	1.6618	1.3800	1.5253	1.5949	1.5614	1.5314	1.4944
22:49:16	30.2	0.2719	1.6701	1.5623	1.5621	1.5079	1.5411	1.5388	1.5184	1.5916	1.5053	0.2767	0.3704	1.5595	1.5595	1.5201	1.3280	1.5310	0.2593	1.6496	1.4774	1.4549	0.2606	0.2562	1.3720	1.6433	1.5541	1.5592	1.5664	1.6277	0.3036	1.6589	1.4989	1.6155	1.4510	0.2751	1.4254	1.5005	1.3752	1.5618	1.6110	1.5040	0.2571	1.5077	1.0112	1.4522	1.5522	0.2639	1.6152	1.3891	1.5457	1.6329	1.6560	1.5594	0.2682	1.6169	1.5265	1.5434	1.5186	0.2565	1.5069	1.4870	1.6323	1.5556	1.5822	0.2638	0.2721	1.5756	1.4907	1.4195	1.5334	0.2613	1.5144	1.5832	1.6103	1.5718	1.6103	1.5583	0.2568	1.4888	1.5601	1.5401	1.5900	0.2670	1.3182	0.2754	1.6046	0.2769	1.5690	1.5343	1.6630	1.3807	1.5275	1.5951	1.5636	1.5338	1.4947
22:59:16	30.2	0.2716	1.6721	1.5657	1.5597	1.5094	1.5445	1.5400	1.5214	1.5915	1.5123	0.2770	0.3703	1.5585	1.5591	1.5177	1.3291	1.5327	0.2593	1.6509	1.4768	1.4532	0.2607	0.2561	1.3743	1.6442	1.5527	1.5611	1.5675	1.6296	0.3015	1.6582	1.4961	1.6113	1.4462	0.2750	1.4223	1.5019	1.3762	1.5623	1.6111	1.5086	0.2571	1.5047	1.0288	1.4577	1.5509	0.2640	1.6174	1.3891	1.5485	1.6358	1.6581	1.5628	0.2681	1.6194	1.5285	1.5446	1.5191	0.2565	1.5088	1.4832	1.6335	1.5595	1.5849	0.2637	0.2721	1.5774	1.4911	1.4203	1.5365	0.2611	1.5160	1.5857	1.6124	1.5745	1.6114	1.5625	0.2569	1.4884	1.5625	1.5454	1.5923	0.2667	1.3064	0.2755	1.6072	0.2768	1.5716	1.5346	1.6649	1.3813	1.5305	1.5987	1.5655	1.5382	1.4967
23:09:16	30.2	0.2718	1.6701	1.5676	1.5596	1.5108	1.5452	1.5429	1.5233	1.5958	1.5092	0.2765	0.3705	1.5617	1.5605	1.5152	1.3307	1.5327	0.2592	1.6498	1.4829	1.4551	0.2607	0.2560	1.3730	1.6443	1.5524	1.5643	1.5674	1.6295	0.3000	1.6588	1.4981	1.6142	1.4484	0.2750	1.4256	1.5026	1.3777	1.5617	1.6135	1.5126	0.2572	1.5124	1.0389	1.4609	1.5522	0.2639	1.6199	1.3905	1.5507	1.6353	1.6582	1.5633	0.2682	1.6195	1.5293	1.5479	1.5211	0.2564	1.5105	1.4817	1.6343	1.5594	1.5843	0.2638	0.2720	1.5772	1.4925	1.4208	1.5360	0.2612	1.5161	1.5885	1.6136	1.5768	1.6124	1.5621	0.2568	1.4917	1.5620	1.5459	1.5953	0.2667	1.2818	0.2754	1.6083	0.2768	1.5707	1.5357	1.6656	1.3815	1.5314	1.5995	1.5654	1.5388	1.4982

