

Software Version	3.14.03



Experiment File Path:	C:\Users\Public\Documents\Experiments\Hermina\serial_passage\2July24\day1--2July24.xpt
Protocol File Path:	C:\Users\Public\Documents\Protocols\rough_growth_curve.prt



Plate Number	Plate 1
Date	02/07/2024
Time	11:12:40
Reader Type:	Epoch 2
Reader Serial Number:	23053024
Reading Type	Reader

Procedure Details

Plate Type	96 WELL PLATE (Use plate lid)
Well Selection	Runtime
Eject plate on completion	
Set Temperature	Setpoint 30°C, Gradient 1 °C
	Preheat before moving to next step
Read	OD 600
	Absorbance Endpoint
	Full Plate
	Wavelengths:  600
	Read Speed: Normal,  Delay: 100 msec,  Measurements/Data Point: 8
Start Kinetic	Runtime 18:00:00 (HH:MM:SS), Interval 0:10:00, 109 Reads
    Shake	Double Orbital: Continuous
	Frequency: 205 cpm (5 mm)
    Read	Absorbance Endpoint
	Full Plate
	Wavelengths:  600
	Read Speed: Normal,  Delay: 100 msec,  Measurements/Data Point: 8
End Kinetic	
Set Temperature	Setpoint 40°C, Gradient 1 °C
Start Kinetic	Runtime 4:00:00 (HH:MM:SS), Interval 0:10:00, 25 Reads
    Shake	Double Orbital: Continuous
	Frequency: 205 cpm (5 mm)
    Read	Absorbance Endpoint
	Full Plate
	Wavelengths:  600
	Read Speed: Normal,  Delay: 100 msec,  Measurements/Data Point: 8
End Kinetic	

OD 600:600

0:09:16	30.0	0.1632	0.2462	0.2531	0.3642	0.2908	0.2854	0.2866	0.2698	0.2631	0.3954	0.3028	0.2168	0.1489	0.2595	0.3106	0.2586	0.2821	0.2571	0.3289	0.2779	0.2811	0.2462	0.2442	0.2406	0.2337	0.3521	0.2870	0.2570	0.2819	0.2374	0.2508	0.2650	0.2613	0.2537	0.2419	0.1761	0.1789	0.2051	0.2390	0.3079	0.2649	0.2259	0.3002	0.2333	0.2733	0.2658	0.2442	0.1896	0.1574	0.1966	0.2692	0.2365	0.2487	0.2251	0.2443	0.2388	0.3198	0.2656	0.2389	0.1787	0.2650	0.2413	0.2537	0.3055	0.2328	0.2170	0.2575	0.2604	0.2381	0.2558	0.2344	0.1757	0.3353	0.1868	0.2357	0.2624	0.2680	0.2278	0.3360	0.2567	0.2247	0.1803	0.1890	0.1923	0.1432	0.2490	0.2091	0.2566	0.3558	0.2237	0.2273	0.2666	0.2200	0.2212	0.2458	0.2449
0:19:16	30.1	0.1660	0.2548	0.2554	0.3708	0.2938	0.2885	0.2904	0.2729	0.2697	0.3997	0.3093	0.2200	0.1513	0.2677	0.3098	0.2582	0.2825	0.2594	0.3317	0.2801	0.2867	0.2496	0.2476	0.2419	0.2326	0.3542	0.2882	0.2592	0.2867	0.2393	0.2555	0.2665	0.2651	0.2585	0.2453	0.1774	0.1818	0.2084	0.2422	0.3029	0.2690	0.2300	0.2997	0.2367	0.2776	0.2693	0.2476	0.1915	0.1606	0.2008	0.2677	0.2406	0.2531	0.2278	0.2488	0.2412	0.3181	0.2697	0.2417	0.1820	0.2680	0.2452	0.2592	0.3067	0.2357	0.2205	0.2618	0.2592	0.2416	0.2590	0.2377	0.1818	0.3268	0.1905	0.2422	0.2668	0.2709	0.2310	0.3384	0.2591	0.2277	0.1827	0.1921	0.1956	0.1461	0.2488	0.2140	0.2609	0.3764	0.2290	0.2313	0.2702	0.2241	0.2242	0.2490	0.2483
0:29:16	30.1	0.1675	0.2589	0.2577	0.3623	0.2939	0.2914	0.2929	0.2772	0.2751	0.4024	0.3142	0.2211	0.1536	0.2738	0.3092	0.2578	0.2837	0.2609	0.3311	0.2835	0.2925	0.2513	0.2495	0.2440	0.2311	0.3507	0.2871	0.2620	0.2906	0.2401	0.2594	0.2689	0.2698	0.2614	0.2471	0.1798	0.1845	0.2104	0.2435	0.3012	0.2727	0.2322	0.3005	0.2386	0.2812	0.2723	0.2491	0.1934	0.1625	0.2049	0.2676	0.2445	0.2547	0.2292	0.2526	0.2425	0.3204	0.2715	0.2428	0.1840	0.2716	0.2447	0.2632	0.3069	0.2372	0.2223	0.2643	0.2625	0.2431	0.2618	0.2391	0.1843	0.3136	0.1931	0.2467	0.2693	0.2743	0.2324	0.3398	0.2607	0.2303	0.1845	0.1939	0.2004	0.1478	0.2508	0.2176	0.2672	0.4174	0.2314	0.2338	0.2725	0.2274	0.2274	0.2515	0.2499
0:39:16	30.1	0.1684	0.2638	0.2623	0.3622	0.2962	0.2942	0.2971	0.2815	0.2806	0.4048	0.3181	0.2221	0.1556	0.2783	0.3127	0.2574	0.2847	0.2622	0.3330	0.2871	0.2935	0.2522	0.2507	0.2455	0.2339	0.3510	0.2892	0.2652	0.2984	0.2405	0.2625	0.2701	0.2757	0.2655	0.2483	0.1816	0.1879	0.2117	0.2472	0.3074	0.2748	0.2337	0.3016	0.2397	0.2820	0.2744	0.2502	0.1944	0.1637	0.2114	0.2688	0.2473	0.2559	0.2300	0.2555	0.2478	0.3227	0.2748	0.2432	0.1863	0.2731	0.2466	0.2670	0.3088	0.2382	0.2233	0.2670	0.2639	0.2441	0.2639	0.2402	0.1848	0.3069	0.1953	0.2496	0.2720	0.2771	0.2335	0.3373	0.2623	0.2350	0.1868	0.1948	0.2023	0.1486	0.2532	0.2253	0.2732	0.4378	0.2328	0.2354	0.2744	0.2309	0.2286	0.2538	0.2515
0:49:16	30.2	0.1688	0.2681	0.2659	0.3647	0.2976	0.2972	0.3005	0.2813	0.2872	0.4081	0.3216	0.2228	0.1571	0.2841	0.3138	0.2577	0.2874	0.2631	0.3300	0.2891	0.2961	0.2528	0.2515	0.2472	0.2362	0.3540	0.2936	0.2686	0.2987	0.2410	0.2608	0.2719	0.2754	0.2671	0.2489	0.1837	0.1923	0.2127	0.2499	0.3078	0.2769	0.2346	0.3032	0.2405	0.2868	0.2763	0.2508	0.1958	0.1646	0.2158	0.2696	0.2471	0.2576	0.2307	0.2614	0.2493	0.3228	0.2769	0.2439	0.1880	0.2750	0.2480	0.2701	0.3108	0.2389	0.2241	0.2712	0.2691	0.2450	0.2661	0.2410	0.1889	0.3057	0.1975	0.2514	0.2747	0.2800	0.2341	0.3393	0.2631	0.2370	0.1883	0.1956	0.2038	0.1494	0.2587	0.2419	0.2801	0.4518	0.2367	0.2367	0.2763	0.2319	0.2321	0.2567	0.2527
0:59:16	30.1	0.1695	0.2714	0.2680	0.3755	0.2990	0.3008	0.3033	0.2877	0.2925	0.4106	0.3234	0.2230	0.1654	0.2891	0.3115	0.2583	0.2895	0.2639	0.3363	0.2915	0.2979	0.2534	0.2523	0.2491	0.2389	0.3701	0.2933	0.2722	0.3006	0.2412	0.2708	0.2733	0.2794	0.2709	0.2495	0.1862	0.1960	0.2137	0.2516	0.3079	0.2774	0.2355	0.3062	0.2412	0.2921	0.2770	0.2512	0.1971	0.1655	0.2201	0.2704	0.2517	0.2594	0.2310	0.2677	0.2527	0.3220	0.2802	0.2440	0.1903	0.2850	0.2462	0.2707	0.3133	0.2394	0.2247	0.2754	0.2678	0.2456	0.2689	0.2414	0.1909	0.3047	0.1995	0.2524	0.2769	0.2825	0.2347	0.3401	0.2653	0.2419	0.1912	0.1964	0.2048	0.1498	0.2667	0.2550	0.2873	0.4559	0.2401	0.2374	0.2783	0.2314	0.2322	0.2583	0.2537
1:09:16	30.2	0.1698	0.2740	0.2711	0.3920	0.3005	0.3033	0.3078	0.2925	0.3053	0.4135	0.3255	0.2235	0.1621	0.3036	0.3091	0.2589	0.2897	0.2646	0.3347	0.2931	0.2987	0.2538	0.2529	0.2512	0.2397	0.3930	0.2953	0.2757	0.3022	0.2415	0.2773	0.2750	0.2871	0.2735	0.2501	0.1884	0.1994	0.2146	0.2551	0.3075	0.2782	0.2361	0.3084	0.2419	0.2981	0.2818	0.2517	0.2015	0.1662	0.2232	0.2737	0.2636	0.2612	0.2313	0.2740	0.2557	0.3235	0.2812	0.2442	0.1929	0.3056	0.2461	0.2712	0.3189	0.2397	0.2252	0.2809	0.2707	0.2462	0.2706	0.2419	0.1951	0.3039	0.2016	0.2535	0.2788	0.2851	0.2350	0.3580	0.2665	0.2451	0.1921	0.1966	0.2056	0.1502	0.2802	0.2621	0.2960	0.4630	0.2382	0.2381	0.2803	0.2337	0.2346	0.2594	0.2546
1:19:16	30.2	0.1699	0.2770	0.2737	0.4096	0.3010	0.3059	0.3111	0.2951	0.3096	0.4158	0.3257	0.2236	0.1686	0.3252	0.3086	0.2592	0.2914	0.2651	0.3359	0.2940	0.3004	0.2539	0.2529	0.2529	0.2440	0.4249	0.3003	0.2793	0.3037	0.2415	0.2820	0.2761	0.2893	0.2752	0.2503	0.1899	0.2023	0.2157	0.2569	0.3087	0.2779	0.2364	0.3127	0.2421	0.3072	0.2841	0.2520	0.2079	0.1667	0.2264	0.2780	0.2684	0.2625	0.2314	0.2774	0.2577	0.3221	0.2842	0.2444	0.1961	0.3265	0.2507	0.2705	0.3298	0.2399	0.2254	0.2888	0.2729	0.2465	0.2742	0.2419	0.1968	0.3064	0.2040	0.2566	0.2877	0.2868	0.2353	0.3894	0.2686	0.2472	0.1984	0.1969	0.2066	0.1503	0.2928	0.2672	0.3029	0.4477	0.2446	0.2386	0.2814	0.2347	0.2353	0.2605	0.2552
1:29:16	30.2	0.1701	0.2815	0.2738	0.4214	0.3042	0.3110	0.3150	0.2957	0.3100	0.4191	0.3264	0.2237	0.1741	0.3431	0.3098	0.2595	0.2955	0.2656	0.3381	0.2954	0.3055	0.2542	0.2533	0.2553	0.2517	0.4434	0.3036	0.2827	0.3058	0.2415	0.2874	0.2777	0.2930	0.2763	0.2505	0.1923	0.2053	0.2167	0.2577	0.3114	0.2793	0.2368	0.3174	0.2425	0.3190	0.2843	0.2519	0.2109	0.1673	0.2294	0.2791	0.2745	0.2653	0.2315	0.2810	0.2579	0.3238	0.2880	0.2444	0.1972	0.3430	0.2588	0.2696	0.3428	0.2400	0.2257	0.3079	0.2740	0.2471	0.2761	0.2422	0.2004	0.3127	0.2071	0.2586	0.2949	0.2889	0.2355	0.4117	0.2712	0.2511	0.1991	0.1971	0.2075	0.1503	0.3089	0.2722	0.3027	0.4434	0.2521	0.2396	0.2836	0.2362	0.2384	0.2638	0.2558
1:39:16	30.2	0.1704	0.2874	0.2797	0.4340	0.3074	0.3142	0.3214	0.3020	0.3256	0.4233	0.3279	0.2239	0.1824	0.3604	0.3130	0.2604	0.2957	0.2660	0.3408	0.2983	0.3074	0.2543	0.2536	0.2591	0.2585	0.4646	0.3073	0.2863	0.3089	0.2418	0.2942	0.2811	0.2962	0.2791	0.2507	0.1955	0.2087	0.2177	0.2609	0.3175	0.2808	0.2371	0.3217	0.2428	0.3461	0.2844	0.2521	0.2140	0.1680	0.2321	0.2825	0.2816	0.2683	0.2316	0.2867	0.2604	0.3249	0.2925	0.2444	0.2010	0.3559	0.2656	0.2726	0.3566	0.2402	0.2259	0.3418	0.2754	0.2476	0.2781	0.2424	0.2044	0.3582	0.2098	0.2622	0.3003	0.2908	0.2356	0.4319	0.2739	0.2557	0.2002	0.1975	0.2093	0.1508	0.3217	0.2743	0.3383	0.4423	0.2590	0.2405	0.2859	0.2371	0.2413	0.2646	0.2566
1:49:16	30.2	0.1704	0.2957	0.2800	0.4466	0.3126	0.3177	0.3252	0.3067	0.3355	0.4277	0.3284	0.2240	0.1880	0.3718	0.3174	0.2608	0.3003	0.2664	0.3450	0.3010	0.3104	0.2545	0.2540	0.2630	0.2671	0.4769	0.3140	0.2910	0.3123	0.2419	0.3021	0.2851	0.3013	0.2805	0.2509	0.1985	0.2152	0.2179	0.2662	0.3267	0.2836	0.2375	0.3258	0.2430	0.3762	0.2891	0.2524	0.2176	0.1685	0.2322	0.2858	0.2895	0.2726	0.2320	0.2946	0.2608	0.3259	0.2970	0.2447	0.2055	0.3672	0.2795	0.2728	0.3717	0.2405	0.2262	0.3541	0.2779	0.2481	0.2827	0.2426	0.2092	0.3488	0.2146	0.2663	0.3092	0.2981	0.2359	0.4459	0.2778	0.2596	0.2071	0.1980	0.2120	0.1509	0.3350	0.2769	0.3743	0.4439	0.2671	0.2413	0.2895	0.2398	0.2446	0.2649	0.2570
1:59:16	30.2	0.1705	0.3036	0.2876	0.4555	0.3169	0.3197	0.3310	0.3117	0.3429	0.4313	0.3292	0.2240	0.1897	0.3982	0.3218	0.2614	0.3041	0.2665	0.3493	0.3032	0.3123	0.2544	0.2541	0.2675	0.2745	0.4943	0.3237	0.2906	0.3175	0.2420	0.3097	0.2881	0.3072	0.2834	0.2509	0.2014	0.2192	0.2191	0.2672	0.3350	0.2858	0.2375	0.3311	0.2432	0.4187	0.2915	0.2524	0.2226	0.1692	0.2452	0.2916	0.2972	0.2755	0.2321	0.3025	0.2619	0.3283	0.2986	0.2443	0.2098	0.3759	0.2887	0.2768	0.3855	0.2405	0.2263	0.3902	0.2807	0.2487	0.2856	0.2427	0.2118	0.3590	0.2184	0.2702	0.3207	0.3033	0.2361	0.4572	0.2802	0.2619	0.2110	0.1978	0.2139	0.1509	0.3522	0.2780	0.3871	0.4448	0.2704	0.2423	0.2917	0.2425	0.2472	0.2694	0.2575
2:09:16	30.2	0.1704	0.3158	0.2901	0.4680	0.3259	0.3322	0.3359	0.3180	0.3560	0.4365	0.3293	0.2242	0.2002	0.4183	0.3276	0.2623	0.3104	0.2668	0.3556	0.3073	0.3177	0.2546	0.2544	0.2725	0.2839	0.5039	0.3320	0.3073	0.3232	0.2421	0.3144	0.2918	0.3190	0.2868	0.2511	0.2055	0.2255	0.2206	0.2726	0.3447	0.2905	0.2377	0.3406	0.2434	0.4117	0.2947	0.2526	0.2282	0.1700	0.2544	0.2978	0.3043	0.2808	0.2322	0.3144	0.2641	0.3317	0.3066	0.2444	0.2153	0.3837	0.3002	0.2776	0.4026	0.2405	0.2265	0.3964	0.2845	0.2495	0.2892	0.2427	0.2207	0.3701	0.2279	0.2768	0.3431	0.3144	0.2362	0.4680	0.2856	0.2672	0.2171	0.1981	0.2171	0.1512	0.3728	0.2802	0.3863	0.4475	0.2894	0.2433	0.2949	0.2463	0.2490	0.2716	0.2578
2:19:16	30.2	0.1705	0.3396	0.3061	0.4752	0.3491	0.3752	0.3536	0.3254	0.3668	0.4417	0.3299	0.2243	0.1919	0.4417	0.3340	0.2633	0.3176	0.2669	0.3628	0.3100	0.3247	0.2546	0.2544	0.2782	0.2934	0.5215	0.3843	0.3905	0.3299	0.2421	0.3181	0.2954	0.3638	0.2878	0.2510	0.2094	0.2598	0.2215	0.2871	0.3556	0.2948	0.2377	0.3848	0.2435	0.4470	0.2967	0.2524	0.2359	0.1707	0.2905	0.3044	0.3040	0.2911	0.2321	0.3524	0.2655	0.3355	0.3126	0.2442	0.2209	0.3922	0.3064	0.2879	0.4167	0.2406	0.2265	0.4139	0.2897	0.2500	0.2962	0.2429	0.2287	0.3851	0.2355	0.2852	0.3569	0.3327	0.2361	0.4794	0.2898	0.2744	0.2204	0.1981	0.2218	0.1511	0.3634	0.2807	0.4322	0.4447	0.3356	0.2440	0.2976	0.2507	0.2524	0.2690	0.2581
2:29:16	30.2	0.1707	0.4595	0.3797	0.4850	0.3945	0.4326	0.3584	0.3334	0.3724	0.4460	0.3307	0.2246	0.2087	0.4816	0.3401	0.2646	0.3334	0.2672	0.3715	0.3131	0.3537	0.2546	0.2546	0.2844	0.3017	0.5279	0.3958	0.4087	0.3364	0.2421	0.3209	0.2986	0.4089	0.2941	0.2511	0.2160	0.2914	0.2244	0.3207	0.3654	0.3055	0.2381	0.4040	0.2437	0.4618	0.3019	0.2525	0.2418	0.1720	0.3477	0.3115	0.3156	0.2974	0.2321	0.4011	0.2880	0.3415	0.3376	0.2444	0.2348	0.3991	0.3135	0.2907	0.4552	0.2407	0.2266	0.4365	0.2934	0.2510	0.3007	0.2431	0.2455	0.4143	0.2369	0.3006	0.4152	0.3606	0.2364	0.4876	0.3023	0.3048	0.2230	0.1984	0.2247	0.1513	0.3807	0.2817	0.4421	0.4466	0.3813	0.2457	0.3014	0.2561	0.2543	0.2740	0.2585
2:39:16	30.2	0.1709	0.4805	0.4096	0.4948	0.4207	0.4501	0.3813	0.3446	0.3838	0.4533	0.3311	0.2251	0.2248	0.5129	0.3487	0.2656	0.3473	0.2675	0.3837	0.3206	0.4199	0.2547	0.2547	0.2934	0.3113	0.5418	0.4152	0.4304	0.3456	0.2423	0.3274	0.3046	0.4575	0.3015	0.2513	0.2263	0.3103	0.2265	0.3416	0.3770	0.3273	0.2382	0.4184	0.2441	0.4817	0.3071	0.2525	0.2515	0.1732	0.3570	0.3206	0.3188	0.3112	0.2323	0.4501	0.3271	0.3482	0.3755	0.2443	0.2533	0.4087	0.3267	0.3181	0.4690	0.2408	0.2268	0.4419	0.2981	0.2520	0.3137	0.2431	0.2524	0.4440	0.2494	0.3111	0.4549	0.3696	0.2366	0.4984	0.3106	0.3413	0.2379	0.1984	0.2306	0.1513	0.3991	0.2819	0.4560	0.4501	0.4269	0.2476	0.3306	0.2648	0.2578	0.2884	0.2590
2:49:16	30.2	0.1708	0.5490	0.4194	0.5043	0.4352	0.4469	0.4567	0.3537	0.3911	0.4618	0.3315	0.2253	0.2426	0.5388	0.3572	0.2670	0.3935	0.2676	0.3946	0.3292	0.4405	0.2547	0.2548	0.3147	0.3215	0.5483	0.4389	0.4478	0.3537	0.2423	0.3428	0.3077	0.4712	0.3788	0.2513	0.2662	0.3302	0.2295	0.3641	0.3868	0.3516	0.2382	0.4552	0.2441	0.4734	0.3129	0.2527	0.2594	0.1745	0.3731	0.3283	0.3310	0.3248	0.2323	0.4966	0.3240	0.3584	0.4377	0.2443	0.3273	0.4155	0.3360	0.3576	0.4786	0.2407	0.2269	0.4667	0.3052	0.2534	0.3774	0.2431	0.3510	0.4724	0.2781	0.3225	0.4729	0.4206	0.2366	0.5080	0.3949	0.3651	0.2390	0.1985	0.2335	0.1512	0.4301	0.2829	0.4904	0.4523	0.4511	0.2500	0.3544	0.2731	0.2698	0.3263	0.2594
2:59:16	30.2	0.1709	0.5592	0.4426	0.5171	0.4708	0.4628	0.4627	0.3676	0.4297	0.4831	0.3315	0.2258	0.3068	0.5612	0.3674	0.2690	0.4402	0.2676	0.4157	0.3525	0.4372	0.2548	0.2549	0.3440	0.3315	0.5612	0.4690	0.4765	0.3656	0.2422	0.4046	0.3247	0.5008	0.4248	0.2513	0.3024	0.3534	0.2328	0.4001	0.3992	0.3850	0.2384	0.4644	0.2442	0.5115	0.3192	0.2528	0.2749	0.1759	0.3907	0.3426	0.3768	0.3639	0.2325	0.5127	0.3403	0.3704	0.4432	0.2444	0.3522	0.4259	0.3591	0.3775	0.4934	0.2408	0.2270	0.4742	0.3102	0.2547	0.4185	0.2432	0.3937	0.5039	0.3339	0.3495	0.4848	0.4523	0.2367	0.5224	0.4236	0.4112	0.2583	0.1985	0.2383	0.1514	0.4558	0.2833	0.5059	0.4573	0.4738	0.2526	0.4029	0.2890	0.3059	0.3598	0.2596
3:09:16	30.2	0.1707	0.5846	0.4502	0.5325	0.4884	0.4796	0.4528	0.3822	0.4431	0.5258	0.3319	0.2264	0.3491	0.5781	0.3774	0.2714	0.4707	0.2679	0.4341	0.4336	0.4489	0.2548	0.2550	0.3686	0.3438	0.5784	0.4778	0.4894	0.3789	0.2424	0.4475	0.3431	0.5261	0.4533	0.2515	0.3515	0.3758	0.2372	0.4283	0.4151	0.3959	0.2385	0.4809	0.2444	0.5228	0.3269	0.2531	0.2885	0.1779	0.4056	0.3617	0.4207	0.3863	0.2325	0.5301	0.4079	0.3828	0.4535	0.2444	0.3896	0.4344	0.3793	0.4121	0.4826	0.2411	0.2271	0.4986	0.3240	0.2566	0.4603	0.2433	0.4103	0.5325	0.3778	0.3614	0.4991	0.4698	0.2368	0.5367	0.4365	0.4043	0.2791	0.1985	0.2442	0.1514	0.4957	0.2837	0.5346	0.4619	0.4952	0.2560	0.4335	0.3069	0.3489	0.3938	0.2600
3:19:16	30.2	0.1709	0.6156	0.4651	0.5482	0.5074	0.4865	0.4758	0.4029	0.4960	0.6046	0.3318	0.2269	0.3881	0.6047	0.3904	0.2736	0.4800	0.2677	0.4567	0.4617	0.4660	0.2548	0.2550	0.3799	0.3607	0.5913	0.4860	0.4989	0.4007	0.2424	0.4737	0.3788	0.5556	0.4715	0.2515	0.3589	0.3864	0.2412	0.4545	0.4369	0.4148	0.2386	0.4932	0.2444	0.5346	0.3267	0.2531	0.3069	0.1802	0.4201	0.3815	0.4403	0.3944	0.2324	0.5501	0.4283	0.3978	0.4770	0.2445	0.4184	0.4455	0.4022	0.4296	0.5222	0.2409	0.2271	0.5055	0.3318	0.2580	0.4786	0.2433	0.4217	0.5682	0.3945	0.3786	0.5374	0.4883	0.2368	0.5497	0.4395	0.4381	0.2960	0.1986	0.2502	0.1513	0.5227	0.2845	0.5698	0.4687	0.5158	0.2591	0.4577	0.3305	0.3738	0.4176	0.2602
3:29:16	30.2	0.1709	0.6354	0.4823	0.5613	0.5115	0.4765	0.4854	0.4310	0.5553	0.6415	0.3324	0.2275	0.4344	0.6459	0.4011	0.2756	0.4716	0.2680	0.4856	0.4844	0.4739	0.2549	0.2553	0.3817	0.3778	0.5888	0.4960	0.5196	0.4281	0.2425	0.4961	0.4437	0.5649	0.4685	0.2516	0.3599	0.3940	0.2437	0.4632	0.4613	0.4237	0.2387	0.4980	0.2447	0.5313	0.3269	0.2533	0.3400	0.1829	0.4356	0.3965	0.4651	0.4167	0.2326	0.5625	0.4274	0.4131	0.4940	0.2446	0.4381	0.4545	0.4151	0.4451	0.5336	0.2410	0.2273	0.5290	0.3351	0.2603	0.5018	0.2435	0.4320	0.6014	0.4190	0.4178	0.5559	0.4982	0.2369	0.5637	0.4572	0.4466	0.3172	0.1987	0.2593	0.1514	0.5523	0.2851	0.5974	0.4717	0.5188	0.2636	0.4843	0.3628	0.3972	0.4055	0.2604
3:39:16	30.2	0.1708	0.6528	0.4877	0.5830	0.5224	0.5062	0.5225	0.4625	0.5424	0.6401	0.3322	0.2282	0.4502	0.6777	0.4172	0.2782	0.5315	0.2680	0.5193	0.4871	0.4655	0.2548	0.2551	0.4117	0.3986	0.6128	0.4909	0.5219	0.4614	0.2425	0.5087	0.4688	0.5806	0.4924	0.2514	0.3686	0.4392	0.2487	0.4783	0.4819	0.4220	0.2386	0.5134	0.2446	0.5629	0.3504	0.2531	0.3714	0.1863	0.4652	0.4179	0.4456	0.4279	0.2325	0.5826	0.4130	0.4341	0.4830	0.2445	0.4695	0.4664	0.4435	0.4592	0.5356	0.2409	0.2272	0.5459	0.3557	0.2627	0.5288	0.2434	0.4363	0.6345	0.4130	0.4278	0.5499	0.5029	0.2367	0.5831	0.4594	0.4577	0.3358	0.1987	0.2700	0.1514	0.5921	0.2847	0.6304	0.4780	0.5395	0.2679	0.5017	0.3977	0.4263	0.4043	0.2606
3:49:16	30.2	0.1710	0.6706	0.5112	0.5979	0.5515	0.5423	0.5379	0.5054	0.6224	0.6728	0.3327	0.2286	0.4770	0.7049	0.4358	0.2822	0.5507	0.2682	0.5449	0.5075	0.5171	0.2549	0.2553	0.4543	0.4323	0.6232	0.5185	0.5354	0.4969	0.2425	0.5470	0.4992	0.6067	0.5073	0.2515	0.4083	0.4729	0.2537	0.5024	0.5064	0.4591	0.2388	0.5349	0.2448	0.5716	0.3727	0.2532	0.4130	0.1900	0.5015	0.4517	0.4863	0.4321	0.2325	0.6087	0.4544	0.4522	0.4977	0.2445	0.4765	0.4729	0.4591	0.4630	0.5580	0.2411	0.2274	0.5835	0.3427	0.2663	0.5479	0.2434	0.4580	0.6738	0.4516	0.4524	0.5844	0.5242	0.2369	0.5994	0.4727	0.4886	0.3645	0.1989	0.2818	0.1515	0.6278	0.2843	0.6530	0.4855	0.5694	0.2746	0.5291	0.4385	0.4326	0.4584	0.2608
3:59:16	30.2	0.1708	0.6818	0.5050	0.6210	0.5779	0.5651	0.5771	0.5330	0.6393	0.6895	0.3325	0.2290	0.5316	0.7379	0.4522	0.2861	0.5568	0.2681	0.5762	0.5502	0.5460	0.2548	0.2552	0.4988	0.4543	0.6395	0.5247	0.5692	0.5270	0.2426	0.5617	0.5125	0.6155	0.5452	0.2515	0.4319	0.5054	0.2583	0.5152	0.5288	0.4366	0.2387	0.5530	0.2449	0.5989	0.3671	0.2530	0.4584	0.1954	0.5466	0.4717	0.5278	0.4539	0.2325	0.6218	0.4949	0.4680	0.5300	0.2444	0.5093	0.4904	0.4795	0.4754	0.5681	0.2409	0.2273	0.6117	0.3859	0.2695	0.5729	0.2434	0.4883	0.7046	0.4707	0.4559	0.6027	0.5447	0.2369	0.6167	0.5005	0.5191	0.3869	0.1990	0.2996	0.1514	0.6676	0.2840	0.6756	0.4912	0.5799	0.2815	0.5726	0.4858	0.4710	0.4856	0.2609
4:09:16	30.1	0.1710	0.7175	0.5238	0.6369	0.5927	0.5725	0.5908	0.5685	0.6518	0.7152	0.3327	0.2322	0.5596	0.7676	0.4753	0.2902	0.5862	0.2682	0.5996	0.5656	0.5622	0.2546	0.2553	0.5235	0.4789	0.6518	0.5619	0.5877	0.5690	0.2425	0.5765	0.5288	0.6258	0.5464	0.2515	0.4562	0.5246	0.2649	0.5319	0.5668	0.4800	0.2389	0.5595	0.2451	0.6163	0.3797	0.2532	0.5092	0.2007	0.5587	0.5280	0.5179	0.4812	0.2325	0.6289	0.5034	0.4887	0.5573	0.2443	0.5357	0.5116	0.5018	0.4963	0.5779	0.2411	0.2273	0.6277	0.3765	0.2735	0.5951	0.2434	0.4965	0.7416	0.4812	0.4853	0.6361	0.5685	0.2371	0.6366	0.5355	0.5330	0.4143	0.1990	0.3139	0.1514	0.7084	0.2849	0.7025	0.5014	0.5836	0.2897	0.6012	0.5205	0.4910	0.5081	0.2612
4:19:16	30.2	0.1709	0.7340	0.5806	0.6536	0.5796	0.5767	0.5848	0.5895	0.6941	0.7555	0.3333	0.2317	0.6152	0.8192	0.5011	0.2953	0.5932	0.2684	0.6193	0.5821	0.5643	0.2549	0.2554	0.5239	0.4988	0.6747	0.5911	0.6246	0.6170	0.2426	0.5983	0.5553	0.6298	0.5814	0.2517	0.4789	0.5782	0.2726	0.5752	0.5972	0.5329	0.2390	0.5791	0.2452	0.6254	0.3945	0.2532	0.5567	0.2062	0.5774	0.5609	0.5621	0.5240	0.2327	0.6342	0.5254	0.5064	0.5785	0.2442	0.5416	0.5266	0.5222	0.5222	0.6115	0.2410	0.2274	0.6682	0.3874	0.2783	0.6291	0.2434	0.5102	0.7741	0.5004	0.5073	0.6474	0.5903	0.2372	0.6567	0.5427	0.5449	0.4487	0.1991	0.3389	0.1515	0.7469	0.2851	0.7608	0.5148	0.5871	0.2981	0.6515	0.5498	0.5099	0.5241	0.2615
4:29:16	30.2	0.1708	0.7529	0.5920	0.6751	0.6092	0.6207	0.6480	0.6159	0.7182	0.7427	0.3331	0.2291	0.6718	0.8671	0.5274	0.3023	0.6085	0.2685	0.6407	0.6062	0.6114	0.2547	0.2554	0.5579	0.5180	0.6888	0.6053	0.6777	0.6365	0.2425	0.6141	0.5400	0.6441	0.6556	0.2515	0.5078	0.6029	0.2797	0.5751	0.6164	0.5401	0.2389	0.6056	0.2452	0.6808	0.4100	0.2530	0.6002	0.2140	0.6862	0.5932	0.5862	0.5037	0.2325	0.6548	0.5657	0.5150	0.6031	0.2442	0.5397	0.5507	0.5392	0.5450	0.6220	0.2410	0.2275	0.6940	0.4239	0.2856	0.6191	0.2436	0.4976	0.8158	0.5448	0.5411	0.6589	0.6135	0.2369	0.6678	0.5685	0.5748	0.4893	0.1994	0.3637	0.1514	0.7813	0.2850	0.7799	0.5314	0.6044	0.3072	0.7027	0.5843	0.5492	0.5569	0.2616
4:39:16	30.2	0.1708	0.7594	0.6551	0.7071	0.6557	0.6313	0.6637	0.6425	0.6965	0.7524	0.3337	0.2276	0.7105	0.8965	0.5558	0.3076	0.6494	0.2687	0.6667	0.6454	0.6183	0.2548	0.2555	0.5558	0.5384	0.7215	0.6146	0.6817	0.6861	0.2427	0.6211	0.6023	0.6451	0.6117	0.2515	0.5197	0.6971	0.2868	0.6128	0.6387	0.5413	0.2390	0.6302	0.2453	0.7282	0.4352	0.2527	0.6393	0.2241	0.7188	0.6079	0.6193	0.5070	0.2327	0.6528	0.5887	0.5474	0.5917	0.2442	0.5703	0.5735	0.5719	0.5480	0.6401	0.2410	0.2275	0.7396	0.4552	0.2926	0.6417	0.2436	0.5166	0.8532	0.5388	0.5450	0.6673	0.6398	0.2371	0.6968	0.5833	0.5836	0.5133	0.1992	0.3889	0.1516	0.8281	0.2854	0.8247	0.5459	0.6142	0.3154	0.7377	0.6156	0.5337	0.5640	0.2619
4:49:16	30.2	0.1711	0.7666	0.6659	0.7175	0.6493	0.6533	0.6740	0.6624	0.6872	0.7556	0.3335	0.2278	0.7455	0.9383	0.5805	0.3165	0.6620	0.2687	0.6885	0.6556	0.6253	0.2548	0.2557	0.5630	0.5706	0.7428	0.6510	0.7103	0.7151	0.2429	0.6341	0.6127	0.6580	0.6353	0.2517	0.5269	0.6954	0.2954	0.6639	0.6665	0.5775	0.2391	0.6337	0.2454	0.7379	0.4533	0.2530	0.6682	0.2329	0.7379	0.6401	0.6241	0.5264	0.2327	0.6631	0.5939	0.5605	0.6084	0.2444	0.5773	0.5855	0.6021	0.5734	0.6607	0.2412	0.2277	0.7650	0.4828	0.3016	0.6578	0.2438	0.5184	0.8870	0.5425	0.5493	0.6800	0.6609	0.2373	0.7176	0.5907	0.5910	0.5253	0.1994	0.4232	0.1515	0.8541	0.2855	0.8525	0.5615	0.6165	0.3251	0.7691	0.6343	0.5459	0.5733	0.2620
4:59:16	30.1	0.1710	0.7949	0.7103	0.7332	0.6678	0.6684	0.6872	0.6823	0.7237	0.7762	0.3336	0.2265	0.7660	0.9332	0.6126	0.3259	0.6739	0.2687	0.7086	0.6496	0.6377	0.2547	0.2556	0.6089	0.6028	0.7608	0.6532	0.7414	0.7340	0.2428	0.6520	0.5913	0.6586	0.6724	0.2516	0.5427	0.7348	0.3022	0.6597	0.7032	0.5897	0.2390	0.6449	0.2455	0.7512	0.4784	0.2530	0.6954	0.2423	0.7583	0.6700	0.6200	0.5634	0.2327	0.6762	0.6067	0.5795	0.6382	0.2441	0.5752	0.6112	0.6378	0.5942	0.7142	0.2411	0.2276	0.7844	0.5326	0.3120	0.6605	0.2437	0.5427	0.9173	0.5708	0.5722	0.7115	0.6834	0.2373	0.7276	0.6074	0.6329	0.5486	0.1994	0.4401	0.1516	0.8730	0.2852	0.8611	0.5821	0.6253	0.3352	0.8100	0.6551	0.5901	0.6072	0.2622
5:09:16	30.2	0.1710	0.8321	0.7312	0.7538	0.6617	0.6475	0.6921	0.7026	0.6967	0.7782	0.3339	0.2254	0.7809	1.0159	0.6325	0.3360	0.6801	0.2688	0.7330	0.6771	0.6497	0.2548	0.2558	0.5869	0.6336	0.7911	0.7078	0.7516	0.7618	0.2428	0.6252	0.6402	0.6669	0.6901	0.2517	0.5606	0.7701	0.3120	0.7345	0.7349	0.6072	0.2392	0.6410	0.2456	0.7855	0.4977	0.2530	0.7268	0.2489	0.7882	0.6957	0.6106	0.6023	0.2328	0.6667	0.6268	0.6014	0.6309	0.2442	0.6029	0.6493	0.6699	0.6103	0.7341	0.2410	0.2277	0.8032	0.5467	0.3188	0.6970	0.2437	0.5637	0.9467	0.5588	0.5885	0.7108	0.7148	0.2375	0.7562	0.6086	0.6378	0.5791	0.1994	0.4707	0.1515	0.8982	0.2856	0.9251	0.5956	0.6278	0.3445	0.8282	0.6760	0.5718	0.6087	0.2623
5:19:16	30.1	0.1710	0.8471	0.7489	0.7807	0.6684	0.6532	0.6931	0.7229	0.7021	0.7780	0.3340	0.2247	0.7982	0.9978	0.6586	0.3411	0.6954	0.2688	0.7582	0.6915	0.6219	0.2547	0.2557	0.5877	0.6635	0.8149	0.6863	0.7756	0.7833	0.2429	0.6250	0.6608	0.6725	0.7000	0.2516	0.5218	0.8117	0.3197	0.7226	0.7623	0.6325	0.2391	0.6648	0.2456	0.8130	0.5214	0.2529	0.7481	0.2555	0.7730	0.7178	0.6189	0.6465	0.2326	0.6786	0.6228	0.6280	0.6268	0.2441	0.6237	0.6701	0.6899	0.6452	0.7304	0.2409	0.2276	0.8441	0.5671	0.3260	0.6936	0.2437	0.5754	0.9734	0.5585	0.6022	0.7323	0.7306	0.2374	0.7733	0.5940	0.6353	0.6063	0.1997	0.5073	0.1515	0.9302	0.2855	0.9240	0.6092	0.6421	0.3548	0.8531	0.6956	0.5995	0.6246	0.2624
5:29:16	30.1	0.1709	0.8663	0.7593	0.8102	0.6644	0.6623	0.7087	0.7460	0.7019	0.7779	0.3341	0.2243	0.8128	1.0258	0.6890	0.3511	0.7002	0.2688	0.7928	0.6871	0.6236	0.2546	0.2557	0.5998	0.6884	0.8383	0.6800	0.7830	0.8086	0.2429	0.6297	0.6522	0.6794	0.6881	0.2515	0.5315	0.8613	0.3299	0.7171	0.7774	0.6339	0.2390	0.6649	0.2455	0.8211	0.5434	0.2528	0.7790	0.2663	0.8049	0.7391	0.5949	0.6365	0.2327	0.6810	0.6278	0.6596	0.6478	0.2440	0.6419	0.6814	0.7135	0.6460	0.7347	0.2410	0.2276	0.8706	0.6126	0.3338	0.7142	0.2438	0.5774	1.0091	0.5596	0.6457	0.7460	0.7455	0.2375	0.7951	0.5948	0.6271	0.6365	0.1996	0.5389	0.1515	0.9506	0.2857	0.9695	0.6353	0.6436	0.3653	0.8732	0.7188	0.6125	0.6319	0.2625
5:39:16	30.2	0.1711	0.8731	0.7561	0.8365	0.6702	0.6775	0.7190	0.7712	0.7232	0.8067	0.3345	0.2244	0.8154	1.0600	0.7079	0.3609	0.6968	0.2691	0.8244	0.7133	0.6442	0.2548	0.2558	0.6177	0.7169	0.8643	0.7163	0.8010	0.8328	0.2430	0.6593	0.6927	0.6982	0.7159	0.2518	0.5537	0.8641	0.3416	0.7452	0.8019	0.6339	0.2392	0.6693	0.2457	0.8353	0.5798	0.2530	0.8020	0.2760	0.8362	0.7638	0.6289	0.6530	0.2329	0.7018	0.6322	0.6972	0.6694	0.2444	0.6509	0.7196	0.7398	0.6708	0.7934	0.2411	0.2279	0.8635	0.6458	0.3403	0.7452	0.2439	0.5942	1.0327	0.5696	0.6423	0.7680	0.7542	0.2375	0.8179	0.6228	0.6504	0.6615	0.1996	0.5687	0.1517	0.9600	0.2855	0.9737	0.6437	0.6608	0.3786	0.8945	0.7475	0.6206	0.6246	0.2628
5:49:16	30.1	0.1711	0.9123	0.7783	0.8610	0.6876	0.7041	0.7441	0.7937	0.7441	0.8416	0.3342	0.2239	0.8282	1.0692	0.7288	0.3661	0.7289	0.2688	0.8479	0.7306	0.6747	0.2548	0.2558	0.6364	0.7427	0.8845	0.7394	0.8393	0.8528	0.2429	0.6765	0.7042	0.7105	0.7322	0.2515	0.5779	0.8908	0.3534	0.7739	0.8167	0.6601	0.2391	0.6895	0.2458	0.8509	0.6004	0.2529	0.8222	0.2872	0.8650	0.7924	0.6462	0.6680	0.2325	0.7141	0.6510	0.7242	0.6833	0.2441	0.6514	0.7433	0.7672	0.7028	0.7775	0.2410	0.2277	0.9027	0.6587	0.3458	0.7271	0.2437	0.6081	1.0566	0.5631	0.6666	0.8137	0.7737	0.2373	0.8373	0.6544	0.6698	0.6826	0.1995	0.6043	0.1515	0.9778	0.2853	1.0010	0.6571	0.6597	0.3918	0.9159	0.7626	0.6370	0.6681	0.2629
5:59:16	30.1	0.1710	0.9325	0.7946	0.8931	0.6720	0.7113	0.7598	0.8199	0.7513	0.8493	0.3344	0.2240	0.8578	1.0912	0.7478	0.3689	0.7254	0.2689	0.8709	0.7190	0.6878	0.2547	0.2559	0.6477	0.7509	0.9056	0.7463	0.8625	0.8763	0.2429	0.6912	0.7125	0.7204	0.7456	0.2516	0.5605	0.9057	0.3681	0.7797	0.8373	0.7078	0.2391	0.6990	0.2459	0.8725	0.6235	0.2528	0.8411	0.3049	0.8879	0.8072	0.6741	0.6597	0.2327	0.7212	0.6624	0.7594	0.6934	0.2442	0.6593	0.7857	0.8018	0.7120	0.7966	0.2409	0.2277	0.9194	0.6992	0.3543	0.7293	0.2438	0.6254	1.0763	0.5817	0.7202	0.8406	0.7938	0.2376	0.8627	0.6513	0.6843	0.7036	0.1998	0.6380	0.1517	0.9987	0.2855	1.0149	0.6788	0.6710	0.4081	0.9362	0.7823	0.6427	0.6697	0.2631
6:09:16	30.1	0.1710	0.9636	0.8036	0.9170	0.6994	0.7068	0.7508	0.8399	0.7450	0.8581	0.3345	0.2241	0.8965	1.1132	0.7684	0.3817	0.7304	0.2690	0.8911	0.7274	0.6922	0.2547	0.2559	0.6595	0.7716	0.9344	0.7692	0.8681	0.8968	0.2430	0.6889	0.7186	0.7169	0.7958	0.2516	0.6086	0.9215	0.3906	0.8012	0.8679	0.7357	0.2391	0.7073	0.2458	0.8951	0.6411	0.2529	0.8570	0.3184	0.8918	0.8315	0.6705	0.6773	0.2326	0.7320	0.6732	0.7887	0.7181	0.2440	0.6816	0.8010	0.8445	0.7437	0.8316	0.2409	0.2277	0.9378	0.7170	0.3641	0.7548	0.2438	0.6256	1.0930	0.6036	0.7264	0.8777	0.8099	0.2372	0.8845	0.6840	0.6846	0.7231	0.1996	0.6730	0.1516	1.0145	0.2853	1.0659	0.6972	0.6720	0.4268	0.9538	0.8025	0.6406	0.6867	0.2631
6:19:16	30.1	0.1709	0.9948	0.8603	0.9394	0.7407	0.7639	0.7934	0.8635	0.7863	0.8946	0.3346	0.2241	0.9354	1.1276	0.7789	0.3993	0.7716	0.2692	0.9186	0.7500	0.7273	0.2547	0.2559	0.6980	0.7896	0.9653	0.7776	0.9181	0.9110	0.2432	0.7109	0.7339	0.7235	0.8316	0.2515	0.6529	0.9356	0.4049	0.8226	0.8987	0.7491	0.2392	0.7375	0.2459	0.9177	0.6655	0.2529	0.8716	0.3394	0.9489	0.8313	0.7169	0.6940	0.2327	0.7336	0.6675	0.8143	0.7478	0.2442	0.6952	0.8568	0.8933	0.7511	0.8289	0.2411	0.2278	0.9695	0.7343	0.3758	0.7810	0.2439	0.6491	1.1183	0.6405	0.7662	0.9320	0.8128	0.2376	0.9070	0.7079	0.7122	0.7382	0.1998	0.7025	0.1518	1.0414	0.2853	1.0803	0.7138	0.7203	0.4552	0.9757	0.8240	0.6622	0.7061	0.2632
6:29:16	30.1	0.1709	1.0433	0.8784	0.9685	0.7144	0.7445	0.7984	0.8852	0.7746	0.8733	0.3346	0.2242	0.9471	1.1391	0.8086	0.4064	0.7431	0.2691	0.9452	0.7402	0.7132	0.2547	0.2560	0.6641	0.8073	0.9890	0.7902	0.9139	0.9257	0.2429	0.7056	0.7365	0.7343	0.8396	0.2516	0.5790	0.9696	0.4294	0.8321	0.9201	0.7751	0.2392	0.7507	0.2460	0.9319	0.6879	0.2529	0.8856	0.3641	0.9403	0.8607	0.7123	0.7133	0.2326	0.7576	0.7241	0.8448	0.7181	0.2440	0.6843	0.8804	0.9252	0.7734	0.8461	0.2409	0.2279	1.0011	0.7465	0.3916	0.7618	0.2438	0.6441	1.1398	0.6336	0.7798	0.9624	0.8278	0.2376	0.9399	0.6847	0.7241	0.7567	0.1997	0.7378	0.1516	1.0485	0.2853	1.1044	0.7291	0.7323	0.4742	0.9805	0.8439	0.6667	0.7230	0.2633
6:39:16	30.1	0.1710	1.0826	0.8901	0.9927	0.7273	0.7695	0.7960	0.9072	0.7977	0.8910	0.3346	0.2241	0.9711	1.1473	0.8245	0.4303	0.7506	0.2693	0.9756	0.7611	0.7364	0.2547	0.2560	0.6504	0.8518	1.0141	0.8076	0.9400	0.9451	0.2431	0.7193	0.7471	0.7489	0.8231	0.2517	0.6011	0.9734	0.4455	0.8580	0.9543	0.7988	0.2394	0.7749	0.2461	0.9691	0.7085	0.2531	0.8995	0.3857	0.9645	0.8930	0.7234	0.7389	0.2328	0.7661	0.7148	0.8787	0.7363	0.2443	0.7090	0.9084	0.9559	0.7959	0.8667	0.2412	0.2280	1.0345	0.7643	0.4086	0.7800	0.2439	0.6544	1.1482	0.6630	0.7857	1.0059	0.8451	0.2376	0.9685	0.7138	0.7441	0.7767	0.1997	0.7727	0.1518	1.0723	0.2854	1.1276	0.7657	0.7642	0.4999	1.0093	0.8691	0.6753	0.7241	0.2634
6:49:16	30.1	0.1709	1.1020	0.9054	1.0040	0.7614	0.7967	0.7852	0.9236	0.8196	0.9219	0.3350	0.2242	1.0283	1.1751	0.8457	0.4474	0.7866	0.2693	1.0028	0.7774	0.7855	0.2547	0.2561	0.7192	0.8836	1.0453	0.8102	0.9664	0.9679	0.2431	0.7241	0.7695	0.7513	0.8434	0.2516	0.6704	0.9890	0.4706	0.8794	0.9851	0.8225	0.2393	0.7823	0.2462	1.0031	0.7240	0.2531	0.9138	0.4098	1.0009	0.9087	0.7679	0.7543	0.2328	0.7771	0.7159	0.9059	0.7814	0.2442	0.7074	0.9549	0.9981	0.8061	0.8694	0.2411	0.2280	1.0552	0.7754	0.4276	0.8160	0.2440	0.6535	1.1745	0.7003	0.8042	1.0341	0.8783	0.2377	0.9868	0.7212	0.7670	0.7911	0.1998	0.8006	0.1517	1.0801	0.2851	1.1527	0.7793	0.7857	0.5344	1.0200	0.8957	0.7155	0.7430	0.2634
6:59:16	30.1	0.1708	1.1280	0.9224	1.0288	0.7313	0.7568	0.8108	0.9473	0.8098	0.8975	0.3347	0.2239	1.0546	1.1756	0.8631	0.4561	0.7775	0.2691	1.0371	0.7560	0.7769	0.2544	0.2559	0.6319	0.9247	1.0746	0.8287	1.0260	0.9882	0.2431	0.7534	0.7441	0.7706	0.8480	0.2514	0.6284	1.0239	0.4929	0.8683	1.0104	0.8525	0.2393	0.7703	0.2460	1.0274	0.7474	0.2529	0.9232	0.4367	1.0274	0.9372	0.8116	0.7635	0.2327	0.8224	0.7427	0.9286	0.7907	0.2439	0.7010	0.9893	1.0258	0.8331	0.8642	0.2409	0.2279	1.0849	0.7900	0.4532	0.8320	0.2438	0.6482	1.1742	0.7405	0.8231	1.0709	0.9262	0.2374	1.0104	0.7212	0.7887	0.8132	0.1996	0.8254	0.1516	1.0982	0.2845	1.1691	0.8187	0.8357	0.5631	1.0348	0.9232	0.7104	0.7305	0.2634
7:09:16	30.1	0.1711	1.1530	0.9470	1.0444	0.7500	0.7715	0.8220	0.9698	0.8222	0.9019	0.3348	0.2241	1.0871	1.2010	0.8841	0.4720	0.8050	0.2693	1.0648	0.7708	0.7881	0.2548	0.2560	0.6569	0.9609	1.1029	0.8483	1.0504	1.0075	0.2432	0.7692	0.7476	0.8087	0.8703	0.2518	0.6586	1.0559	0.5208	0.8925	1.0284	0.8920	0.2395	0.7896	0.2464	1.0556	0.7670	0.2532	0.9371	0.4645	1.0730	0.9687	0.8645	0.7783	0.2329	0.8599	0.7601	0.9571	0.8083	0.2442	0.7234	1.0157	1.0532	0.8439	0.8851	0.2412	0.2279	1.0930	0.8047	0.4767	0.8096	0.2441	0.6509	1.1814	0.7989	0.8344	1.1033	0.9789	0.2375	1.0388	0.7286	0.8104	0.8337	0.1998	0.8514	0.1518	1.1126	0.2844	1.1791	0.8439	0.8774	0.5972	1.0458	0.9475	0.7364	0.7378	0.2635
7:19:16	30.1	0.1709	1.1818	0.9840	1.0639	0.7947	0.8151	0.8567	0.9961	0.8382	0.9258	0.3347	0.2239	1.1132	1.2168	0.9036	0.4929	0.8159	0.2692	1.0873	0.7877	0.7822	0.2546	0.2559	0.6941	0.9935	1.1254	0.8709	1.0617	1.0219	0.2431	0.7731	0.7585	0.8039	0.8948	0.2516	0.7007	1.0918	0.5537	0.9167	1.0409	0.8872	0.2393	0.8097	0.2462	1.0933	0.7828	0.2532	0.9544	0.4936	1.0787	0.9803	0.9093	0.7859	0.2327	0.8858	0.7673	0.9887	0.8126	0.2441	0.7540	1.0474	1.0841	0.8697	0.9257	0.2409	0.2280	1.1253	0.8215	0.5007	0.8331	0.2438	0.6560	1.2010	0.8347	0.8572	1.1329	0.9724	0.2376	1.0608	0.7344	0.8290	0.8543	0.1998	0.8731	0.1514	1.1318	0.2845	1.2071	0.8546	0.9078	0.6411	1.0633	0.9686	0.7676	0.7450	0.2635
7:29:16	30.1	0.1708	1.1939	1.0092	1.0825	0.7909	0.7855	0.8935	1.0187	0.8385	0.9306	0.3348	0.2238	1.1443	1.2334	0.9237	0.5135	0.8361	0.2693	1.1111	0.8109	0.7917	0.2545	0.2560	0.7155	1.0225	1.1442	0.9005	1.0876	1.0498	0.2432	0.7922	0.7709	0.8444	0.8921	0.2516	0.7143	1.0850	0.5879	0.9415	1.0655	0.9179	0.2394	0.8153	0.2463	1.1047	0.8035	0.2531	0.9773	0.5264	1.0941	1.0200	0.9486	0.8010	0.2328	0.9198	0.7877	1.0095	0.8260	0.2439	0.7217	1.0759	1.1210	0.8816	0.9368	0.2411	0.2279	1.1402	0.8302	0.5288	0.8289	0.2439	0.6511	1.2193	0.8719	0.8959	1.1606	0.9884	0.2375	1.0818	0.7411	0.8631	0.8852	0.1998	0.8969	0.1517	1.1497	0.2843	1.2211	0.8812	0.9433	0.6712	1.0769	0.9957	0.7872	0.7576	0.2636
7:39:16	30.1	0.1710	1.2183	1.0348	1.1005	0.8036	0.8090	0.9294	1.0420	0.8469	0.9321	0.3349	0.2239	1.1701	1.2418	0.9448	0.5410	0.8378	0.2693	1.1361	0.8147	0.7879	0.2547	0.2560	0.7383	1.0594	1.1701	0.9113	1.1054	1.0615	0.2432	0.8175	0.7858	0.8773	0.9006	0.2517	0.6939	1.1101	0.6102	0.9684	1.0801	0.9050	0.2394	0.8296	0.2464	1.1389	0.8168	0.2531	0.9872	0.5596	1.1079	1.0418	0.9906	0.7720	0.2327	0.9450	0.8180	1.0326	0.8233	0.2441	0.7301	1.1052	1.1482	0.9181	0.9658	0.2411	0.2280	1.1581	0.8379	0.5550	0.8653	0.2437	0.6564	1.2208	0.9176	0.9129	1.1868	1.0273	0.2377	1.1014	0.7379	0.8902	0.9042	0.1997	0.9176	0.1516	1.1663	0.2847	1.2646	0.9224	0.9727	0.7059	1.0786	1.0211	0.7973	0.7752	0.2636
7:49:16	30.1	0.1710	1.2296	1.0590	1.1162	0.8074	0.8210	0.9326	1.0679	0.8564	0.9518	0.3349	0.2239	1.1882	1.2587	0.9610	0.5696	0.8749	0.2694	1.1529	0.7949	0.7803	0.2547	0.2560	0.7541	1.0911	1.1887	0.9342	1.1207	1.0823	0.2434	0.8276	0.8108	0.8926	0.9389	0.2519	0.6923	1.1264	0.6420	1.0099	1.1081	0.9127	0.2394	0.8404	0.2465	1.1554	0.8323	0.2533	1.0105	0.5983	1.1193	1.0717	1.0272	0.7677	0.2328	0.9635	0.8480	1.0544	0.8292	0.2441	0.7376	1.1335	1.1914	0.9279	0.9847	0.2412	0.2281	1.1794	0.8520	0.5788	0.9131	0.2439	0.6631	1.2356	0.9535	0.9328	1.2108	1.0490	0.2376	1.1207	0.7562	0.9107	0.9309	0.1999	0.9346	0.1517	1.1745	0.2851	1.2597	0.9365	1.0052	0.7428	1.0910	1.0487	0.7992	0.8224	0.2637
7:59:16	30.1	0.1709	1.2595	1.0904	1.1263	0.8167	0.8535	0.9650	1.0786	0.8786	0.9256	0.3348	0.2239	1.2029	1.2945	0.9749	0.6115	0.9382	0.2693	1.1687	0.8018	0.7871	0.2546	0.2560	0.7454	1.1266	1.2054	0.9651	1.1336	1.0920	0.2432	0.8647	0.7888	0.9180	0.9777	0.2517	0.7040	1.1463	0.6837	1.0416	1.1386	0.9289	0.2394	0.8643	0.2463	1.1772	0.8317	0.2531	1.0198	0.6384	1.1395	1.0992	1.0678	0.7806	0.2327	0.9940	0.8843	1.0675	0.8487	0.2442	0.7722	1.1579	1.2223	0.9601	1.0236	0.2410	0.2280	1.2041	0.8578	0.5953	0.9440	0.2439	0.6869	1.2449	1.0039	0.9561	1.2317	1.0684	0.2376	1.1362	0.7649	0.9206	0.9396	0.1996	0.9452	0.1517	1.1998	0.2849	1.2727	0.9715	1.0285	0.7804	1.1065	1.0723	0.8250	0.8596	0.2636
8:09:16	30.1	0.1710	1.2816	1.0968	1.1445	0.8469	0.8796	0.9809	1.0979	0.9052	0.9457	0.3353	0.2239	1.2261	1.2705	1.0001	0.6621	0.9503	0.2694	1.1874	0.8209	0.8157	0.2546	0.2562	0.7694	1.1552	1.2286	1.0128	1.1461	1.1094	0.2433	0.8898	0.7953	0.9374	1.0008	0.2516	0.7213	1.1493	0.7161	1.0680	1.1452	0.9721	0.2393	0.9114	0.2465	1.1886	0.8443	0.2531	1.0270	0.6759	1.1460	1.1185	1.0989	0.8199	0.2328	1.0193	0.9208	1.0915	0.8765	0.2439	0.7735	1.1792	1.2497	0.9822	1.0492	0.2411	0.2281	1.2179	0.8686	0.6331	1.0020	0.2440	0.7089	1.2528	1.0314	0.9710	1.2538	1.1049	0.2376	1.1531	0.7744	0.9345	0.9552	0.1998	0.9741	0.1517	1.2032	0.2844	1.2937	0.9905	1.0590	0.8338	1.1274	1.0972	0.8528	0.9128	0.2637
8:19:16	30.1	0.1710	1.2879	1.1197	1.1619	0.8863	0.9069	1.0278	1.1207	0.9125	0.9328	0.3352	0.2240	1.2482	1.2933	1.0205	0.6929	0.9868	0.2695	1.2030	0.8377	0.8577	0.2546	0.2562	0.7862	1.1849	1.2391	1.0279	1.1601	1.1282	0.2434	0.9169	0.7958	0.9623	1.0342	0.2519	0.7234	1.1681	0.7506	1.0846	1.1759	0.9877	0.2396	0.9356	0.2467	1.2046	0.8594	0.2531	1.0519	0.7205	1.1606	1.1371	1.1300	0.8549	0.2328	1.0438	0.9658	1.1093	0.9128	0.2440	0.7799	1.2022	1.2776	1.0020	1.0704	0.2412	0.2281	1.2360	0.8774	0.6676	1.0092	0.2441	0.7026	1.2686	1.0680	0.9840	1.2764	1.1236	0.2377	1.1704	0.8126	0.9664	0.9754	0.1996	0.9968	0.1516	1.2152	0.2841	1.3169	1.0104	1.0878	0.8636	1.1593	1.1276	0.8395	0.9425	0.2639
8:29:16	30.2	0.1711	1.3146	1.1377	1.1716	0.9264	0.9530	1.0622	1.1379	0.9393	0.9693	0.3351	0.2240	1.2613	1.2912	1.0437	0.7159	1.0294	0.2695	1.2187	0.8475	0.8880	0.2547	0.2562	0.7818	1.2245	1.2546	1.0611	1.1831	1.1396	0.2435	0.9668	0.7977	0.9833	1.0643	0.2518	0.7438	1.1719	0.7787	1.1139	1.2040	1.0403	0.2396	0.9798	0.2467	1.2172	0.8670	0.2533	1.0673	0.7731	1.1730	1.1723	1.1637	0.8647	0.2328	1.0783	1.0093	1.1208	0.9380	0.2441	0.8001	1.2237	1.3048	1.0484	1.0874	0.2412	0.2283	1.2503	0.8824	0.6905	1.0537	0.2441	0.7230	1.2686	1.0794	1.0065	1.2953	1.1494	0.2379	1.1828	0.8387	0.9938	0.9897	0.2000	1.0056	0.1517	1.2258	0.2845	1.3200	1.0297	1.1161	0.8824	1.1799	1.1493	0.8697	0.9742	0.2638
8:39:16	30.1	0.1710	1.3244	1.1520	1.1871	0.9432	0.9687	1.0838	1.1492	0.9676	0.9622	0.3353	0.2240	1.2779	1.3072	1.0650	0.7490	1.0621	0.2695	1.2261	0.8832	0.8884	0.2547	0.2562	0.7819	1.2535	1.2717	1.0734	1.1930	1.1468	0.2435	0.9899	0.8033	1.0220	1.0752	0.2516	0.7454	1.1872	0.8154	1.1357	1.2229	1.0520	0.2394	1.0096	0.2466	1.2244	0.8785	0.2532	1.0806	0.8003	1.1840	1.1877	1.1848	0.9020	0.2327	1.0971	1.0370	1.1456	0.9559	0.2438	0.8275	1.2432	1.3266	1.0624	1.1032	0.2411	0.2282	1.2508	0.8907	0.7164	1.0752	0.2441	0.7248	1.2837	1.1210	1.0328	1.3183	1.1783	0.2380	1.1975	0.8398	1.0321	1.0042	0.1999	1.0292	0.1517	1.2368	0.2845	1.3255	1.0528	1.1390	0.9036	1.2216	1.1714	0.8739	1.0137	0.2638
8:49:16	30.1	0.1710	1.3389	1.1785	1.2065	0.9731	1.0186	1.0997	1.1733	0.9946	0.9885	0.3353	0.2240	1.2935	1.3080	1.0890	0.7787	1.0921	0.2695	1.2459	0.9248	0.9464	0.2545	0.2561	0.8166	1.2836	1.2882	1.0948	1.2090	1.1648	0.2435	1.0186	0.8181	1.0423	1.1011	0.2517	0.7732	1.1948	0.8435	1.1514	1.2497	1.0760	0.2395	1.0332	0.2466	1.2419	0.8937	0.2532	1.0929	0.8364	1.1958	1.2094	1.2096	0.9244	0.2328	1.1138	1.0688	1.1679	0.9897	0.2440	0.8795	1.2592	1.3487	1.0876	1.1257	0.2412	0.2283	1.2721	0.9097	0.7457	1.0942	0.2439	0.7507	1.2929	1.1388	1.0694	1.3276	1.1918	0.2378	1.2124	0.8819	1.0554	1.0117	0.1999	1.0601	0.1517	1.2430	0.2845	1.3406	1.0756	1.1605	0.9344	1.2696	1.1955	0.8953	1.0227	0.2640
8:59:16	30.1	0.1708	1.3515	1.1914	1.2207	0.9969	1.0398	1.1153	1.1912	1.0197	1.0082	0.3354	0.2240	1.3078	1.3233	1.1037	0.7997	1.1138	0.2695	1.2582	0.9661	0.9830	0.2547	0.2562	0.8123	1.3149	1.3014	1.1061	1.2171	1.1799	0.2435	1.0373	0.8298	1.0566	1.1132	0.2518	0.7829	1.2087	0.8685	1.1637	1.2774	1.0990	0.2396	1.0538	0.2468	1.2522	0.9060	0.2532	1.1061	0.8679	1.2059	1.2436	1.2318	0.9465	0.2328	1.1315	1.0885	1.1856	1.0098	0.2441	0.9197	1.2770	1.3697	1.0943	1.1401	0.2412	0.2281	1.2791	0.9179	0.7812	1.1114	0.2441	0.7435	1.3031	1.1617	1.0753	1.3470	1.2141	0.2377	1.2294	0.9125	1.0816	1.0261	0.1997	1.0821	0.1517	1.2530	0.2842	1.3498	1.0886	1.1948	0.9463	1.2644	1.2165	0.8983	1.0420	0.2640
9:09:16	30.0	0.1711	1.3603	1.2029	1.2329	1.0156	1.0671	1.1245	1.2049	1.0326	1.0294	0.3353	0.2239	1.3202	1.3262	1.1245	0.8170	1.1439	0.2695	1.2716	0.9900	1.0176	0.2546	0.2562	0.8226	1.3439	1.3147	1.1170	1.2318	1.1910	0.2434	1.0624	0.8459	1.0743	1.1290	0.2517	0.7849	1.2126	0.9012	1.1737	1.3039	1.1171	0.2394	1.0699	0.2466	1.2586	0.9196	0.2530	1.1138	0.9001	1.2192	1.2639	1.2443	0.9758	0.2328	1.1543	1.1059	1.2043	1.0328	0.2440	0.9411	1.2955	1.3847	1.1134	1.1530	0.2411	0.2283	1.2891	0.9249	0.7997	1.1336	0.2439	0.7560	1.3129	1.1830	1.0938	1.3633	1.2278	0.2376	1.2445	0.9387	1.1003	1.0294	0.1998	1.0985	0.1516	1.2628	0.2840	1.3560	1.0998	1.1993	0.9647	1.2567	1.2315	0.9168	1.0767	0.2639
9:19:16	30.1	0.1712	1.3653	1.2243	1.2474	1.0115	1.0882	1.1664	1.2235	1.0629	1.0369	0.3354	0.2241	1.3342	1.3453	1.1403	0.8455	1.1616	0.2697	1.2797	0.9984	1.0395	0.2549	0.2563	0.8273	1.3664	1.3264	1.1310	1.2424	1.2052	0.2436	1.0843	0.8608	1.1061	1.1595	0.2519	0.7980	1.2403	0.9379	1.1871	1.3252	1.1437	0.2396	1.0797	0.2467	1.2723	0.9405	0.2533	1.1394	0.9222	1.2327	1.2897	1.2712	0.9986	0.2329	1.1649	1.1326	1.2186	1.0435	0.2442	0.9768	1.3158	1.4031	1.1316	1.1669	0.2411	0.2284	1.3121	0.9410	0.8205	1.1480	0.2441	0.7498	1.3532	1.1933	1.1040	1.3769	1.2462	0.2377	1.2559	0.9583	1.1085	1.0590	0.2000	1.1155	0.1518	1.2754	0.2843	1.3800	1.1202	1.2211	0.9774	1.3013	1.2480	0.9360	1.0964	0.2641
9:29:16	30.1	0.1709	1.3758	1.2317	1.2568	1.0271	1.1078	1.1863	1.2382	1.0952	1.0594	0.3355	0.2240	1.3452	1.3529	1.1566	0.8649	1.1779	0.2696	1.2927	1.0440	1.0686	0.2548	0.2562	0.8464	1.3870	1.3348	1.1442	1.2552	1.2175	0.2435	1.1111	0.8980	1.1251	1.1823	0.2517	0.8118	1.2423	0.9492	1.2055	1.3417	1.1574	0.2395	1.0982	0.2467	1.2908	0.9418	0.2532	1.1482	0.9525	1.2370	1.3111	1.2824	1.0189	0.2328	1.1918	1.1683	1.2363	1.0632	0.2440	1.0107	1.3303	1.4178	1.1454	1.1830	0.2410	0.2283	1.3143	0.9542	0.8357	1.1765	0.2441	0.7712	1.3233	1.2142	1.1178	1.3888	1.2741	0.2378	1.2682	0.9914	1.1382	1.0492	0.2001	1.1319	0.1517	1.2827	0.2840	1.3861	1.1377	1.2418	0.9951	1.2984	1.2624	0.9821	1.1602	0.2641
9:39:16	30.1	0.1711	1.3880	1.2525	1.2714	1.0483	1.1162	1.1991	1.2520	1.1176	1.0817	0.3353	0.2240	1.3384	1.3560	1.1677	0.8860	1.1996	0.2696	1.3030	1.0826	1.0883	0.2547	0.2563	0.8468	1.4015	1.3477	1.1680	1.2699	1.2297	0.2435	1.1424	0.9026	1.1454	1.1926	0.2520	0.8265	1.2524	0.9725	1.2106	1.3653	1.1776	0.2395	1.1018	0.2468	1.2953	0.9528	0.2533	1.1544	0.9765	1.2544	1.3283	1.2906	1.0310	0.2330	1.2144	1.1789	1.2508	1.0837	0.2441	1.0169	1.3418	1.4353	1.1663	1.1929	0.2411	0.2282	1.3215	0.9713	0.8651	1.1904	0.2439	0.7738	1.3343	1.2480	1.1339	1.4046	1.2794	0.2378	1.2840	0.9989	1.1522	1.0597	0.1999	1.1492	0.1518	1.2947	0.2838	1.3891	1.1535	1.2473	1.0135	1.2818	1.2833	1.0060	1.1421	0.2641
9:49:16	30.1	0.1710	1.3991	1.2634	1.2816	1.0736	1.1299	1.2152	1.2644	1.1419	1.0992	0.3354	0.2240	1.3612	1.3638	1.1854	0.9135	1.2194	0.2695	1.3117	1.1059	1.1116	0.2546	0.2562	0.8593	1.4183	1.3566	1.1777	1.2889	1.2450	0.2435	1.1575	0.9165	1.1575	1.1996	0.2517	0.8517	1.2652	1.0028	1.2265	1.3803	1.1891	0.2394	1.1287	0.2467	1.2910	0.9736	0.2531	1.1675	1.0015	1.2648	1.3429	1.3113	1.0510	0.2328	1.2295	1.1851	1.2685	1.0985	0.2441	1.0338	1.3529	1.4498	1.1849	1.2104	0.2410	0.2282	1.3322	0.9908	0.8780	1.1975	0.2441	0.7706	1.3394	1.2503	1.1507	1.4147	1.2906	0.2377	1.2971	1.0130	1.1763	1.0765	0.2002	1.1690	0.1516	1.3037	0.2832	1.3997	1.1726	1.2721	1.0305	1.2900	1.2924	1.0466	1.1368	0.2640
9:59:16	30.1	0.1710	1.4093	1.2754	1.2970	1.0904	1.1433	1.2200	1.2700	1.1642	1.0878	0.3356	0.2241	1.3762	1.3690	1.1989	0.9360	1.2281	0.2697	1.3177	1.1290	1.1296	0.2547	0.2563	0.8707	1.4342	1.3659	1.1940	1.2932	1.2580	0.2436	1.1736	0.9577	1.1689	1.2204	0.2518	0.8981	1.2688	1.0228	1.2374	1.4007	1.2018	0.2396	1.1467	0.2469	1.3085	0.9913	0.2531	1.1687	1.0196	1.2743	1.3568	1.3235	1.0726	0.2329	1.2432	1.2104	1.2813	1.1222	0.2441	1.0482	1.3675	1.4640	1.2005	1.2268	0.2411	0.2283	1.3432	1.0112	0.9027	1.2135	0.2441	0.7999	1.3457	1.2732	1.1696	1.4246	1.3028	0.2379	1.3108	1.0407	1.1949	1.0807	0.1999	1.1832	0.1519	1.3090	0.2833	1.4072	1.1851	1.2879	1.0489	1.3036	1.3052	1.0753	1.1570	0.2641
10:09:16	30.1	0.1710	1.4101	1.2907	1.3048	1.1084	1.1613	1.2498	1.2886	1.1881	1.1046	0.3354	0.2238	1.3829	1.3792	1.2177	0.9414	1.2498	0.2697	1.3247	1.1625	1.1508	0.2546	0.2562	0.8848	1.4482	1.3760	1.1969	1.3125	1.2638	0.2436	1.1971	0.9735	1.1989	1.2267	0.2519	0.9064	1.2886	1.0320	1.2503	1.4175	1.2173	0.2396	1.1698	0.2468	1.3155	1.0070	0.2533	1.1688	1.0485	1.2860	1.3718	1.3371	1.0941	0.2328	1.2606	1.2236	1.2939	1.1370	0.2441	1.0686	1.3756	1.4766	1.2080	1.2343	0.2410	0.2283	1.3551	1.0347	0.9098	1.2268	0.2440	0.8063	1.3634	1.2830	1.1790	1.4311	1.3163	0.2378	1.3193	1.0532	1.2038	1.0761	0.2000	1.2005	0.1518	1.3192	0.2831	1.4233	1.2009	1.2990	1.0662	1.3110	1.3180	1.0754	1.1886	0.2643
10:19:16	30.1	0.1709	1.4176	1.2916	1.3155	1.1185	1.1749	1.2559	1.2983	1.2106	1.1227	0.3358	0.2241	1.3867	1.3805	1.2324	0.9588	1.2568	0.2698	1.3314	1.1784	1.1563	0.2545	0.2562	0.8908	1.4610	1.3802	1.2142	1.3151	1.2760	0.2437	1.2088	1.0068	1.2133	1.2308	0.2518	0.9514	1.2888	1.0545	1.2668	1.4333	1.2330	0.2397	1.1850	0.2469	1.3179	1.0288	0.2531	1.1697	1.0661	1.2893	1.3848	1.3498	1.1115	0.2328	1.2688	1.2326	1.3075	1.1507	0.2439	1.0814	1.3875	1.4902	1.2291	1.2498	0.2410	0.2283	1.3551	1.0629	0.9192	1.2377	0.2441	0.8445	1.3613	1.2958	1.1922	1.4408	1.3277	0.2377	1.3330	1.0783	1.2093	1.0862	0.1999	1.2180	0.1518	1.3294	0.2835	1.4213	1.2249	1.3116	1.0842	1.3158	1.3307	1.1007	1.1827	0.2641
10:29:16	30.1	0.1709	1.4298	1.3098	1.3305	1.1409	1.1794	1.2647	1.3109	1.2263	1.1401	0.3358	0.2238	1.4000	1.3860	1.2453	0.9994	1.2645	0.2698	1.3389	1.1926	1.1688	0.2546	0.2563	0.9166	1.4745	1.3927	1.2299	1.3272	1.2896	0.2436	1.2231	1.0168	1.2273	1.2476	0.2517	0.9886	1.2957	1.0745	1.2785	1.4498	1.2397	0.2395	1.2012	0.2470	1.3340	1.0511	0.2533	1.1858	1.0885	1.3025	1.3989	1.3604	1.1345	0.2328	1.2843	1.2506	1.3204	1.1674	0.2439	1.0976	1.4012	1.5007	1.2394	1.2614	0.2412	0.2283	1.3731	1.0896	0.9385	1.2518	0.2441	0.8363	1.3670	1.3034	1.2100	1.4514	1.3404	0.2378	1.3434	1.1077	1.2278	1.1055	0.2000	1.2336	0.1518	1.3363	0.2833	1.4306	1.2404	1.3247	1.1013	1.3276	1.3455	1.1146	1.1990	0.2641
10:39:16	30.1	0.1710	1.4368	1.3184	1.3363	1.1635	1.2162	1.2768	1.3256	1.2553	1.1578	0.3354	0.2237	1.4098	1.3959	1.2604	1.0226	1.2901	0.2698	1.3526	1.2089	1.1948	0.2546	0.2563	0.9205	1.4858	1.4004	1.2417	1.3443	1.3073	0.2436	1.2567	1.0353	1.2460	1.2537	0.2518	0.9675	1.3078	1.1038	1.2961	1.4647	1.2626	0.2397	1.2190	0.2470	1.3351	1.0715	0.2533	1.2028	1.1125	1.3140	1.4148	1.3715	1.1494	0.2331	1.2969	1.2572	1.3339	1.1835	0.2442	1.1047	1.4077	1.5127	1.2611	1.2794	0.2412	0.2283	1.3721	1.1108	0.9699	1.2580	0.2440	0.8642	1.3866	1.3076	1.2208	1.4630	1.3457	0.2379	1.3542	1.1103	1.2342	1.1164	0.2000	1.2465	0.1517	1.3472	0.2828	1.4383	1.2552	1.3401	1.1234	1.3270	1.3567	1.1157	1.2032	0.2642
10:49:16	30.1	0.1710	1.4435	1.3300	1.3442	1.1793	1.2223	1.2672	1.3484	1.2820	1.1663	0.3355	0.2238	1.4136	1.4013	1.2711	1.0349	1.2921	0.2697	1.3626	1.2259	1.2009	0.2545	0.2561	0.9467	1.4941	1.4063	1.2529	1.3450	1.3238	0.2436	1.2606	1.0527	1.2650	1.2701	0.2519	0.9935	1.3230	1.1249	1.3071	1.4751	1.2772	0.2395	1.2400	0.2469	1.3542	1.0866	0.2532	1.2151	1.1316	1.3244	1.4241	1.3819	1.1749	0.2329	1.3124	1.2754	1.3409	1.1928	0.2438	1.1305	1.4161	1.5210	1.2788	1.2915	0.2412	0.2284	1.3837	1.1321	0.9777	1.2688	0.2440	0.8839	1.4047	1.3273	1.2330	1.4708	1.3599	0.2379	1.3594	1.1259	1.2464	1.1219	0.2000	1.2571	0.1516	1.3569	0.2827	1.4510	1.2681	1.3553	1.1378	1.3345	1.3688	1.1255	1.2251	0.2642
10:59:16	30.1	0.1711	1.4454	1.3369	1.3542	1.2024	1.2451	1.2988	1.3556	1.2986	1.1826	0.3358	0.2240	1.4188	1.4067	1.2869	1.0515	1.3035	0.2698	1.3711	1.2334	1.2135	0.2547	0.2563	0.9664	1.5043	1.4138	1.2623	1.3558	1.3409	0.2438	1.2703	1.0836	1.2786	1.2804	0.2518	1.0143	1.3297	1.1366	1.3119	1.4876	1.2847	0.2397	1.2509	0.2471	1.3504	1.1066	0.2532	1.2185	1.1501	1.3326	1.4359	1.3900	1.1894	0.2330	1.3220	1.2841	1.3528	1.1979	0.2441	1.1421	1.4244	1.5317	1.2856	1.3057	0.2412	0.2283	1.3924	1.1548	1.0011	1.2786	0.2443	0.9004	1.4108	1.3387	1.2493	1.4797	1.3686	0.2379	1.3710	1.1472	1.2592	1.1460	0.2000	1.2708	0.1516	1.3669	0.2830	1.4543	1.2772	1.3706	1.1573	1.3452	1.3828	1.1377	1.2340	0.2642
11:09:16	30.1	0.1708	1.4557	1.3512	1.3636	1.2174	1.2519	1.3059	1.3697	1.3233	1.2021	0.3358	0.2239	1.4187	1.4173	1.2996	1.0735	1.3176	0.2697	1.3851	1.2464	1.2319	0.2545	0.2564	0.9787	1.5147	1.4213	1.2738	1.3651	1.3525	0.2438	1.2940	1.0891	1.2966	1.2869	0.2518	1.0348	1.3398	1.1590	1.3229	1.5039	1.2954	0.2396	1.2584	0.2472	1.3624	1.1247	0.2532	1.2246	1.1745	1.3400	1.4571	1.3950	1.2109	0.2329	1.3377	1.2939	1.3595	1.2086	0.2440	1.1568	1.4291	1.5393	1.3076	1.3188	0.2411	0.2284	1.3961	1.1764	1.0088	1.2890	0.2443	0.9328	1.4065	1.3484	1.2588	1.4847	1.3755	0.2379	1.3793	1.1622	1.2683	1.1716	0.2001	1.2819	0.1517	1.3712	0.2828	1.4599	1.2900	1.3743	1.1760	1.3502	1.3937	1.1553	1.2431	0.2643
11:19:16	30.1	0.1710	1.4665	1.3534	1.3681	1.2296	1.2743	1.3061	1.3876	1.3440	1.2339	0.3355	0.2237	1.4228	1.4160	1.3118	1.0975	1.3239	0.2696	1.4032	1.2600	1.2585	0.2544	0.2563	0.9927	1.5249	1.4277	1.2886	1.3700	1.3766	0.2436	1.3099	1.1025	1.3081	1.2962	0.2518	1.0493	1.3363	1.1797	1.3292	1.5162	1.3058	0.2395	1.2762	0.2470	1.3625	1.1453	0.2532	1.2424	1.1945	1.3428	1.4729	1.4039	1.2281	0.2327	1.3496	1.3010	1.3674	1.2297	0.2437	1.1586	1.4426	1.5495	1.3150	1.3319	0.2410	0.2283	1.4147	1.1974	1.0124	1.2996	0.2440	0.9546	1.3997	1.3539	1.2784	1.4944	1.3814	0.2379	1.3897	1.1861	1.2755	1.1927	0.1999	1.2912	0.1517	1.3791	0.2827	1.4635	1.3025	1.3792	1.1922	1.3557	1.4059	1.1682	1.2452	0.2641
11:29:16	30.1	0.1709	1.4677	1.3592	1.3834	1.2475	1.2816	1.3252	1.3969	1.3555	1.2489	0.3358	0.2239	1.4402	1.4246	1.3237	1.1318	1.3317	0.2698	1.4173	1.2709	1.2656	0.2546	0.2564	1.0070	1.5309	1.4301	1.2973	1.3740	1.3883	0.2437	1.3089	1.1346	1.3164	1.3016	0.2516	1.0565	1.3480	1.1939	1.3397	1.5233	1.3289	0.2396	1.2915	0.2471	1.3737	1.1709	0.2532	1.2575	1.2110	1.3570	1.4833	1.4164	1.2410	0.2329	1.3551	1.3127	1.3804	1.2455	0.2439	1.1641	1.4456	1.5534	1.3308	1.3385	0.2412	0.2283	1.4170	1.2201	1.0273	1.3068	0.2442	0.9728	1.4167	1.3628	1.2831	1.5008	1.3948	0.2379	1.3984	1.1979	1.2836	1.2172	0.2003	1.3080	0.1518	1.3857	0.2827	1.4685	1.3155	1.3944	1.2169	1.3625	1.4191	1.1750	1.2516	0.2643
11:39:16	30.1	0.1709	1.4742	1.3732	1.3896	1.2579	1.2997	1.3331	1.4191	1.3789	1.2629	0.3357	0.2240	1.4494	1.4303	1.3340	1.1390	1.3459	0.2698	1.4336	1.2821	1.2827	0.2546	0.2563	1.0259	1.5399	1.4381	1.3102	1.3924	1.4113	0.2437	1.3250	1.1478	1.3279	1.3124	0.2518	1.0712	1.3507	1.2129	1.3509	1.5354	1.3391	0.2396	1.3093	0.2472	1.3783	1.1845	0.2532	1.2737	1.2290	1.3612	1.4948	1.4226	1.2592	0.2329	1.3666	1.3246	1.3881	1.2615	0.2440	1.1789	1.4530	1.5609	1.3385	1.3584	0.2411	0.2285	1.4284	1.2383	1.0366	1.3171	0.2440	0.9956	1.4164	1.3668	1.3002	1.5055	1.4023	0.2379	1.4071	1.2137	1.2951	1.2378	0.2002	1.3174	0.1517	1.3930	0.2824	1.4732	1.3243	1.4045	1.2335	1.3730	1.4308	1.1947	1.2662	0.2643
11:49:16	30.1	0.1709	1.4787	1.3800	1.3993	1.2816	1.3077	1.3315	1.4316	1.3952	1.2786	0.3356	0.2239	1.4537	1.4345	1.3457	1.1590	1.3496	0.2697	1.4478	1.2963	1.2743	0.2546	0.2562	1.0378	1.5447	1.4421	1.3160	1.3954	1.4272	0.2436	1.3373	1.1592	1.3408	1.3212	0.2516	1.0776	1.3627	1.2283	1.3601	1.5394	1.3524	0.2395	1.3199	0.2471	1.3868	1.2044	0.2531	1.2907	1.2432	1.3663	1.5065	1.4289	1.2691	0.2328	1.3764	1.3345	1.3977	1.2650	0.2437	1.1856	1.4598	1.5647	1.3512	1.3636	0.2411	0.2282	1.4317	1.2562	1.0558	1.3306	0.2441	1.0086	1.4245	1.3819	1.3122	1.5131	1.4088	0.2379	1.4137	1.2259	1.3041	1.2555	0.2001	1.3303	0.1517	1.4013	0.2825	1.4786	1.3336	1.4149	1.2481	1.3808	1.4396	1.1956	1.2757	0.2642
11:59:16	30.1	0.1709	1.4855	1.3880	1.4070	1.2928	1.3226	1.3439	1.4454	1.4085	1.2927	0.3358	0.2238	1.4589	1.4383	1.3580	1.1882	1.3614	0.2698	1.4604	1.3079	1.2861	0.2545	0.2564	1.0456	1.5516	1.4484	1.3308	1.4041	1.4443	0.2437	1.3454	1.1790	1.3520	1.3278	0.2517	1.0843	1.3629	1.2397	1.3661	1.5476	1.3562	0.2396	1.3324	0.2473	1.3887	1.2221	0.2532	1.3016	1.2616	1.3733	1.5182	1.4408	1.2897	0.2329	1.3856	1.3426	1.4065	1.2753	0.2438	1.1945	1.4656	1.5699	1.3642	1.3732	0.2409	0.2283	1.4384	1.2738	1.0806	1.3332	0.2442	1.0359	1.4211	1.3863	1.3229	1.5185	1.4148	0.2380	1.4240	1.2460	1.3110	1.2706	0.2001	1.3418	0.1518	1.4099	0.2822	1.4830	1.3459	1.4287	1.2643	1.3869	1.4496	1.1995	1.2770	0.2642
12:09:16	30.1	0.1709	1.4925	1.3907	1.4175	1.3077	1.3328	1.3410	1.4661	1.4239	1.3085	0.3360	0.2240	1.4596	1.4457	1.3656	1.1915	1.3687	0.2698	1.4753	1.3194	1.2961	0.2547	0.2565	1.0518	1.5580	1.4557	1.3311	1.4092	1.4631	0.2438	1.3565	1.1827	1.3620	1.3367	0.2518	1.0868	1.3658	1.2568	1.3677	1.5529	1.3607	0.2397	1.3504	0.2472	1.3955	1.2377	0.2532	1.3164	1.2775	1.3787	1.5277	1.4371	1.2978	0.2330	1.3934	1.3459	1.4158	1.2899	0.2439	1.1983	1.4748	1.5783	1.3662	1.3820	0.2411	0.2284	1.4418	1.2908	1.1073	1.3402	0.2442	1.0511	1.4254	1.3953	1.3384	1.5257	1.4200	0.2380	1.4322	1.2590	1.3222	1.2944	0.2001	1.3509	0.1517	1.4146	0.2823	1.4881	1.3580	1.4347	1.2762	1.3950	1.4587	1.2068	1.2862	0.2644
12:19:16	30.1	0.1710	1.5008	1.3886	1.4232	1.3197	1.3427	1.3544	1.4740	1.4427	1.3286	0.3360	0.2240	1.4589	1.4525	1.3759	1.2133	1.3741	0.2699	1.4825	1.3334	1.3114	0.2546	0.2565	1.0751	1.5640	1.4621	1.3392	1.4149	1.4753	0.2438	1.3683	1.1994	1.3719	1.3396	0.2517	1.0946	1.3710	1.2607	1.3801	1.5599	1.3737	0.2397	1.3607	0.2474	1.4069	1.2496	0.2532	1.3271	1.2877	1.3835	1.5384	1.4451	1.3136	0.2329	1.4029	1.3548	1.4213	1.2965	0.2438	1.2144	1.4780	1.5791	1.3810	1.3958	0.2410	0.2284	1.4472	1.3039	1.1156	1.3488	0.2441	1.0750	1.4329	1.4034	1.3468	1.5349	1.4266	0.2381	1.4378	1.2736	1.3264	1.3089	0.2000	1.3594	0.1518	1.4197	0.2822	1.4894	1.3634	1.4434	1.2940	1.4004	1.4666	1.2168	1.2895	0.2642
12:29:16	30.1	0.1709	1.5053	1.4089	1.4303	1.3223	1.3489	1.3605	1.4872	1.4502	1.3402	0.3358	0.2238	1.4673	1.4578	1.3825	1.2278	1.3858	0.2698	1.4928	1.3261	1.3231	0.2546	0.2563	1.0782	1.5694	1.4666	1.3488	1.4253	1.4885	0.2437	1.3789	1.2066	1.3841	1.3471	0.2516	1.1073	1.3786	1.2730	1.3850	1.5647	1.3799	0.2397	1.3720	0.2473	1.4113	1.2656	0.2532	1.3402	1.2970	1.3901	1.5464	1.4520	1.3308	0.2329	1.4094	1.3619	1.4299	1.3056	0.2438	1.2142	1.4829	1.5851	1.3895	1.4070	0.2409	0.2284	1.4544	1.3173	1.1290	1.3580	0.2441	1.0931	1.4358	1.4094	1.3559	1.5382	1.4341	0.2380	1.4461	1.2887	1.3378	1.3302	0.2000	1.3694	0.1517	1.4218	0.2821	1.4981	1.3760	1.4470	1.3078	1.4082	1.4751	1.2314	1.2911	0.2643
12:39:16	30.1	0.1710	1.5083	1.4120	1.4376	1.3413	1.3603	1.3719	1.4924	1.4673	1.3620	0.3359	0.2240	1.4678	1.4609	1.3951	1.2336	1.3905	0.2699	1.4959	1.3253	1.3374	0.2546	0.2564	1.1042	1.5714	1.4750	1.3596	1.4258	1.4950	0.2439	1.3895	1.2284	1.3939	1.3580	0.2517	1.1319	1.3813	1.2874	1.3956	1.5735	1.3872	0.2397	1.3832	0.2475	1.4294	1.2790	0.2534	1.3408	1.3017	1.3939	1.5556	1.4574	1.3378	0.2330	1.4212	1.3742	1.4355	1.3185	0.2439	1.2356	1.4897	1.5846	1.4001	1.4096	0.2410	0.2285	1.4625	1.3298	1.1443	1.3762	0.2443	1.1139	1.4389	1.4154	1.3697	1.5449	1.4431	0.2382	1.4522	1.3004	1.3493	1.3383	0.2002	1.3784	0.1518	1.4299	0.2822	1.5105	1.3846	1.4651	1.3181	1.4239	1.4790	1.2461	1.3085	0.2643
12:49:16	30.1	0.1708	1.5113	1.4258	1.4414	1.3567	1.3741	1.3695	1.5074	1.4733	1.3736	0.3359	0.2241	1.4785	1.4688	1.3997	1.2393	1.4011	0.2698	1.5064	1.3430	1.3389	0.2545	0.2563	1.1069	1.5760	1.4776	1.3718	1.4337	1.5044	0.2437	1.3965	1.2363	1.4041	1.3641	0.2516	1.1295	1.3930	1.2889	1.4061	1.5744	1.3984	0.2396	1.3970	0.2473	1.4368	1.2885	0.2531	1.3611	1.3113	1.4053	1.5598	1.4648	1.3538	0.2330	1.4292	1.3826	1.4434	1.3259	0.2438	1.2400	1.4915	1.5916	1.4083	1.4233	0.2409	0.2283	1.4722	1.3386	1.1581	1.3764	0.2440	1.1297	1.4487	1.4220	1.3783	1.5544	1.4461	0.2378	1.4562	1.3120	1.3530	1.3549	0.2002	1.3848	0.1517	1.4341	0.2817	1.5208	1.3930	1.4709	1.3308	1.4227	1.4869	1.2537	1.3043	0.2641
12:59:16	30.1	0.1711	1.5139	1.4287	1.4484	1.3591	1.3795	1.3823	1.5138	1.4854	1.3834	0.3360	0.2240	1.4825	1.4691	1.4074	1.2525	1.4068	0.2699	1.5127	1.3447	1.3546	0.2546	0.2564	1.1162	1.5792	1.4787	1.3838	1.4355	1.5127	0.2438	1.4060	1.2446	1.4115	1.3695	0.2517	1.1353	1.3975	1.2864	1.4101	1.5800	1.4004	0.2397	1.4022	0.2473	1.4379	1.2996	0.2532	1.3676	1.3154	1.4093	1.5653	1.4700	1.3641	0.2329	1.4393	1.3895	1.4487	1.3354	0.2438	1.2456	1.4959	1.5948	1.4133	1.4271	0.2411	0.2283	1.4780	1.3491	1.1682	1.3780	0.2442	1.1345	1.4508	1.4238	1.3895	1.5626	1.4562	0.2381	1.4629	1.3216	1.3619	1.3630	0.2002	1.3928	0.1517	1.4370	0.2820	1.5213	1.4010	1.4755	1.3430	1.4294	1.4920	1.2583	1.3097	0.2642
13:09:16	30.1	0.1709	1.5203	1.4374	1.4552	1.3804	1.3757	1.3939	1.5183	1.4983	1.3921	0.3357	0.2239	1.4768	1.4816	1.4149	1.2614	1.4083	0.2700	1.5160	1.3725	1.3680	0.2546	0.2563	1.1250	1.5836	1.4854	1.3902	1.4450	1.5195	0.2439	1.4204	1.2542	1.4233	1.3698	0.2518	1.1456	1.4010	1.2900	1.4133	1.5843	1.4121	0.2398	1.4070	0.2475	1.4461	1.3111	0.2533	1.3737	1.3192	1.4153	1.5718	1.4707	1.3703	0.2329	1.4464	1.3959	1.4543	1.3459	0.2437	1.2552	1.5008	1.5952	1.4204	1.4300	0.2411	0.2285	1.4874	1.3592	1.1817	1.3839	0.2441	1.1565	1.4511	1.4331	1.3972	1.5630	1.4588	0.2379	1.4691	1.3351	1.3647	1.3727	0.2001	1.4014	0.1517	1.4434	0.2816	1.5257	1.4081	1.4792	1.3435	1.4390	1.4964	1.2718	1.3210	0.2642
13:19:16	30.1	0.1711	1.5227	1.4381	1.4639	1.3790	1.4087	1.3942	1.5273	1.4997	1.4020	0.3358	0.2239	1.4865	1.4882	1.4227	1.2804	1.4171	0.2700	1.5238	1.3768	1.3811	0.2546	0.2564	1.1390	1.5883	1.4885	1.4017	1.4533	1.5281	0.2439	1.4245	1.2650	1.4290	1.3765	0.2518	1.1489	1.4007	1.2961	1.4111	1.5864	1.4260	0.2398	1.4191	0.2474	1.4515	1.3253	0.2532	1.3867	1.3190	1.4186	1.5758	1.4804	1.3746	0.2330	1.4508	1.4064	1.4633	1.3501	0.2437	1.2587	1.5054	1.5989	1.4266	1.4428	0.2411	0.2285	1.4879	1.3695	1.1936	1.3881	0.2442	1.1742	1.4502	1.4380	1.4052	1.5677	1.4679	0.2380	1.4775	1.3459	1.3738	1.3871	0.2001	1.4102	0.1518	1.4491	0.2817	1.5311	1.4153	1.4868	1.3537	1.4397	1.5020	1.2748	1.3234	0.2644
13:29:16	30.1	0.1708	1.5360	1.4424	1.4687	1.3992	1.4006	1.4056	1.5313	1.5146	1.4174	0.3358	0.2238	1.4863	1.4893	1.4311	1.2805	1.4276	0.2700	1.5273	1.3911	1.3877	0.2546	0.2563	1.1510	1.5951	1.4958	1.3983	1.4560	1.5331	0.2439	1.4293	1.2764	1.4372	1.3857	0.2517	1.1593	1.4094	1.3019	1.4242	1.5909	1.4270	0.2397	1.4242	0.2477	1.4474	1.3375	0.2531	1.3907	1.3231	1.4227	1.5826	1.4826	1.3810	0.2329	1.4615	1.4100	1.4684	1.3553	0.2438	1.2641	1.5095	1.6005	1.4350	1.4420	0.2409	0.2285	1.4922	1.3814	1.1964	1.4010	0.2443	1.1914	1.4549	1.4424	1.4082	1.5733	1.4734	0.2379	1.4846	1.3543	1.3802	1.3976	0.2002	1.4229	0.1517	1.4583	0.2816	1.5296	1.4215	1.4931	1.3614	1.4521	1.5065	1.2896	1.3414	0.2642
13:39:16	30.1	0.1708	1.5407	1.4442	1.4773	1.4092	1.4130	1.4180	1.5368	1.5220	1.4241	0.3360	0.2238	1.4889	1.4901	1.4388	1.2882	1.4324	0.2700	1.5327	1.3987	1.3971	0.2546	0.2564	1.1698	1.6004	1.4998	1.4018	1.4622	1.5397	0.2439	1.4359	1.2853	1.4433	1.3960	0.2517	1.1761	1.4146	1.3139	1.4267	1.5962	1.4305	0.2397	1.4379	0.2474	1.4571	1.3476	0.2533	1.4010	1.3227	1.4284	1.5872	1.4888	1.3901	0.2329	1.4657	1.4232	1.4758	1.3704	0.2440	1.2714	1.5153	1.6034	1.4461	1.4515	0.2411	0.2285	1.4977	1.3909	1.2071	1.4108	0.2442	1.2126	1.4607	1.4519	1.4173	1.5769	1.4806	0.2379	1.4894	1.3650	1.3878	1.4081	0.2001	1.4316	0.1517	1.4571	0.2815	1.5400	1.4298	1.5041	1.3726	1.4614	1.5127	1.2922	1.3537	0.2643
13:49:16	30.1	0.1711	1.5395	1.4542	1.4827	1.4236	1.4332	1.4255	1.5442	1.5266	1.4392	0.3359	0.2237	1.4898	1.4916	1.4455	1.2802	1.4342	0.2699	1.5365	1.4093	1.4092	0.2545	0.2565	1.1685	1.6031	1.5035	1.4124	1.4735	1.5453	0.2439	1.4447	1.2928	1.4496	1.3989	0.2518	1.1778	1.4196	1.3188	1.4315	1.5965	1.4386	0.2397	1.4429	0.2475	1.4571	1.3576	0.2533	1.4134	1.3264	1.4263	1.5887	1.4834	1.4025	0.2329	1.4705	1.4349	1.4821	1.3844	0.2439	1.2774	1.5174	1.6043	1.4512	1.4608	0.2412	0.2284	1.4999	1.3990	1.2161	1.4090	0.2443	1.2156	1.4636	1.4560	1.4266	1.5790	1.4947	0.2381	1.4955	1.3726	1.3914	1.4161	0.2002	1.4391	0.1517	1.4690	0.2812	1.5450	1.4364	1.5026	1.3797	1.4572	1.5169	1.2942	1.3415	0.2643
13:59:16	30.1	0.1707	1.5460	1.4549	1.4881	1.4203	1.4308	1.4307	1.5458	1.5340	1.4405	0.3359	0.2237	1.4986	1.4944	1.4535	1.2828	1.4434	0.2698	1.5386	1.4179	1.4143	0.2544	0.2563	1.1804	1.6040	1.5080	1.4164	1.4788	1.5479	0.2439	1.4511	1.3062	1.4558	1.4176	0.2517	1.1956	1.4226	1.3239	1.4438	1.6025	1.4484	0.2396	1.4464	0.2474	1.4632	1.3682	0.2532	1.4159	1.3315	1.4335	1.5943	1.4906	1.4152	0.2328	1.4752	1.4402	1.4857	1.3897	0.2439	1.2856	1.5200	1.6036	1.4560	1.4686	0.2410	0.2284	1.5035	1.4059	1.2211	1.4174	0.2441	1.2274	1.4698	1.4619	1.4353	1.5845	1.4987	0.2380	1.5003	1.3813	1.4009	1.4226	0.2001	1.4465	0.1515	1.4719	0.2812	1.5485	1.4437	1.5065	1.3853	1.4646	1.5203	1.3021	1.3483	0.2643
14:09:16	30.1	0.1709	1.5499	1.4629	1.4925	1.4301	1.4330	1.4416	1.5521	1.5384	1.4398	0.3360	0.2238	1.4989	1.5057	1.4589	1.2888	1.4612	0.2701	1.5441	1.4239	1.4146	0.2545	0.2565	1.1839	1.6057	1.5104	1.4281	1.4814	1.5539	0.2440	1.4555	1.3150	1.4590	1.4270	0.2516	1.2025	1.4227	1.3271	1.4479	1.6054	1.4529	0.2398	1.4497	0.2476	1.4656	1.3769	0.2534	1.4263	1.3382	1.4374	1.5984	1.4999	1.4235	0.2329	1.4824	1.4426	1.4910	1.3894	0.2438	1.2892	1.5219	1.6075	1.4653	1.4768	0.2411	0.2286	1.5046	1.4148	1.2251	1.4216	0.2442	1.2349	1.4745	1.4669	1.4392	1.5904	1.5010	0.2381	1.5050	1.3913	1.4068	1.4333	0.2001	1.4535	0.1517	1.4769	0.2811	1.5511	1.4523	1.5144	1.3920	1.4655	1.5245	1.3120	1.3511	0.2644
14:19:16	30.1	0.1710	1.5502	1.4623	1.4985	1.4278	1.4485	1.4362	1.5542	1.5469	1.4534	0.3359	0.2237	1.5020	1.5043	1.4689	1.2961	1.4591	0.2699	1.5459	1.4188	1.4244	0.2544	0.2564	1.1997	1.6052	1.5178	1.4316	1.4836	1.5565	0.2439	1.4610	1.3220	1.4638	1.4378	0.2519	1.2120	1.4277	1.3284	1.4512	1.6078	1.4544	0.2396	1.4534	0.2476	1.4718	1.3856	0.2532	1.4256	1.3358	1.4447	1.6031	1.4999	1.4287	0.2328	1.4840	1.4493	1.4956	1.4001	0.2437	1.2924	1.5268	1.6066	1.4743	1.4823	0.2409	0.2285	1.5111	1.4239	1.2325	1.4289	0.2442	1.2421	1.4794	1.4713	1.4420	1.5953	1.5054	0.2379	1.5106	1.3972	1.4107	1.4388	0.2002	1.4602	0.1517	1.4778	0.2814	1.5494	1.4573	1.5167	1.4007	1.4738	1.5275	1.3184	1.3664	0.2643
14:29:16	30.0	0.1708	1.5586	1.4719	1.5008	1.4274	1.4527	1.4493	1.5595	1.5510	1.4587	0.3361	0.2238	1.5049	1.5034	1.4711	1.3057	1.4686	0.2700	1.5532	1.4298	1.4264	0.2546	0.2564	1.2052	1.6070	1.5212	1.4371	1.4895	1.5620	0.2439	1.4722	1.3382	1.4698	1.4297	0.2516	1.2255	1.4284	1.3307	1.4546	1.6138	1.4637	0.2396	1.4586	0.2477	1.4724	1.3908	0.2534	1.4361	1.3445	1.4468	1.6083	1.5082	1.4288	0.2328	1.4933	1.4477	1.4997	1.4068	0.2438	1.3109	1.5253	1.6118	1.4665	1.4846	0.2410	0.2286	1.5150	1.4284	1.2411	1.4377	0.2443	1.2475	1.4826	1.4783	1.4480	1.5959	1.5082	0.2382	1.5147	1.3999	1.4197	1.4455	0.2002	1.4624	0.1517	1.4761	0.2810	1.5551	1.4644	1.5221	1.4009	1.4792	1.5297	1.3299	1.3683	0.2644
14:39:16	30.1	0.1709	1.5551	1.4791	1.5072	1.4404	1.4566	1.4540	1.5623	1.5579	1.4661	0.3360	0.2237	1.5116	1.5050	1.4775	1.3058	1.4733	0.2700	1.5547	1.4367	1.4316	0.2545	0.2564	1.2151	1.6067	1.5210	1.4399	1.4912	1.5652	0.2441	1.4708	1.3501	1.4700	1.4440	0.2518	1.2336	1.4314	1.3309	1.4587	1.6139	1.4668	0.2397	1.4644	0.2478	1.4716	1.3994	0.2533	1.4394	1.3468	1.4520	1.6083	1.5103	1.4434	0.2329	1.4969	1.4570	1.5047	1.4058	0.2441	1.3138	1.5288	1.6127	1.4811	1.4844	0.2411	0.2286	1.5177	1.4340	1.2463	1.4467	0.2443	1.2545	1.4879	1.4813	1.4549	1.5998	1.5130	0.2381	1.5190	1.4105	1.4209	1.4475	0.2002	1.4686	0.1517	1.4803	0.2808	1.5567	1.4709	1.5232	1.4056	1.4832	1.5339	1.3325	1.3696	0.2643
14:49:16	30.1	0.1710	1.5640	1.4746	1.5127	1.4428	1.4595	1.4498	1.5636	1.5679	1.4754	0.3361	0.2240	1.5130	1.5151	1.4846	1.3185	1.4758	0.2701	1.5564	1.4407	1.4336	0.2546	0.2565	1.2273	1.6059	1.5266	1.4421	1.4961	1.5668	0.2440	1.4749	1.3710	1.4740	1.4454	0.2518	1.2432	1.4375	1.3378	1.4642	1.6160	1.4682	0.2397	1.4691	0.2478	1.4783	1.4070	0.2534	1.4396	1.3482	1.4529	1.6120	1.5133	1.4444	0.2331	1.4995	1.4580	1.5094	1.4170	0.2439	1.3222	1.5301	1.6107	1.4820	1.4895	0.2412	0.2285	1.5192	1.4418	1.2561	1.4522	0.2441	1.2612	1.4892	1.4840	1.4623	1.6018	1.5168	0.2381	1.5240	1.4144	1.4244	1.4510	0.2004	1.4745	0.1518	1.4884	0.2809	1.5556	1.4748	1.5273	1.4157	1.4881	1.5364	1.3380	1.3780	0.2645
14:59:16	30.1	0.1709	1.5737	1.4792	1.5190	1.4473	1.4616	1.4625	1.5712	1.5685	1.4797	0.3362	0.2237	1.5154	1.5107	1.4905	1.3288	1.4857	0.2699	1.5606	1.4515	1.4381	0.2545	0.2564	1.2369	1.6046	1.5306	1.4473	1.4955	1.5715	0.2441	1.4804	1.3707	1.4823	1.4473	0.2517	1.2373	1.4400	1.3389	1.4653	1.6156	1.4732	0.2398	1.4689	0.2477	1.4740	1.4171	0.2532	1.4438	1.3494	1.4568	1.6121	1.5123	1.4492	0.2329	1.5008	1.4611	1.5152	1.4171	0.2435	1.3241	1.5348	1.6128	1.4743	1.4940	0.2411	0.2286	1.5216	1.4501	1.2634	1.4588	0.2444	1.2641	1.4898	1.4889	1.4658	1.6037	1.5168	0.2380	1.5298	1.4179	1.4316	1.4638	0.2002	1.4830	0.1517	1.4850	0.2808	1.5616	1.4816	1.5325	1.4229	1.4853	1.5403	1.3393	1.3834	0.2644
15:09:16	30.1	0.1710	1.5779	1.4816	1.5226	1.4446	1.4658	1.4592	1.5756	1.5676	1.4837	0.3362	0.2239	1.5130	1.5156	1.4958	1.3255	1.4814	0.2702	1.5651	1.4473	1.4435	0.2547	0.2567	1.2439	1.6052	1.5313	1.4511	1.5006	1.5748	0.2441	1.4835	1.3818	1.4935	1.4551	0.2518	1.2525	1.4420	1.3426	1.4713	1.6185	1.4777	0.2398	1.4785	0.2478	1.4817	1.4216	0.2536	1.4541	1.3523	1.4616	1.6141	1.5282	1.4574	0.2330	1.5079	1.4694	1.5190	1.4123	0.2438	1.3286	1.5354	1.6207	1.4885	1.4988	0.2410	0.2287	1.5238	1.4551	1.2726	1.4605	0.2443	1.2787	1.4942	1.4964	1.4662	1.6051	1.5239	0.2381	1.5331	1.4171	1.4350	1.4662	0.2003	1.4856	0.1518	1.4897	0.2809	1.5621	1.4854	1.5375	1.4277	1.4941	1.5425	1.3484	1.3845	0.2646
15:19:16	30.1	0.1709	1.5846	1.4824	1.5280	1.4546	1.4739	1.4594	1.5793	1.5758	1.4920	0.3359	0.2237	1.5184	1.5158	1.4992	1.3456	1.4857	0.2701	1.5665	1.4572	1.4464	0.2545	0.2563	1.2572	1.6050	1.5351	1.4551	1.5035	1.5779	0.2440	1.4851	1.3822	1.5015	1.4517	0.2517	1.2556	1.4450	1.3460	1.4812	1.6216	1.4799	0.2397	1.4776	0.2476	1.4862	1.4291	0.2533	1.4550	1.3569	1.4620	1.6164	1.5366	1.4608	0.2328	1.5113	1.4672	1.5219	1.4223	0.2438	1.3342	1.5360	1.6167	1.4831	1.5025	0.2411	0.2285	1.5256	1.4617	1.2824	1.4619	0.2441	1.2832	1.4937	1.5007	1.4767	1.6071	1.5209	0.2379	1.5362	1.4254	1.4379	1.4693	0.2002	1.4915	0.1517	1.4958	0.2806	1.5644	1.4913	1.5386	1.4302	1.4946	1.5459	1.3562	1.3935	0.2643
15:29:16	30.1	0.1710	1.5893	1.4878	1.5294	1.4605	1.4756	1.4643	1.5794	1.5831	1.4951	0.3361	0.2238	1.5249	1.5176	1.5047	1.3466	1.4899	0.2701	1.5663	1.4614	1.4535	0.2544	0.2564	1.2601	1.6037	1.5367	1.4577	1.5053	1.5798	0.2441	1.4934	1.3857	1.5065	1.4544	0.2516	1.2602	1.4485	1.3534	1.4814	1.6242	1.4863	0.2398	1.4812	0.2477	1.4844	1.4338	0.2534	1.4552	1.3609	1.4654	1.6196	1.5287	1.4515	0.2330	1.5194	1.4730	1.5249	1.4296	0.2438	1.3354	1.5372	1.6156	1.4919	1.5074	0.2411	0.2286	1.5277	1.4672	1.2869	1.4719	0.2443	1.2865	1.5004	1.5069	1.4827	1.6086	1.5258	0.2381	1.5393	1.4350	1.4430	1.4731	0.2002	1.4965	0.1517	1.4969	0.2808	1.5700	1.4963	1.5478	1.4409	1.4959	1.5475	1.3615	1.3955	0.2644
15:39:16	30.1	0.1710	1.5939	1.4894	1.5349	1.4643	1.4710	1.4696	1.5797	1.5863	1.4977	0.3362	0.2239	1.5227	1.5214	1.5097	1.3589	1.4934	0.2701	1.5662	1.4678	1.4562	0.2544	0.2565	1.2685	1.6026	1.5405	1.4662	1.5100	1.5810	0.2440	1.4950	1.3969	1.5154	1.4590	0.2517	1.2660	1.4511	1.3555	1.4846	1.6268	1.4830	0.2398	1.4845	0.2477	1.4882	1.4400	0.2534	1.4552	1.3610	1.4696	1.6251	1.5408	1.4645	0.2331	1.5243	1.4768	1.5292	1.4351	0.2438	1.3382	1.5373	1.6168	1.4963	1.5059	0.2409	0.2286	1.5317	1.4717	1.2979	1.4728	0.2442	1.2985	1.5023	1.5079	1.4869	1.6117	1.5292	0.2380	1.5430	1.4424	1.4445	1.4743	0.2003	1.5015	0.1518	1.5050	0.2805	1.5698	1.5002	1.5476	1.4440	1.5026	1.5491	1.3700	1.4000	0.2644
15:49:16	30.1	0.1709	1.5958	1.4952	1.5398	1.4682	1.4736	1.4709	1.5845	1.5823	1.5116	0.3362	0.2238	1.5270	1.5236	1.5141	1.3613	1.4921	0.2701	1.5705	1.4658	1.4589	0.2545	0.2564	1.2776	1.5998	1.5439	1.4701	1.5099	1.5823	0.2440	1.4986	1.3943	1.5213	1.4690	0.2517	1.2783	1.4551	1.3584	1.4878	1.6306	1.4886	0.2397	1.4876	0.2477	1.4966	1.4462	0.2532	1.4626	1.3621	1.4710	1.6248	1.5454	1.4693	0.2329	1.5304	1.4845	1.5322	1.4369	0.2436	1.3410	1.5403	1.6173	1.5011	1.5093	0.2411	0.2285	1.5352	1.4775	1.3090	1.4754	0.2444	1.2963	1.5064	1.5139	1.4854	1.6088	1.5351	0.2382	1.5473	1.4438	1.4506	1.4818	0.2003	1.5057	0.1517	1.5035	0.2804	1.5688	1.5045	1.5524	1.4434	1.5061	1.5507	1.3684	1.4187	0.2643
15:59:16	30.1	0.1709	1.6002	1.4964	1.5417	1.4724	1.4813	1.4725	1.5890	1.5946	1.5109	0.3361	0.2237	1.5297	1.5277	1.5164	1.3810	1.4932	0.2701	1.5765	1.4727	1.4626	0.2545	0.2563	1.2768	1.5996	1.5446	1.4720	1.5100	1.5869	0.2440	1.5078	1.3961	1.5324	1.4689	0.2515	1.2803	1.4537	1.3619	1.4901	1.6332	1.4882	0.2398	1.4901	0.2479	1.4944	1.4489	0.2533	1.4671	1.3702	1.4731	1.6263	1.5527	1.4650	0.2329	1.5441	1.4826	1.5355	1.4396	0.2435	1.3503	1.5372	1.6168	1.4968	1.5134	0.2411	0.2286	1.5369	1.4822	1.3138	1.4795	0.2442	1.3002	1.5071	1.5167	1.4850	1.6143	1.5335	0.2382	1.5496	1.4440	1.4565	1.4824	0.2005	1.5071	0.1517	1.5075	0.2806	1.5730	1.5110	1.5619	1.4502	1.5046	1.5574	1.3743	1.4129	0.2643
16:09:16	30.1	0.1708	1.6012	1.5001	1.5493	1.4750	1.4864	1.4735	1.5872	1.5893	1.5032	0.3361	0.2239	1.5333	1.5295	1.5226	1.3788	1.4972	0.2701	1.5746	1.4731	1.4665	0.2544	0.2564	1.2814	1.5981	1.5479	1.4743	1.5138	1.5868	0.2441	1.5029	1.4082	1.5352	1.4712	0.2517	1.2922	1.4589	1.3634	1.4984	1.6289	1.4924	0.2397	1.4911	0.2479	1.4986	1.4578	0.2535	1.4675	1.3664	1.4759	1.6272	1.5560	1.4759	0.2329	1.5439	1.4903	1.5401	1.4439	0.2435	1.3453	1.5406	1.6182	1.5082	1.5139	0.2412	0.2286	1.5376	1.4889	1.3175	1.4839	0.2443	1.3028	1.5109	1.5155	1.4954	1.6170	1.5397	0.2380	1.5543	1.4516	1.4598	1.4867	0.2004	1.5126	0.1518	1.5117	0.2805	1.5814	1.5149	1.5646	1.4600	1.5089	1.5569	1.3873	1.4199	0.2644
16:19:16	30.1	0.1708	1.6068	1.5062	1.5499	1.4778	1.4936	1.4729	1.5912	1.6155	1.5165	0.3361	0.2237	1.5354	1.5302	1.5257	1.4053	1.5015	0.2701	1.5771	1.4785	1.4666	0.2545	0.2564	1.2917	1.5960	1.5482	1.4777	1.5162	1.5898	0.2440	1.5110	1.4116	1.5408	1.4708	0.2516	1.2960	1.4563	1.3707	1.4948	1.6275	1.4956	0.2397	1.4948	0.2477	1.4987	1.4616	0.2533	1.4706	1.3813	1.4749	1.6306	1.5531	1.4707	0.2328	1.5500	1.4873	1.5428	1.4478	0.2436	1.3446	1.5379	1.6170	1.5040	1.5157	0.2411	0.2285	1.5386	1.4928	1.3245	1.4857	0.2442	1.3086	1.5064	1.5242	1.4868	1.6199	1.5360	0.2379	1.5570	1.4517	1.4585	1.4892	0.2003	1.5155	0.1516	1.5119	0.2803	1.5830	1.5207	1.5741	1.4619	1.5113	1.5598	1.3888	1.4283	0.2642
16:29:16	30.1	0.1709	1.6086	1.5022	1.5532	1.4802	1.4945	1.4768	1.5935	1.5858	1.5161	0.3362	0.2239	1.5362	1.5314	1.5291	1.4048	1.5034	0.2701	1.5778	1.4813	1.4681	0.2545	0.2564	1.2908	1.5949	1.5498	1.4854	1.5204	1.5931	0.2440	1.5129	1.4209	1.5468	1.4713	0.2515	1.2965	1.4550	1.3744	1.5008	1.6290	1.4970	0.2397	1.4967	0.2479	1.5026	1.4648	0.2534	1.4738	1.3873	1.4801	1.6351	1.5553	1.4734	0.2330	1.5553	1.4904	1.5452	1.4456	0.2436	1.3522	1.5361	1.6162	1.5061	1.5191	0.2410	0.2286	1.5400	1.4968	1.3283	1.4882	0.2442	1.3117	1.5147	1.5259	1.4964	1.6274	1.5405	0.2382	1.5591	1.4544	1.4597	1.4891	0.2001	1.5171	0.1516	1.5102	0.2801	1.5847	1.5257	1.5774	1.4663	1.5146	1.5636	1.3927	1.4340	0.2643
16:39:16	30.1	0.1709	1.6105	1.5130	1.5592	1.4854	1.4950	1.4823	1.5940	1.5982	1.5186	0.3362	0.2238	1.5364	1.5368	1.5345	1.4049	1.5066	0.2701	1.5783	1.4848	1.4755	0.2544	0.2565	1.2986	1.5926	1.5534	1.4853	1.5206	1.5928	0.2441	1.5187	1.4181	1.5467	1.4736	0.2516	1.3016	1.4607	1.3753	1.5033	1.6277	1.4956	0.2398	1.5014	0.2479	1.5060	1.4712	0.2533	1.4756	1.3775	1.4801	1.6348	1.5657	1.4755	0.2328	1.5567	1.4946	1.5500	1.4490	0.2438	1.3566	1.5387	1.6156	1.5132	1.5163	0.2411	0.2286	1.5420	1.5023	1.3406	1.4900	0.2442	1.3215	1.5183	1.5311	1.5011	1.6227	1.5435	0.2383	1.5630	1.4609	1.4642	1.4959	0.2004	1.5220	0.1517	1.5185	0.2804	1.5869	1.5304	1.5837	1.4728	1.5213	1.5672	1.4040	1.4325	0.2643
16:49:16	30.1	0.1710	1.6141	1.5085	1.5608	1.4898	1.5004	1.4836	1.5997	1.6257	1.5269	0.3363	0.2239	1.5424	1.5348	1.5385	1.4200	1.5117	0.2702	1.5825	1.4843	1.4749	0.2545	0.2566	1.2985	1.5915	1.5531	1.4931	1.5207	1.5997	0.2443	1.5272	1.4313	1.5553	1.4771	0.2519	1.3080	1.4670	1.3791	1.5079	1.6280	1.5041	0.2398	1.5024	0.2480	1.5052	1.4765	0.2535	1.4776	1.3920	1.4830	1.6353	1.5638	1.4845	0.2329	1.5646	1.4953	1.5529	1.4531	0.2440	1.3561	1.5348	1.6146	1.5182	1.5299	0.2411	0.2286	1.5431	1.5039	1.3569	1.4917	0.2444	1.3267	1.5203	1.5355	1.5025	1.6307	1.5472	0.2382	1.5637	1.4647	1.4657	1.4983	0.2003	1.5244	0.1518	1.5202	0.2804	1.5845	1.5343	1.5881	1.4787	1.5215	1.5696	1.4046	1.4394	0.2644
16:59:16	30.1	0.1709	1.6166	1.5157	1.5641	1.4937	1.5033	1.4869	1.6018	1.6094	1.5361	0.3363	0.2239	1.5465	1.5324	1.5422	1.4273	1.5112	0.2703	1.5827	1.4879	1.4805	0.2545	0.2566	1.3063	1.5892	1.5555	1.4958	1.5256	1.5968	0.2442	1.5277	1.4358	1.5558	1.4821	0.2519	1.3074	1.4669	1.3869	1.5126	1.6273	1.5094	0.2398	1.5092	0.2481	1.5078	1.4795	0.2535	1.4787	1.3937	1.4891	1.6377	1.5721	1.4877	0.2329	1.5665	1.4986	1.5553	1.4533	0.2439	1.3603	1.5361	1.6135	1.5259	1.5332	0.2411	0.2288	1.5423	1.5070	1.3596	1.4939	0.2443	1.3318	1.5258	1.5377	1.5133	1.6333	1.5518	0.2383	1.5688	1.4687	1.4701	1.4997	0.2003	1.5260	0.1518	1.5271	0.2801	1.5800	1.5375	1.5927	1.4777	1.5263	1.5728	1.4082	1.4452	0.2645
17:09:16	30.1	0.1709	1.6181	1.5177	1.5671	1.4972	1.5041	1.4920	1.6034	1.6244	1.5404	0.3362	0.2238	1.5482	1.5344	1.5459	1.4307	1.5147	0.2701	1.5841	1.4907	1.4822	0.2545	0.2566	1.3137	1.5864	1.5569	1.4972	1.5269	1.5966	0.2442	1.5302	1.4382	1.5619	1.4838	0.2515	1.3088	1.4695	1.3924	1.5138	1.6267	1.5082	0.2397	1.5090	0.2481	1.5065	1.4828	0.2534	1.4808	1.3971	1.4878	1.6361	1.5783	1.4901	0.2328	1.5705	1.5034	1.5573	1.4564	0.2438	1.3597	1.5344	1.6120	1.5248	1.5322	0.2411	0.2286	1.5444	1.5098	1.3636	1.4961	0.2442	1.3325	1.5311	1.5401	1.5106	1.6364	1.5526	0.2381	1.5717	1.4689	1.4741	1.4974	0.2002	1.5272	0.1517	1.5241	0.2799	1.5791	1.5413	1.5983	1.4918	1.5265	1.5745	1.4090	1.4451	0.2644
17:19:16	30.1	0.1709	1.6189	1.5149	1.5710	1.5017	1.5073	1.4936	1.6059	1.6300	1.5413	0.3360	0.2237	1.5513	1.5286	1.5474	1.4372	1.5153	0.2700	1.5870	1.4945	1.4892	0.2544	0.2564	1.3167	1.5835	1.5582	1.4998	1.5289	1.5972	0.2440	1.5339	1.4406	1.5704	1.4836	0.2516	1.3077	1.4687	1.3933	1.5141	1.6268	1.5135	0.2397	1.5112	0.2479	1.5064	1.4874	0.2532	1.4810	1.4007	1.4916	1.6361	1.5812	1.4941	0.2329	1.5741	1.5023	1.5597	1.4581	0.2437	1.3608	1.5334	1.6104	1.5218	1.5349	0.2412	0.2286	1.5417	1.5104	1.3684	1.4956	0.2442	1.3379	1.5307	1.5450	1.5128	1.6379	1.5519	0.2379	1.5733	1.4697	1.4732	1.5029	0.2002	1.5286	0.1516	1.5281	0.2798	1.5800	1.5446	1.6037	1.4949	1.5273	1.5758	1.4119	1.4443	0.2642
17:29:16	30.1	0.1709	1.6190	1.5179	1.5743	1.5064	1.5206	1.5001	1.6079	1.6386	1.5469	0.3362	0.2238	1.5564	1.5286	1.5511	1.4469	1.5181	0.2701	1.5878	1.4929	1.4900	0.2545	0.2565	1.3173	1.5798	1.5603	1.5035	1.5352	1.5985	0.2442	1.5396	1.4408	1.5754	1.4871	0.2517	1.3146	1.4711	1.3955	1.5162	1.6265	1.5158	0.2398	1.5143	0.2481	1.5049	1.4920	0.2534	1.4816	1.4014	1.4913	1.6356	1.5863	1.4907	0.2330	1.5774	1.5063	1.5624	1.4608	0.2438	1.3680	1.5327	1.6095	1.5329	1.5402	0.2412	0.2288	1.5393	1.5069	1.3724	1.5001	0.2443	1.3469	1.5303	1.5478	1.5147	1.6360	1.5531	0.2382	1.5762	1.4775	1.4779	1.5087	0.2003	1.5292	0.1517	1.5240	0.2796	1.5784	1.5478	1.6085	1.4979	1.5298	1.5765	1.4183	1.4456	0.2645
17:39:16	30.1	0.1709	1.6174	1.5107	1.5797	1.5099	1.5204	1.4968	1.6101	1.6154	1.5433	0.3362	0.2238	1.5565	1.5269	1.5553	1.4501	1.5176	0.2702	1.5901	1.4987	1.4950	0.2545	0.2565	1.3229	1.5774	1.5647	1.5048	1.5340	1.5987	0.2443	1.5449	1.4543	1.5734	1.4898	0.2516	1.3130	1.4725	1.4006	1.5192	1.6266	1.5147	0.2398	1.5192	0.2480	1.5064	1.4955	0.2534	1.4816	1.3961	1.4927	1.6345	1.5949	1.4978	0.2328	1.5800	1.5082	1.5646	1.4637	0.2436	1.3676	1.5325	1.6085	1.5362	1.5425	0.2411	0.2286	1.5351	1.5031	1.3801	1.5006	0.2442	1.3502	1.5366	1.5491	1.5234	1.6365	1.5534	0.2381	1.5791	1.4769	1.4749	1.5109	0.2003	1.5320	0.1516	1.5227	0.2798	1.5776	1.5495	1.6123	1.4971	1.5318	1.5779	1.4186	1.4515	0.2643
17:49:16	30.1	0.1708	1.6223	1.5073	1.5794	1.5146	1.5186	1.4991	1.6099	1.6359	1.5555	0.3361	0.2236	1.5628	1.5288	1.5586	1.4579	1.5200	0.2702	1.5908	1.4967	1.4977	0.2544	0.2565	1.3221	1.5738	1.5634	1.5090	1.5357	1.5991	0.2441	1.5473	1.4431	1.5788	1.4914	0.2516	1.3169	1.4712	1.4065	1.5173	1.6254	1.5173	0.2398	1.5208	0.2480	1.5080	1.5008	0.2534	1.4819	1.4090	1.4966	1.6328	1.5949	1.4950	0.2330	1.5844	1.5098	1.5662	1.4686	0.2436	1.3707	1.5290	1.6057	1.5368	1.5473	0.2409	0.2287	1.5326	1.5012	1.3878	1.5016	0.2443	1.3528	1.5335	1.5557	1.5185	1.6421	1.5543	0.2380	1.5802	1.4732	1.4775	1.5144	0.2003	1.5316	0.1516	1.5176	0.2797	1.5758	1.5536	1.6124	1.5019	1.5332	1.5776	1.4175	1.4519	0.2644
17:59:16	30.1	0.1710	1.6221	1.5084	1.5825	1.5209	1.5232	1.4986	1.6117	1.6411	1.5553	0.3364	0.2238	1.5631	1.5288	1.5614	1.4633	1.5231	0.2703	1.5929	1.5020	1.5014	0.2545	0.2566	1.3326	1.5700	1.5647	1.5094	1.5388	1.5977	0.2443	1.5501	1.4607	1.5823	1.4920	0.2517	1.3157	1.4773	1.4100	1.5187	1.6249	1.5238	0.2400	1.5252	0.2483	1.5061	1.5035	0.2535	1.4823	1.4091	1.4970	1.6331	1.5979	1.4996	0.2331	1.5893	1.5147	1.5691	1.4681	0.2437	1.3725	1.5269	1.6046	1.5380	1.5452	0.2413	0.2288	1.5327	1.5022	1.3894	1.5019	0.2444	1.3547	1.5366	1.5585	1.5202	1.6420	1.5539	0.2382	1.5822	1.4783	1.4791	1.5176	0.2004	1.5323	0.1518	1.5170	0.2797	1.5782	1.5559	1.6165	1.5074	1.5343	1.5779	1.4229	1.4586	0.2645
18:09:16	30.1	0.1711	1.6214	1.5083	1.5858	1.5220	1.5199	1.5013	1.6130	1.6264	1.5577	0.3364	0.2240	1.5679	1.5282	1.5624	1.4707	1.5215	0.2704	1.5941	1.5008	1.4975	0.2547	0.2567	1.3288	1.5668	1.5655	1.5137	1.5319	1.5968	0.2445	1.5555	1.4490	1.5823	1.5009	0.2519	1.3205	1.4780	1.4155	1.5191	1.6249	1.5250	0.2399	1.5223	0.2482	1.5047	1.5063	0.2535	1.4815	1.4103	1.4995	1.6324	1.6002	1.4988	0.2331	1.5884	1.5163	1.5705	1.4690	0.2437	1.3739	1.5263	1.6026	1.5481	1.5444	0.2411	0.2288	1.5320	1.5039	1.3987	1.5083	0.2444	1.3551	1.5411	1.5601	1.5268	1.6443	1.5516	0.2382	1.5846	1.4837	1.4847	1.5191	0.2005	1.5328	0.1519	1.5188	0.2800	1.5793	1.5593	1.6186	1.5116	1.5366	1.5778	1.4239	1.4587	0.2646

OD 600 heat:600

0:09:16	40.0	0.1696	1.6127	1.5057	1.5878	1.5157	1.5181	1.4934	1.6108	1.6626	1.5530	0.3338	0.2221	1.5602	1.5272	1.5617	1.4613	1.5176	0.2676	1.5927	1.5086	1.4967	0.2525	0.2542	1.3298	1.5584	1.5613	1.5102	1.5302	1.5935	0.2412	1.5534	1.4492	1.5789	1.4896	0.2493	1.3081	1.4731	1.4169	1.5137	1.6194	1.5162	0.2365	1.5175	0.2452	1.5004	1.5046	0.2509	1.4727	1.3779	1.4931	1.6269	1.5948	1.4946	0.2297	1.5830	1.5088	1.5663	1.4592	0.2398	1.3629	1.5149	1.5962	1.5366	1.5375	0.2374	0.2257	1.5269	1.5014	1.3986	1.4983	0.2410	1.3404	1.5332	1.5570	1.5205	1.6412	1.5475	0.2350	1.5799	1.4795	1.4712	1.5143	0.1986	1.5184	0.1513	1.5178	0.2725	1.5729	1.5500	1.6107	1.4982	1.5196	1.5715	1.4057	1.4386	0.2596
0:19:16	40.0	0.1686	1.6198	1.5177	1.5807	1.5271	1.5235	1.4974	1.6027	1.6321	1.5527	0.3318	0.2200	1.5616	1.5376	1.5549	1.4889	1.5162	0.2636	1.5864	1.5009	1.4971	0.2494	0.2508	1.3340	1.5461	1.5500	1.5163	1.5381	1.5854	0.2379	1.5529	1.4514	1.5759	1.4930	0.2451	1.3155	1.4804	1.4168	1.5157	1.6123	1.5183	0.2330	1.5266	0.2424	1.5038	1.4995	0.2472	1.4663	1.4011	1.5031	1.6211	1.5911	1.5014	0.2261	1.5833	1.5161	1.5599	1.4568	0.2348	1.3613	1.4927	1.5880	1.5376	1.5421	0.2338	0.2225	1.5422	1.4971	1.3970	1.5000	0.2370	1.3475	1.5410	1.5608	1.5267	1.6408	1.5549	0.2319	1.5739	1.4848	1.4772	1.5108	0.1967	1.4984	0.1506	1.5239	0.2610	1.5893	1.5441	1.6113	1.5112	1.5257	1.5644	1.4135	1.4498	0.2554
0:29:16	40.0	0.1678	1.6234	1.5429	1.5676	1.5452	1.5409	1.5239	1.6057	1.6311	1.5691	0.3306	0.2189	1.5665	1.5632	1.5287	1.5077	1.5367	0.2614	1.5851	1.5201	1.5134	0.2477	0.2494	1.3504	1.5318	1.5167	1.5319	1.5581	1.5779	0.2365	1.5607	1.4624	1.5843	1.5087	0.2432	1.3320	1.4976	1.4298	1.5326	1.6024	1.5379	0.2312	1.5427	0.2411	1.5170	1.4865	0.2453	1.4632	1.4220	1.5209	1.6141	1.5949	1.5175	0.2241	1.5925	1.5289	1.5473	1.4803	0.2321	1.3833	1.4421	1.5723	1.5540	1.5555	0.2321	0.2208	1.5557	1.4873	1.4062	1.5138	0.2349	1.3600	1.5547	1.5690	1.5454	1.6431	1.5690	0.2304	1.5535	1.5026	1.4968	1.5082	0.1957	1.4370	0.1501	1.5389	0.2528	1.6038	1.5226	1.6191	1.5240	1.5416	1.5511	1.4479	1.4755	0.2537
0:39:16	40.0	0.1673	1.6218	1.5440	1.5456	1.5504	1.5398	1.5298	1.6039	1.6299	1.5699	0.3299	0.2183	1.5694	1.5700	1.4757	1.5096	1.5415	0.2605	1.5854	1.5253	1.5166	0.2472	0.2486	1.3637	1.5256	1.4757	1.5423	1.5612	1.5782	0.2362	1.5677	1.4746	1.5885	1.5228	0.2421	1.3474	1.5052	1.4261	1.5423	1.6006	1.5491	0.2305	1.5532	0.2409	1.5274	1.4547	0.2447	1.4550	1.4222	1.5281	1.6090	1.5953	1.5283	0.2235	1.5964	1.5388	1.5224	1.4877	0.2308	1.3892	1.3817	1.5669	1.5641	1.5689	0.2313	0.2202	1.5675	1.4511	1.3989	1.5234	0.2340	1.3664	1.5574	1.5700	1.5507	1.6472	1.5782	0.2298	1.5150	1.5099	1.5079	1.5031	0.1954	1.3798	0.1499	1.5367	0.2474	1.6066	1.4814	1.6178	1.5327	1.5442	1.5365	1.4581	1.4850	0.2530
0:49:16	40.0	0.1670	1.6193	1.5439	1.5168	1.5440	1.5393	1.5247	1.5972	1.6284	1.5697	0.3291	0.2178	1.5724	1.5688	1.4192	1.5120	1.5439	0.2602	1.5761	1.5223	1.5128	0.2469	0.2482	1.3702	1.5196	1.4432	1.5440	1.5613	1.5779	0.2361	1.5717	1.4847	1.5907	1.5149	0.2416	1.3516	1.5062	1.4287	1.5418	1.5950	1.5468	0.2300	1.5516	0.2408	1.5286	1.4101	0.2443	1.4423	1.4229	1.5295	1.6001	1.5983	1.5273	0.2230	1.5963	1.5393	1.4903	1.4888	0.2303	1.3875	1.3194	1.5610	1.5660	1.5670	0.2307	0.2198	1.5671	1.4067	1.4133	1.5205	0.2337	1.3563	1.5540	1.5728	1.5478	1.6487	1.5748	0.2293	1.4814	1.5111	1.5084	1.4941	0.1949	1.3377	0.1495	1.5364	0.2438	1.6017	1.4417	1.6157	1.5317	1.5410	1.5276	1.4541	1.4848	0.2526
0:59:16	40.0	0.1668	1.6187	1.5362	1.4895	1.5315	1.5258	1.5212	1.5884	1.6314	1.5703	0.3285	0.2175	1.5728	1.5610	1.3719	1.5283	1.5413	0.2599	1.5724	1.5185	1.5089	0.2467	0.2479	1.3699	1.5090	1.4105	1.5414	1.5587	1.5661	0.2360	1.5729	1.4837	1.5868	1.5187	0.2412	1.3535	1.5020	1.4358	1.5386	1.5860	1.5443	0.2298	1.5460	0.2407	1.5254	1.3793	0.2441	1.4315	1.4346	1.5272	1.5970	1.5978	1.5246	0.2227	1.5960	1.5363	1.4687	1.4855	0.2298	1.3852	1.2589	1.5500	1.5603	1.5639	0.2306	0.2196	1.5631	1.3726	1.4457	1.5190	0.2333	1.3515	1.5504	1.5767	1.5454	1.6465	1.5728	0.2293	1.4556	1.5075	1.5062	1.4855	0.1946	1.2958	0.1494	1.5333	0.2415	1.5998	1.4054	1.6156	1.5283	1.5352	1.5196	1.4562	1.4838	0.2524
1:09:16	40.0	0.1665	1.6161	1.5329	1.4642	1.5259	1.5249	1.5186	1.5805	1.6309	1.5600	0.3278	0.2171	1.5719	1.5571	1.3273	1.5369	1.5385	0.2598	1.5631	1.5130	1.4993	0.2466	0.2478	1.3652	1.5017	1.3727	1.5356	1.5569	1.5613	0.2360	1.5753	1.4824	1.5911	1.5151	0.2410	1.3529	1.4999	1.4377	1.5370	1.5785	1.5403	0.2296	1.5425	0.2407	1.5224	1.3608	0.2441	1.4212	1.4488	1.5240	1.5910	1.6004	1.5197	0.2226	1.5959	1.5351	1.4491	1.4821	0.2297	1.3805	1.2005	1.5425	1.5555	1.5578	0.2305	0.2195	1.5623	1.3526	1.4778	1.5170	0.2331	1.3416	1.5482	1.5783	1.5400	1.6476	1.5704	0.2289	1.4340	1.5027	1.5040	1.4796	0.1943	1.2537	0.1490	1.5279	0.2397	1.5973	1.3730	1.6139	1.5314	1.5304	1.5112	1.4520	1.4821	0.2523
1:19:16	40.0	0.1664	1.6220	1.5262	1.4362	1.5168	1.5164	1.5137	1.5739	1.6347	1.5581	0.3276	0.2169	1.5715	1.5516	1.2835	1.5364	1.5348	0.2597	1.5568	1.5060	1.4922	0.2466	0.2476	1.3717	1.4970	1.3298	1.5285	1.5522	1.5534	0.2362	1.5760	1.4803	1.5896	1.5148	0.2409	1.3505	1.4926	1.4474	1.5322	1.5791	1.5354	0.2297	1.5391	0.2407	1.5185	1.3441	0.2440	1.4098	1.4542	1.5194	1.5893	1.6038	1.5159	0.2226	1.5955	1.5320	1.4313	1.4764	0.2296	1.3760	1.1473	1.5390	1.5509	1.5532	0.2305	0.2194	1.5587	1.3320	1.5007	1.5136	0.2332	1.3355	1.5444	1.5804	1.5339	1.6487	1.5672	0.2289	1.4096	1.4990	1.5010	1.4709	0.1941	1.2101	0.1491	1.5195	0.2385	1.5939	1.3450	1.6135	1.5323	1.5223	1.5092	1.4487	1.4804	0.2523
1:29:16	40.0	0.1663	1.6187	1.5206	1.4110	1.5086	1.5072	1.5091	1.5699	1.6372	1.5480	0.3269	0.2168	1.5720	1.5468	1.2439	1.5408	1.5303	0.2596	1.5466	1.5002	1.4800	0.2464	0.2476	1.3709	1.4901	1.2870	1.5214	1.5479	1.5494	0.2361	1.5768	1.4749	1.5901	1.5134	0.2409	1.3497	1.4868	1.4527	1.5267	1.5722	1.5319	0.2294	1.5345	0.2407	1.5162	1.3252	0.2438	1.4007	1.4630	1.5136	1.5852	1.6057	1.5088	0.2225	1.5966	1.5320	1.4126	1.4719	0.2292	1.3725	1.1078	1.5290	1.5455	1.5493	0.2304	0.2192	1.5576	1.3086	1.5029	1.5099	0.2329	1.3242	1.5397	1.5806	1.5261	1.6495	1.5653	0.2289	1.3817	1.4898	1.4992	1.4674	0.1940	1.1710	0.1489	1.5086	0.2374	1.5914	1.3136	1.6137	1.5337	1.5146	1.5058	1.4454	1.4788	0.2520
1:39:16	40.0	0.1661	1.6170	1.5157	1.3861	1.5016	1.5033	1.5048	1.5641	1.6417	1.5415	0.3268	0.2167	1.5707	1.5428	1.2027	1.5464	1.5252	0.2595	1.5429	1.4940	1.4728	0.2464	0.2475	1.3705	1.4836	1.2477	1.5153	1.5422	1.5421	0.2362	1.5830	1.4697	1.5922	1.5100	0.2405	1.3426	1.4810	1.4591	1.5217	1.5690	1.5270	0.2294	1.5293	0.2407	1.5154	1.2998	0.2439	1.3987	1.4799	1.5092	1.5769	1.6064	1.5023	0.2224	1.5998	1.5304	1.3896	1.4665	0.2293	1.3681	1.0793	1.5223	1.5419	1.5439	0.2303	0.2192	1.5554	1.2820	1.5088	1.5059	0.2329	1.3129	1.5344	1.5821	1.5179	1.6412	1.5627	0.2289	1.3477	1.4864	1.4952	1.4653	0.1940	1.1343	0.1489	1.5041	0.2363	1.5880	1.2804	1.6157	1.5399	1.5068	1.4970	1.4404	1.4750	0.2519
1:49:16	40.0	0.1661	1.6164	1.5108	1.3607	1.4940	1.4967	1.4984	1.5563	1.6429	1.5348	0.3262	0.2164	1.5727	1.5380	1.1654	1.5540	1.5195	0.2596	1.5343	1.4871	1.4630	0.2464	0.2473	1.3692	1.4748	1.2110	1.5078	1.5369	1.5310	0.2363	1.5855	1.4638	1.5961	1.5079	0.2407	1.3433	1.4710	1.4637	1.5147	1.5566	1.5227	0.2294	1.5253	0.2407	1.5130	1.2689	0.2439	1.3901	1.4866	1.5023	1.5701	1.6005	1.4951	0.2224	1.6006	1.5287	1.3655	1.4597	0.2291	1.3628	1.0570	1.5139	1.5367	1.5384	0.2303	0.2191	1.5533	1.2484	1.5114	1.5014	0.2330	1.3038	1.5282	1.5853	1.5076	1.6417	1.5596	0.2288	1.3127	1.4793	1.4918	1.4605	0.1938	1.1128	0.1487	1.4946	0.2356	1.5843	1.2463	1.6166	1.5456	1.4978	1.4911	1.4355	1.4715	0.2517
1:59:16	40.0	0.1658	1.6138	1.5027	1.3312	1.4840	1.4883	1.4911	1.5514	1.6473	1.5254	0.3257	0.2162	1.5720	1.5317	1.1316	1.5592	1.5121	0.2594	1.5274	1.4804	1.4528	0.2462	0.2473	1.3702	1.4695	1.1784	1.4996	1.5295	1.5275	0.2363	1.5868	1.4572	1.5935	1.5051	0.2403	1.3381	1.4607	1.4671	1.5065	1.5508	1.5164	0.2293	1.5190	0.2406	1.5106	1.2368	0.2437	1.3810	1.4911	1.4937	1.5675	1.6030	1.4863	0.2223	1.5980	1.5259	1.3374	1.4522	0.2290	1.3556	1.0368	1.5061	1.5294	1.5319	0.2302	0.2191	1.5502	1.2146	1.5189	1.4952	0.2328	1.2916	1.5211	1.5852	1.4987	1.6427	1.5553	0.2286	1.2773	1.4715	1.4874	1.4536	0.1937	1.0891	0.1487	1.4831	0.2353	1.5781	1.2084	1.6190	1.5530	1.4859	1.4855	1.4313	1.4692	0.2517
2:09:16	40.0	0.1658	1.6156	1.4951	1.3002	1.4752	1.4823	1.4840	1.5541	1.6498	1.5166	0.3253	0.2158	1.5722	1.5248	1.1027	1.5654	1.5049	0.2594	1.5210	1.4710	1.4412	0.2461	0.2471	1.3669	1.4631	1.1489	1.4923	1.5221	1.5267	0.2360	1.5902	1.4504	1.5965	1.5011	0.2402	1.3370	1.4502	1.4731	1.4986	1.5454	1.5096	0.2291	1.5132	0.2406	1.5088	1.2020	0.2436	1.3819	1.4973	1.4861	1.5615	1.6053	1.4784	0.2223	1.6024	1.5250	1.3043	1.4453	0.2288	1.3496	1.0200	1.5007	1.5214	1.5263	0.2300	0.2190	1.5464	1.1775	1.5208	1.4905	0.2327	1.2809	1.5130	1.5872	1.4895	1.6430	1.5514	0.2285	1.2405	1.4661	1.4836	1.4543	0.1936	1.0685	0.1484	1.4711	0.2345	1.5726	1.1721	1.6206	1.5574	1.4762	1.4790	1.4270	1.4696	0.2514
2:19:16	40.0	0.1656	1.6118	1.4886	1.2752	1.4654	1.4753	1.4767	1.5478	1.6536	1.5088	0.3253	0.2160	1.5748	1.5172	1.0798	1.5679	1.4975	0.2595	1.5145	1.4664	1.4334	0.2461	0.2472	1.3669	1.4542	1.1247	1.4844	1.5137	1.5204	0.2362	1.5937	1.4457	1.6002	1.4999	0.2402	1.3340	1.4404	1.4773	1.4911	1.5353	1.5029	0.2293	1.5084	0.2407	1.5063	1.1708	0.2437	1.3763	1.5032	1.4772	1.5549	1.6084	1.4714	0.2224	1.6044	1.5215	1.2734	1.4395	0.2289	1.3441	1.0057	1.4917	1.5152	1.5205	0.2302	0.2190	1.5428	1.1433	1.5241	1.4853	0.2328	1.2712	1.5052	1.5883	1.4791	1.6430	1.5471	0.2285	1.2088	1.4589	1.4797	1.4519	0.1936	1.0555	0.1486	1.4598	0.2343	1.5662	1.1358	1.6226	1.5627	1.4653	1.4734	1.4229	1.4691	0.2517
2:29:16	40.0	0.1655	1.6103	1.4789	1.2473	1.4545	1.4680	1.4679	1.5393	1.6589	1.4995	0.3251	0.2156	1.5757	1.5076	1.0597	1.5764	1.4890	0.2595	1.5067	1.4587	1.4242	0.2459	0.2468	1.3653	1.4513	1.1030	1.4745	1.5041	1.5140	0.2361	1.5937	1.4386	1.5983	1.4963	0.2400	1.3318	1.4272	1.4837	1.4820	1.5293	1.4954	0.2291	1.5036	0.2407	1.5032	1.1440	0.2436	1.3712	1.5070	1.4670	1.5520	1.6080	1.4617	0.2223	1.6015	1.5196	1.2414	1.4317	0.2288	1.3369	0.9975	1.4840	1.5089	1.5140	0.2301	0.2188	1.5387	1.1152	1.5368	1.4800	0.2326	1.2607	1.4948	1.5895	1.4658	1.6428	1.5409	0.2283	1.1807	1.4506	1.4758	1.4512	0.1935	1.0444	0.1483	1.4467	0.2335	1.5591	1.1061	1.6225	1.5672	1.4520	1.4690	1.4176	1.4688	0.2514
2:39:16	39.9	0.1654	1.6126	1.4694	1.2223	1.4424	1.4614	1.4582	1.5357	1.6596	1.4903	0.3249	0.2158	1.5774	1.4983	1.0446	1.5797	1.4806	0.2594	1.5031	1.4526	1.4146	0.2460	0.2468	1.3632	1.4440	1.0890	1.4644	1.4942	1.5083	0.2360	1.5985	1.4329	1.6020	1.4949	0.2403	1.3332	1.4137	1.4894	1.4727	1.5215	1.4895	0.2292	1.4989	0.2406	1.5011	1.1187	0.2437	1.3676	1.5118	1.4568	1.5456	1.6092	1.4521	0.2221	1.6050	1.5171	1.2117	1.4247	0.2289	1.3311	0.9877	1.4772	1.5024	1.5081	0.2299	0.2188	1.5333	1.0881	1.5363	1.4743	0.2326	1.2502	1.4850	1.5915	1.4518	1.6450	1.5356	0.2283	1.1555	1.4435	1.4710	1.4489	0.1933	1.0329	0.1482	1.4329	0.2331	1.5528	1.0829	1.6242	1.5726	1.4392	1.4639	1.4145	1.4714	0.2514
2:49:16	40.0	0.1655	1.6098	1.4592	1.2020	1.4301	1.4538	1.4497	1.5290	1.6630	1.4813	0.3248	0.2155	1.5800	1.4871	1.0339	1.5845	1.4703	0.2593	1.4965	1.4462	1.4057	0.2460	0.2469	1.3620	1.4381	1.0740	1.4526	1.4824	1.5027	0.2362	1.5989	1.4256	1.6008	1.4931	0.2400	1.3326	1.3986	1.4938	1.4621	1.5151	1.4828	0.2293	1.4934	0.2407	1.4988	1.0976	0.2436	1.3611	1.5161	1.4456	1.5415	1.6109	1.4406	0.2223	1.6036	1.5144	1.1826	1.4177	0.2288	1.3243	0.9796	1.4710	1.4953	1.5008	0.2302	0.2188	1.5278	1.0685	1.5432	1.4671	0.2325	1.2391	1.4732	1.5929	1.4343	1.6459	1.5299	0.2285	1.1337	1.4348	1.4664	1.4425	0.1934	1.0284	0.1482	1.4181	0.2327	1.5441	1.0660	1.6242	1.5764	1.4246	1.4582	1.4127	1.4720	0.2514
2:59:16	40.0	0.1656	1.6089	1.4484	1.1818	1.4162	1.4464	1.4391	1.5252	1.6655	1.4730	0.3245	0.2153	1.5808	1.4756	1.0202	1.5856	1.4606	0.2593	1.4912	1.4391	1.3956	0.2458	0.2467	1.3611	1.4317	1.0621	1.4374	1.4702	1.4970	0.2362	1.6017	1.4188	1.6019	1.4917	0.2398	1.3352	1.3821	1.4989	1.4505	1.5093	1.4748	0.2290	1.4878	0.2406	1.4954	1.0833	0.2435	1.3565	1.5202	1.4337	1.5361	1.6113	1.4263	0.2223	1.6048	1.5119	1.1591	1.4088	0.2286	1.3181	0.9747	1.4640	1.4858	1.4931	0.2300	0.2187	1.5218	1.0466	1.5454	1.4603	0.2325	1.2303	1.4603	1.5952	1.4139	1.6465	1.5224	0.2281	1.1156	1.4242	1.4614	1.4379	0.1931	1.0210	0.1482	1.4023	0.2322	1.5351	1.0533	1.6263	1.5790	1.4098	1.4529	1.4091	1.4733	0.2514
3:09:16	40.0	0.1653	1.6090	1.4373	1.1651	1.4018	1.4375	1.4281	1.5221	1.6683	1.4632	0.3245	0.2154	1.5808	1.4620	1.0114	1.5918	1.4479	0.2591	1.4856	1.4320	1.3857	0.2459	0.2467	1.3604	1.4257	1.0509	1.4205	1.4567	1.4918	0.2362	1.6032	1.4105	1.6030	1.4900	0.2398	1.3380	1.3662	1.5043	1.4380	1.5028	1.4651	0.2290	1.4828	0.2405	1.4927	1.0697	0.2433	1.3503	1.5242	1.4216	1.5317	1.6123	1.4090	0.2220	1.6058	1.5096	1.1375	1.3999	0.2286	1.3097	0.9666	1.4587	1.4754	1.4848	0.2299	0.2187	1.5152	1.0330	1.5530	1.4528	0.2324	1.2184	1.4454	1.5965	1.3921	1.6474	1.5144	0.2283	1.1000	1.4136	1.4565	1.4326	0.1933	1.0142	0.1480	1.3862	0.2319	1.5248	1.0448	1.6262	1.5827	1.3953	1.4481	1.4059	1.4738	0.2513
3:19:16	40.0	0.1653	1.6095	1.4260	1.1523	1.3876	1.4306	1.4178	1.5183	1.6717	1.4546	0.3242	0.2153	1.5823	1.4494	1.0043	1.5942	1.4367	0.2592	1.4808	1.4253	1.3758	0.2459	0.2467	1.3614	1.4190	1.0427	1.4024	1.4425	1.4877	0.2362	1.6044	1.4025	1.6041	1.4877	0.2398	1.3396	1.3490	1.5090	1.4264	1.4956	1.4532	0.2290	1.4752	0.2405	1.4886	1.0577	0.2435	1.3476	1.5274	1.4076	1.5237	1.6138	1.3927	0.2222	1.6069	1.5064	1.1201	1.3892	0.2286	1.3023	0.9596	1.4527	1.4629	1.4739	0.2299	0.2188	1.5072	1.0207	1.5570	1.4450	0.2323	1.2098	1.4298	1.5983	1.3695	1.6471	1.5067	0.2283	1.0872	1.4008	1.4512	1.4286	0.1932	1.0107	0.1480	1.3698	0.2316	1.5133	1.0376	1.6278	1.5871	1.3808	1.4441	1.4015	1.4745	0.2513
3:29:16	40.0	0.1652	1.6106	1.4146	1.1422	1.3722	1.4228	1.4064	1.5145	1.6736	1.4444	0.3242	0.2150	1.5847	1.4359	0.9971	1.5985	1.4248	0.2592	1.4768	1.4183	1.3665	0.2459	0.2466	1.3625	1.4153	1.0349	1.3836	1.4284	1.4837	0.2361	1.6067	1.3941	1.6052	1.4835	0.2396	1.3435	1.3323	1.5149	1.4132	1.4899	1.4405	0.2291	1.4676	0.2405	1.4845	1.0486	0.2434	1.3443	1.5306	1.3951	1.5174	1.6149	1.3766	0.2221	1.6083	1.5027	1.1049	1.3776	0.2285	1.2957	0.9519	1.4472	1.4483	1.4619	0.2299	0.2186	1.4986	1.0121	1.5600	1.4371	0.2323	1.2015	1.4138	1.5993	1.3480	1.6485	1.4966	0.2283	1.0768	1.3881	1.4438	1.4238	0.1932	1.0053	0.1481	1.3538	0.2312	1.5015	1.0277	1.6289	1.5923	1.3664	1.4402	1.3959	1.4752	0.2512
3:39:16	40.0	0.1652	1.6094	1.4023	1.1321	1.3562	1.4136	1.3951	1.5127	1.6773	1.4359	0.3239	0.2153	1.5848	1.4211	0.9921	1.6002	1.4116	0.2591	1.4730	1.4089	1.3547	0.2458	0.2467	1.3622	1.4094	1.0283	1.3642	1.4143	1.4810	0.2362	1.6096	1.3841	1.6077	1.4808	0.2397	1.3471	1.3192	1.5183	1.3986	1.4845	1.4252	0.2290	1.4578	0.2407	1.4802	1.0416	0.2434	1.3429	1.5352	1.3791	1.5125	1.6170	1.3606	0.2221	1.6099	1.4999	1.0924	1.3638	0.2286	1.2875	0.9455	1.4427	1.4325	1.4515	0.2298	0.2187	1.4898	1.0045	1.5661	1.4279	0.2323	1.1913	1.3966	1.6015	1.3271	1.6489	1.4857	0.2282	1.0695	1.3739	1.4359	1.4204	0.1932	0.9995	0.1480	1.3375	0.2313	1.4906	1.0248	1.6309	1.5944	1.3538	1.4362	1.3906	1.4763	0.2513
3:49:16	40.0	0.1652	1.6107	1.3897	1.1231	1.3410	1.4042	1.3823	1.5101	1.6798	1.4257	0.3236	0.2151	1.5854	1.4065	0.9835	1.6023	1.3981	0.2591	1.4687	1.3989	1.3432	0.2458	0.2466	1.3612	1.4049	1.0236	1.3460	1.3994	1.4775	0.2362	1.6121	1.3727	1.6104	1.4779	0.2397	1.3502	1.3033	1.5238	1.3854	1.4804	1.4111	0.2291	1.4471	0.2406	1.4757	1.0345	0.2435	1.3414	1.5379	1.3631	1.5075	1.6173	1.3455	0.2222	1.6118	1.4952	1.0794	1.3500	0.2285	1.2775	0.9382	1.4375	1.4153	1.4365	0.2300	0.2187	1.4811	0.9920	1.5705	1.4189	0.2324	1.1811	1.3789	1.6029	1.3080	1.6502	1.4750	0.2281	1.0588	1.3582	1.4268	1.4159	0.1930	0.9957	0.1480	1.3225	0.2308	1.4767	1.0231	1.6325	1.5932	1.3425	1.4318	1.3863	1.4763	0.2511
3:59:16	40.0	0.1651	1.6107	1.3775	1.1136	1.3245	1.3933	1.3701	1.5073	1.6827	1.4152	0.3238	0.2151	1.5862	1.3914	0.9796	1.6042	1.3844	0.2592	1.4650	1.3892	1.3328	0.2457	0.2464	1.3606	1.3975	1.0170	1.3279	1.3849	1.4753	0.2362	1.6133	1.3605	1.6120	1.4730	0.2396	1.3532	1.2902	1.5274	1.3691	1.4758	1.3955	0.2291	1.4377	0.2405	1.4695	1.0267	0.2434	1.3408	1.5406	1.3472	1.5024	1.6185	1.3326	0.2221	1.6126	1.4906	1.0679	1.3345	0.2286	1.2683	0.9343	1.4323	1.3993	1.4234	0.2299	0.2187	1.4716	0.9858	1.5719	1.4097	0.2325	1.1701	1.3614	1.6039	1.2935	1.6501	1.4628	0.2281	1.0507	1.3425	1.4176	1.4130	0.1931	0.9886	0.1479	1.3082	0.2307	1.4632	1.0157	1.6326	1.5947	1.3324	1.4275	1.3821	1.4759	0.2510
4:09:16	40.1	0.1651	1.6125	1.3652	1.1059	1.3102	1.3822	1.3597	1.5051	1.6855	1.4066	0.3237	0.2148	1.5873	1.3777	0.9758	1.6073	1.3723	0.2590	1.4609	1.3790	1.3223	0.2457	0.2465	1.3587	1.3912	1.0107	1.3110	1.3720	1.4721	0.2362	1.6159	1.3488	1.6133	1.4671	0.2398	1.3542	1.2759	1.5313	1.3527	1.4704	1.3793	0.2291	1.4302	0.2405	1.4643	1.0201	0.2434	1.3400	1.5426	1.3315	1.4970	1.6190	1.3184	0.2221	1.6139	1.4841	1.0570	1.3206	0.2286	1.2595	0.9285	1.4271	1.3810	1.4074	0.2299	0.2186	1.4610	0.9772	1.5772	1.3987	0.2322	1.1610	1.3442	1.6045	1.2824	1.6508	1.4507	0.2280	1.0430	1.3307	1.4081	1.4096	0.1928	0.9865	0.1480	1.2954	0.2303	1.4495	1.0123	1.6351	1.5993	1.3230	1.4236	1.3771	1.4756	0.2512

