

Software Version	3.14.03



Experiment File Path:	C:\Users\Public\Documents\Experiments\Hermina\serial_passage\8July24\day5--8July24.xpt
Protocol File Path:	C:\Users\Public\Documents\Protocols\simple_growth_curve.prt



Plate Number	Plate 1
Date	12/07/2024
Time	09:53:56
Reader Type:	Synergy H1
Reader Serial Number:	2305190C
Reading Type	Reader

Procedure Details

Plate Type	96 WELL PLATE (Use plate lid)
Well Selection	Runtime
Eject plate on completion	
Set Temperature	Setpoint 30°C
	Preheat before moving to next step
Start Kinetic	Runtime 24:00:00 (HH:MM:SS), Interval 0:10:00, 145 Reads
    Shake	Double Orbital: Continuous
	Frequency: 205 cpm (5 mm)
    Read	OD 600
	Absorbance Endpoint
	Full Plate
	Wavelengths:  600
	Read Speed: Normal,  Delay: 100 msec,  Measurements/Data Point: 8
End Kinetic	

OD 600:600

0:09:10	30.0	0.3052	0.3469	0.3533	0.3470	0.3478	0.3495	0.3297	0.3131	0.3278	0.3316	0.2905	0.2939	0.3092	0.3392	0.3035	0.3170	0.3425	0.2937	0.3162	0.2952	0.3144	0.3177	0.3043	0.3249	0.3101	0.2834	0.3046	0.2953	0.2928	0.2973	0.3259	0.2878	0.3032	0.3347	0.2988	0.3314	0.3142	0.2946	0.3085	0.2781	0.3105	0.3019	0.3123	0.3075	0.3074	0.2766	0.3031	0.3282	0.3073	0.3282	0.3069	0.3293	0.3291	0.2984	0.2881	0.3176	0.2997	0.2999	0.3146	0.3092	0.2975	0.3127	0.3280	0.3093	0.3226	0.3031	0.3023	0.3230	0.2951	0.3301	0.2932	0.3215	0.3513	0.3289	0.3562	0.3127	0.3463	0.2928	0.2967	0.3210	0.3343	0.3091	0.3203	0.3040	0.3185	0.3815	0.3579	0.3779	0.3545	0.3686	0.3479	0.3470	0.4027	0.3843	0.3913	0.3134
0:19:10	30.0	0.3045	0.3453	0.3471	0.3471	0.3443	0.3509	0.3290	0.3130	0.3290	0.3304	0.2903	0.2939	0.3090	0.3374	0.3040	0.3156	0.3405	0.2937	0.3127	0.2951	0.3137	0.3160	0.3043	0.3232	0.3050	0.2834	0.2994	0.2956	0.2929	0.2978	0.3273	0.2879	0.3051	0.3334	0.2990	0.3308	0.3119	0.2945	0.3057	0.2787	0.3072	0.3020	0.3084	0.3078	0.3067	0.2764	0.3024	0.3275	0.3074	0.3262	0.3067	0.3302	0.3245	0.2981	0.2881	0.3151	0.2992	0.2988	0.3123	0.3093	0.2975	0.3127	0.3245	0.3083	0.3223	0.3028	0.3016	0.3209	0.2955	0.3251	0.2932	0.3204	0.3452	0.3287	0.3511	0.3128	0.3422	0.2928	0.2969	0.3160	0.3305	0.3090	0.3202	0.3038	0.3190	0.3749	0.3579	0.3771	0.3543	0.3632	0.3476	0.3436	0.4041	0.3844	0.3912	0.3135
0:29:10	30.0	0.3040	0.3456	0.3491	0.3488	0.3410	0.3476	0.3280	0.3129	0.3304	0.3293	0.2903	0.2938	0.3097	0.3371	0.3037	0.3146	0.3411	0.2935	0.3126	0.2945	0.3142	0.3149	0.3042	0.3215	0.3097	0.2834	0.2990	0.2958	0.2927	0.2979	0.3330	0.2878	0.3047	0.3328	0.2990	0.3307	0.3105	0.2943	0.3037	0.2790	0.3051	0.3018	0.3077	0.3078	0.3072	0.2759	0.3019	0.3282	0.3073	0.3246	0.3069	0.3301	0.3229	0.2984	0.2881	0.3153	0.2990	0.2971	0.3117	0.3074	0.2977	0.3131	0.3246	0.3080	0.3209	0.3026	0.3011	0.3206	0.2960	0.3249	0.2932	0.3204	0.3481	0.3355	0.3520	0.3131	0.3422	0.2929	0.2968	0.3144	0.3285	0.3090	0.3200	0.3035	0.3192	0.3750	0.3576	0.3740	0.3543	0.3671	0.3471	0.3425	0.4021	0.3813	0.3887	0.3133
0:39:10	30.0	0.3038	0.3489	0.3508	0.3508	0.3403	0.3462	0.3272	0.3130	0.3325	0.3281	0.2902	0.2939	0.3108	0.3382	0.3034	0.3156	0.3397	0.2935	0.3160	0.2943	0.3153	0.3133	0.3041	0.3213	0.3106	0.2834	0.2955	0.2958	0.2924	0.2979	0.3340	0.2876	0.3120	0.3339	0.2990	0.3331	0.3098	0.2942	0.3031	0.2790	0.3047	0.3017	0.3084	0.3078	0.3087	0.2762	0.3013	0.3295	0.3073	0.3232	0.3070	0.3264	0.3222	0.2986	0.2881	0.3134	0.2987	0.2972	0.3108	0.3082	0.2978	0.3129	0.3216	0.3076	0.3206	0.3023	0.3007	0.3192	0.2963	0.3249	0.2933	0.3209	0.3501	0.3413	0.3503	0.3134	0.3402	0.2931	0.2968	0.3140	0.3285	0.3089	0.3200	0.3035	0.3194	0.3758	0.3574	0.3731	0.3537	0.3688	0.3466	0.3420	0.4038	0.3811	0.3886	0.3140
0:49:10	30.0	0.3035	0.3507	0.3515	0.3538	0.3403	0.3458	0.3266	0.3129	0.3348	0.3273	0.2901	0.2939	0.3128	0.3385	0.3031	0.3152	0.3393	0.2933	0.3202	0.2941	0.3159	0.3133	0.3041	0.3215	0.3144	0.2833	0.2954	0.2958	0.2923	0.2979	0.3413	0.2876	0.3162	0.3353	0.2991	0.3339	0.3098	0.2941	0.3030	0.2790	0.3049	0.3018	0.3103	0.3080	0.3091	0.2761	0.3010	0.3334	0.3071	0.3227	0.3068	0.3244	0.3221	0.2987	0.2880	0.3132	0.2985	0.2987	0.3096	0.3102	0.2979	0.3128	0.3207	0.3072	0.3203	0.3020	0.3009	0.3194	0.2965	0.3256	0.2932	0.3214	0.3498	0.3502	0.3501	0.3133	0.3388	0.2931	0.2968	0.3143	0.3290	0.3087	0.3197	0.3033	0.3193	0.3755	0.3570	0.3724	0.3534	0.3749	0.3464	0.3419	0.4109	0.3814	0.3889	0.3140
0:59:10	30.0	0.3031	0.3543	0.3519	0.3584	0.3402	0.3460	0.3276	0.3129	0.3393	0.3279	0.2902	0.2939	0.3155	0.3393	0.3031	0.3164	0.3404	0.2933	0.3262	0.2938	0.3168	0.3125	0.3041	0.3226	0.3208	0.2835	0.2964	0.2959	0.2923	0.2980	0.3415	0.2874	0.3221	0.3364	0.2993	0.3350	0.3109	0.2939	0.3041	0.2789	0.3061	0.3019	0.3099	0.3078	0.3112	0.2757	0.3006	0.3380	0.3071	0.3233	0.3070	0.3253	0.3230	0.2987	0.2879	0.3140	0.2985	0.2993	0.3090	0.3120	0.2980	0.3127	0.3212	0.3071	0.3202	0.3019	0.3011	0.3199	0.2967	0.3265	0.2933	0.3230	0.3486	0.3673	0.3507	0.3135	0.3393	0.2932	0.2967	0.3148	0.3289	0.3087	0.3199	0.3033	0.3195	0.3762	0.3569	0.3725	0.3535	0.3847	0.3463	0.3427	0.4180	0.3815	0.3901	0.3140
1:09:10	30.1	0.3029	0.3589	0.3530	0.3645	0.3412	0.3467	0.3290	0.3129	0.3449	0.3297	0.2901	0.2938	0.3194	0.3401	0.3030	0.3170	0.3416	0.2933	0.3336	0.2936	0.3179	0.3124	0.3040	0.3238	0.3299	0.2835	0.2976	0.2959	0.2922	0.2981	0.3514	0.2873	0.3383	0.3381	0.2993	0.3366	0.3120	0.2939	0.3049	0.2789	0.3072	0.3020	0.3125	0.3079	0.3122	0.2755	0.3004	0.3446	0.3072	0.3245	0.3070	0.3272	0.3246	0.2988	0.2879	0.3152	0.2985	0.3002	0.3088	0.3141	0.2981	0.3126	0.3227	0.3069	0.3201	0.3017	0.3014	0.3213	0.2968	0.3279	0.2931	0.3249	0.3523	0.3770	0.3515	0.3135	0.3405	0.2932	0.2968	0.3157	0.3302	0.3086	0.3196	0.3055	0.3196	0.3784	0.3568	0.3737	0.3534	0.4093	0.3461	0.3444	0.4325	0.3826	0.3933	0.3146
1:19:10	30.1	0.3026	0.3649	0.3541	0.3738	0.3432	0.3481	0.3314	0.3127	0.3522	0.3320	0.2901	0.2938	0.3246	0.3407	0.3028	0.3182	0.3429	0.2932	0.3455	0.2934	0.3191	0.3123	0.3039	0.3254	0.3378	0.2835	0.2989	0.2958	0.2922	0.2981	0.3670	0.2873	0.3568	0.3396	0.2992	0.3377	0.3125	0.2939	0.3058	0.2790	0.3081	0.3021	0.3133	0.3077	0.3133	0.2755	0.3003	0.3530	0.3074	0.3259	0.3071	0.3293	0.3265	0.2988	0.2879	0.3168	0.2983	0.3013	0.3087	0.3164	0.2979	0.3125	0.3240	0.3067	0.3199	0.3016	0.3017	0.3228	0.2966	0.3289	0.2931	0.3270	0.3545	0.3961	0.3518	0.3134	0.3421	0.2933	0.2968	0.3180	0.3322	0.3085	0.3197	0.3065	0.3195	0.3786	0.3568	0.3771	0.3534	0.4125	0.3462	0.3464	0.4492	0.3851	0.3974	0.3142
1:29:10	30.0	0.3024	0.3738	0.3563	0.3878	0.3458	0.3507	0.3350	0.3128	0.3616	0.3358	0.2902	0.2939	0.3314	0.3419	0.3028	0.3190	0.3440	0.2932	0.3589	0.2932	0.3220	0.3123	0.3040	0.3272	0.3494	0.2835	0.3005	0.2957	0.2920	0.2981	0.3816	0.2872	0.3680	0.3400	0.2992	0.3389	0.3132	0.2937	0.3069	0.2790	0.3089	0.3020	0.3157	0.3079	0.3134	0.2753	0.3001	0.3640	0.3074	0.3288	0.3071	0.3323	0.3287	0.2989	0.2879	0.3186	0.2983	0.3025	0.3083	0.3178	0.2980	0.3124	0.3256	0.3067	0.3197	0.3015	0.3021	0.3245	0.2966	0.3301	0.2931	0.3296	0.3542	0.4043	0.3528	0.3134	0.3442	0.2933	0.2968	0.3201	0.3342	0.3084	0.3194	0.3041	0.3197	0.3835	0.3567	0.3821	0.3534	0.4307	0.3461	0.3501	0.4670	0.3896	0.4094	0.3140
1:39:10	30.0	0.3023	0.3829	0.3633	0.4008	0.3471	0.3567	0.3400	0.3127	0.3716	0.3405	0.2902	0.2938	0.3384	0.3435	0.3025	0.3187	0.3447	0.2931	0.3762	0.2933	0.3257	0.3122	0.3039	0.3293	0.3696	0.2835	0.3022	0.2956	0.2920	0.2981	0.3993	0.2872	0.3812	0.3449	0.2992	0.3419	0.3138	0.2938	0.3092	0.2791	0.3102	0.3020	0.3185	0.3079	0.3125	0.2757	0.2998	0.3762	0.3074	0.3318	0.3073	0.3365	0.3328	0.2989	0.2878	0.3207	0.2981	0.3038	0.3081	0.3189	0.2982	0.3125	0.3270	0.3065	0.3196	0.3015	0.3025	0.3269	0.2967	0.3300	0.2931	0.3317	0.3560	0.4409	0.3535	0.3134	0.3464	0.2933	0.2969	0.3217	0.3364	0.3084	0.3192	0.3040	0.3197	0.3912	0.3569	0.3920	0.3535	0.4528	0.3462	0.3555	0.4864	0.4010	0.4281	0.3140
1:49:10	30.0	0.3022	0.3957	0.3715	0.4209	0.3517	0.3681	0.3474	0.3129	0.3849	0.3466	0.2904	0.2937	0.3468	0.3462	0.3024	0.3191	0.3466	0.2930	0.3936	0.2931	0.3278	0.3120	0.3040	0.3315	0.3829	0.2835	0.3047	0.2957	0.2920	0.2981	0.4150	0.2872	0.4159	0.3501	0.2992	0.3466	0.3142	0.2937	0.3105	0.2791	0.3107	0.3020	0.3224	0.3080	0.3146	0.2753	0.2998	0.3927	0.3074	0.3411	0.3073	0.3458	0.3364	0.2989	0.2877	0.3233	0.2982	0.3052	0.3078	0.3201	0.2985	0.3123	0.3298	0.3063	0.3195	0.3013	0.3030	0.3292	0.2967	0.3303	0.2931	0.3350	0.3601	0.4798	0.3557	0.3134	0.3504	0.2935	0.2969	0.3248	0.3395	0.3083	0.3192	0.3038	0.3197	0.4060	0.3569	0.4171	0.3534	0.4859	0.3461	0.3660	0.5106	0.4159	0.4526	0.3135
1:59:10	30.1	0.3021	0.4126	0.4067	0.4463	0.3622	0.3813	0.3619	0.3128	0.4037	0.3557	0.2901	0.2936	0.3581	0.3502	0.3024	0.3193	0.3508	0.2930	0.4205	0.2930	0.3329	0.3119	0.3041	0.3365	0.3986	0.2835	0.3108	0.2955	0.2919	0.2981	0.4438	0.2871	0.4444	0.3614	0.2990	0.3541	0.3167	0.2937	0.3133	0.2791	0.3112	0.3019	0.3272	0.3080	0.3146	0.2755	0.2996	0.4194	0.3075	0.3678	0.3073	0.3673	0.3445	0.2989	0.2876	0.3270	0.2980	0.3078	0.3077	0.3226	0.2981	0.3122	0.3353	0.3062	0.3193	0.3012	0.3040	0.3359	0.2967	0.3334	0.2930	0.3380	0.3692	0.5369	0.3618	0.3133	0.3599	0.2933	0.2969	0.3292	0.3432	0.3082	0.3192	0.3029	0.3197	0.4360	0.3571	0.4390	0.3535	0.5358	0.3461	0.4026	0.5404	0.4363	0.5148	0.3141
2:09:10	30.1	0.3021	0.4354	0.4442	0.4812	0.3942	0.4410	0.3874	0.3129	0.4298	0.3687	0.2903	0.2937	0.3735	0.3639	0.3025	0.3193	0.3568	0.2930	0.4607	0.2929	0.3434	0.3121	0.3039	0.3423	0.4448	0.2835	0.3226	0.2955	0.2920	0.2982	0.4681	0.2876	0.4808	0.3868	0.2991	0.3758	0.3174	0.2936	0.3216	0.2791	0.3124	0.3018	0.3388	0.3078	0.3167	0.2753	0.2996	0.4604	0.3074	0.4088	0.3073	0.4099	0.3673	0.2990	0.2876	0.3337	0.2980	0.3111	0.3077	0.3247	0.2981	0.3122	0.3476	0.3060	0.3194	0.3012	0.3049	0.3421	0.2967	0.3360	0.2930	0.3429	0.3888	0.5875	0.3746	0.3133	0.3773	0.2934	0.2968	0.3379	0.3505	0.3083	0.3193	0.3036	0.3197	0.4530	0.3572	0.4662	0.3535	0.6043	0.3462	0.4507	0.5814	0.4834	0.5888	0.3142
2:19:10	30.1	0.3019	0.4735	0.4825	0.5313	0.4379	0.4567	0.4397	0.3126	0.4787	0.3900	0.2901	0.2936	0.3957	0.3742	0.3024	0.3240	0.3687	0.2929	0.5149	0.2926	0.3613	0.3115	0.3038	0.3526	0.4830	0.2835	0.3534	0.2955	0.2917	0.2981	0.5747	0.2871	0.5748	0.4061	0.2989	0.3780	0.3200	0.2935	0.3413	0.2790	0.3158	0.3018	0.3651	0.3077	0.3262	0.2753	0.2993	0.4991	0.3074	0.4249	0.3074	0.4503	0.4012	0.2990	0.2875	0.3445	0.2979	0.3157	0.3072	0.3391	0.2979	0.3121	0.3764	0.3060	0.3191	0.3010	0.3066	0.3557	0.2964	0.3430	0.2929	0.3555	0.4268	0.6072	0.3838	0.3133	0.4105	0.2934	0.2968	0.3508	0.3665	0.3081	0.3191	0.3066	0.3196	0.4759	0.3572	0.5082	0.3534	0.6792	0.3461	0.4948	0.6479	0.5689	0.6347	0.3139
2:29:10	30.1	0.3019	0.5369	0.5134	0.5988	0.4769	0.4950	0.5058	0.3128	0.5594	0.4544	0.2902	0.2935	0.4295	0.4059	0.3024	0.3298	0.3924	0.2929	0.5769	0.2927	0.4024	0.3122	0.3039	0.3810	0.5113	0.2835	0.4068	0.2954	0.2917	0.2982	0.6223	0.2870	0.6094	0.4479	0.2989	0.4242	0.3367	0.2935	0.3485	0.2791	0.3219	0.3016	0.3767	0.3077	0.3361	0.2750	0.2993	0.5342	0.3073	0.4861	0.3074	0.4791	0.4445	0.2990	0.2875	0.3716	0.2979	0.3263	0.3071	0.3573	0.2980	0.3121	0.4005	0.3060	0.3190	0.3011	0.3080	0.3927	0.2965	0.3656	0.2929	0.3841	0.4480	0.6268	0.4295	0.3133	0.4496	0.2934	0.2968	0.3703	0.3944	0.3081	0.3190	0.3028	0.3197	0.5449	0.3572	0.5646	0.3537	0.7285	0.3462	0.5586	0.7208	0.6332	0.6573	0.3138
2:39:10	30.2	0.3018	0.6028	0.5347	0.6547	0.5002	0.5291	0.5139	0.3125	0.6330	0.5506	0.2900	0.2935	0.5076	0.4677	0.3023	0.3651	0.4672	0.2928	0.6054	0.2925	0.4695	0.3112	0.3038	0.4418	0.5674	0.2834	0.4314	0.2953	0.2916	0.2981	0.7016	0.2869	0.6679	0.4699	0.3033	0.4563	0.3947	0.2934	0.4367	0.2788	0.3411	0.3015	0.4445	0.3080	0.4260	0.2749	0.2992	0.5891	0.3072	0.5036	0.3073	0.5228	0.4683	0.2990	0.2874	0.4093	0.2978	0.3441	0.3069	0.3617	0.2981	0.3120	0.4355	0.3058	0.3191	0.3010	0.3093	0.4588	0.2964	0.4693	0.2928	0.4542	0.4636	0.7306	0.4528	0.3132	0.4716	0.2934	0.2967	0.4287	0.4451	0.3081	0.3191	0.3031	0.3196	0.5954	0.3572	0.5906	0.3535	0.7685	0.3460	0.5922	0.7978	0.6696	0.6877	0.3138
2:49:10	30.2	0.3017	0.6853	0.5661	0.7242	0.5227	0.5412	0.5382	0.3126	0.6961	0.5786	0.2900	0.2935	0.5601	0.4930	0.3023	0.4356	0.4777	0.2927	0.6821	0.2922	0.4864	0.3115	0.3037	0.4799	0.5962	0.2834	0.4602	0.2953	0.2917	0.2980	0.7058	0.2869	0.6900	0.5022	0.3027	0.5667	0.4504	0.2933	0.4863	0.2789	0.3579	0.3014	0.4742	0.3077	0.4602	0.2751	0.2991	0.6166	0.3072	0.5503	0.3074	0.5679	0.5047	0.2990	0.2874	0.4562	0.2977	0.3559	0.3068	0.5016	0.2980	0.3120	0.4783	0.3056	0.3190	0.3009	0.3120	0.4996	0.2965	0.5075	0.2927	0.4986	0.5185	0.7583	0.4897	0.3132	0.5179	0.2933	0.2967	0.4882	0.5119	0.3079	0.3190	0.3027	0.3196	0.6180	0.3574	0.6041	0.3536	0.7793	0.3459	0.6209	0.8586	0.6897	0.7068	0.3134
2:59:10	30.2	0.3018	0.7618	0.5939	0.7823	0.5689	0.5729	0.5670	0.3125	0.7502	0.5993	0.2900	0.2935	0.6638	0.5163	0.3023	0.4627	0.5234	0.2927	0.7187	0.2924	0.5331	0.3119	0.3039	0.5155	0.6469	0.2834	0.4905	0.2954	0.2916	0.2981	0.7585	0.2868	0.7224	0.5599	0.3036	0.5049	0.5038	0.2933	0.5104	0.2790	0.4428	0.3014	0.5365	0.3078	0.4454	0.2751	0.2991	0.6568	0.3071	0.5548	0.3075	0.5885	0.5295	0.2990	0.2873	0.4959	0.2977	0.4121	0.3066	0.5245	0.2980	0.3119	0.5070	0.3056	0.3189	0.3009	0.3149	0.5286	0.2965	0.5447	0.2928	0.5217	0.5465	0.7861	0.5201	0.3132	0.5494	0.2932	0.2967	0.5328	0.5926	0.3080	0.3189	0.3051	0.3196	0.6381	0.3574	0.6352	0.3535	0.8005	0.3458	0.6303	0.9124	0.7055	0.7218	0.3134
3:09:10	30.2	0.3016	0.8183	0.6330	0.8473	0.5579	0.5819	0.6009	0.3126	0.8188	0.6296	0.2902	0.2934	0.7662	0.5504	0.3023	0.5115	0.5472	0.2927	0.7550	0.2923	0.5660	0.3115	0.3038	0.5556	0.6974	0.2834	0.5383	0.2953	0.2917	0.2980	0.7601	0.2867	0.7253	0.5951	0.3038	0.5725	0.5225	0.2934	0.5587	0.2789	0.4847	0.3013	0.5868	0.3077	0.5679	0.2752	0.2990	0.7010	0.3071	0.6149	0.3075	0.6365	0.5915	0.2990	0.2874	0.5164	0.2977	0.4601	0.3067	0.5591	0.2980	0.3119	0.5590	0.3055	0.3188	0.3008	0.3174	0.5457	0.2965	0.5443	0.2927	0.5421	0.5518	0.8003	0.5676	0.3131	0.5873	0.2934	0.2968	0.5792	0.6391	0.3079	0.3189	0.3036	0.3195	0.6609	0.3575	0.6628	0.3535	0.8090	0.3460	0.6729	0.9573	0.7210	0.7453	0.3137
3:19:10	30.2	0.3018	0.8600	0.6422	0.8781	0.6316	0.6196	0.6255	0.3126	0.8844	0.6656	0.2901	0.2933	0.8537	0.5828	0.3025	0.5385	0.5838	0.2927	0.7720	0.2926	0.5908	0.3118	0.3038	0.5953	0.7287	0.2835	0.5883	0.2954	0.2917	0.2982	0.7890	0.2868	0.7411	0.6522	0.3036	0.6281	0.5497	0.2934	0.5933	0.2790	0.5248	0.3013	0.6031	0.3078	0.5683	0.2752	0.2990	0.7087	0.3073	0.6340	0.3076	0.6521	0.6119	0.2992	0.2874	0.5498	0.2977	0.4852	0.3066	0.5991	0.2981	0.3119	0.5812	0.3055	0.3189	0.3009	0.3259	0.5742	0.2965	0.5587	0.2928	0.5677	0.5928	0.8218	0.5975	0.3132	0.6271	0.2934	0.2968	0.6269	0.6709	0.3080	0.3191	0.3028	0.3195	0.6849	0.3575	0.6847	0.3535	0.8175	0.3460	0.6980	0.9935	0.7450	0.7705	0.3138
3:29:10	30.2	0.3016	0.8812	0.6720	0.9061	0.6564	0.6216	0.6731	0.3126	0.9452	0.7065	0.2900	0.2934	0.9229	0.6157	0.3025	0.5417	0.5868	0.2927	0.7897	0.2924	0.6001	0.3113	0.3036	0.5909	0.7484	0.2835	0.6004	0.2952	0.2916	0.2981	0.7774	0.2868	0.7517	0.6638	0.3038	0.6657	0.5753	0.2933	0.6125	0.2789	0.5668	0.3013	0.5943	0.3078	0.6016	0.2748	0.2990	0.7708	0.3071	0.6573	0.3076	0.6832	0.6218	0.2991	0.2874	0.5885	0.2977	0.5309	0.3065	0.6140	0.2981	0.3119	0.6229	0.3055	0.3187	0.3008	0.3367	0.5869	0.2965	0.6176	0.2928	0.5977	0.6279	0.8320	0.6173	0.3131	0.6643	0.2933	0.2968	0.6593	0.6885	0.3079	0.3189	0.3031	0.3196	0.7010	0.3575	0.7057	0.3536	0.8218	0.3461	0.7329	1.0140	0.7655	0.7916	0.3143
3:39:10	30.3	0.3014	0.9122	0.6951	0.9291	0.7148	0.7018	0.7304	0.3125	1.0098	0.7542	0.2900	0.2932	0.9861	0.6686	0.3025	0.5394	0.6306	0.2927	0.7878	0.2922	0.6445	0.3120	0.3037	0.6086	0.7726	0.2835	0.6492	0.2953	0.2916	0.2981	0.7818	0.2869	0.7662	0.7025	0.3035	0.7115	0.6183	0.2933	0.6225	0.2789	0.6052	0.3013	0.6758	0.3077	0.6153	0.2747	0.2988	0.7913	0.3072	0.6997	0.3076	0.7328	0.6733	0.2992	0.2874	0.6127	0.2976	0.5788	0.3065	0.6406	0.2979	0.3120	0.6468	0.3056	0.3187	0.3008	0.3530	0.6045	0.2964	0.6550	0.2926	0.6384	0.6449	0.8385	0.6705	0.3131	0.6812	0.2934	0.2967	0.6792	0.7158	0.3079	0.3189	0.3023	0.3196	0.7326	0.3575	0.7354	0.3536	0.8347	0.3459	0.7596	1.0448	0.8009	0.8150	0.3134
3:49:10	30.3	0.3014	0.9307	0.7488	0.9512	0.7490	0.7046	0.7444	0.3126	1.0598	0.7867	0.2900	0.2932	1.0370	0.7229	0.3025	0.5698	0.6698	0.2927	0.8053	0.2922	0.6777	0.3115	0.3037	0.6379	0.7895	0.2836	0.6895	0.2953	0.2916	0.2981	0.8149	0.2868	0.7864	0.7334	0.3027	0.7483	0.6917	0.2933	0.6632	0.2790	0.6361	0.3012	0.6747	0.3078	0.6395	0.2751	0.2989	0.8109	0.3072	0.7334	0.3078	0.7512	0.7077	0.2990	0.2874	0.6375	0.2976	0.6279	0.3062	0.6595	0.2980	0.3119	0.6761	0.3055	0.3188	0.3009	0.3925	0.6336	0.2967	0.6857	0.2928	0.6735	0.6686	0.8480	0.6979	0.3132	0.7174	0.2934	0.2969	0.7224	0.7497	0.3079	0.3190	0.3052	0.3196	0.7722	0.3576	0.7646	0.3536	0.8844	0.3459	0.7930	1.0695	0.8197	0.8384	0.3134
3:59:10	30.2	0.3014	0.9431	0.7967	0.9651	0.7628	0.7606	0.7874	0.3125	1.1088	0.8266	0.2902	0.2933	1.1073	0.7816	0.3026	0.6006	0.6912	0.2927	0.8342	0.2921	0.7097	0.3113	0.3036	0.6713	0.8081	0.2835	0.7167	0.2953	0.2916	0.2981	0.8476	0.2869	0.8099	0.7654	0.3035	0.7797	0.7526	0.2933	0.7073	0.2790	0.6674	0.3013	0.7312	0.3078	0.6909	0.2747	0.2988	0.8326	0.3072	0.7413	0.3078	0.7967	0.7343	0.2992	0.2874	0.6630	0.2976	0.6830	0.3064	0.6984	0.2979	0.3118	0.7104	0.3055	0.3187	0.3008	0.4583	0.6798	0.2966	0.7254	0.2927	0.7099	0.6843	0.8809	0.7297	0.3131	0.7419	0.2934	0.2968	0.7535	0.7879	0.3078	0.3190	0.3062	0.3196	0.8143	0.3574	0.8009	0.3535	0.9220	0.3458	0.8257	1.0958	0.8577	0.8721	0.3134
4:09:10	30.2	0.3013	0.9660	0.8353	0.9898	0.8220	0.8279	0.8308	0.3127	1.1583	0.8615	0.2901	0.2933	1.1625	0.8388	0.3026	0.6475	0.7783	0.2927	0.8676	0.2926	0.7493	0.3118	0.3037	0.7294	0.8291	0.2837	0.7571	0.2953	0.2917	0.2982	0.8793	0.2874	0.8264	0.7508	0.3025	0.7710	0.8174	0.2933	0.7490	0.2791	0.6956	0.3013	0.7556	0.3078	0.7188	0.2748	0.2988	0.8463	0.3072	0.7832	0.3079	0.7995	0.7773	0.2994	0.2875	0.7027	0.2977	0.7392	0.3065	0.6907	0.2981	0.3119	0.7578	0.3056	0.3187	0.3009	0.5005	0.7140	0.2967	0.7547	0.2928	0.7351	0.7634	0.8939	0.7425	0.3132	0.7922	0.2935	0.2969	0.7649	0.8101	0.3079	0.3192	0.3025	0.3194	0.8492	0.3576	0.8213	0.3536	0.9245	0.3458	0.8544	1.1098	0.8825	0.9052	0.3133
4:19:10	30.2	0.3013	1.0050	0.8813	1.0226	0.8496	0.8534	0.8691	0.3125	1.2175	0.8880	0.2902	0.2933	1.2054	0.8959	0.3026	0.6638	0.8197	0.2926	0.8818	0.2921	0.7768	0.3116	0.3038	0.7812	0.8535	0.2836	0.7822	0.2953	0.2917	0.2981	0.8726	0.2867	0.8118	0.8126	0.3034	0.8072	0.8806	0.2932	0.7761	0.2790	0.7085	0.3012	0.8032	0.3081	0.7374	0.2750	0.2988	0.8406	0.3072	0.8403	0.3080	0.8371	0.8324	0.2991	0.2874	0.7632	0.2976	0.7946	0.3063	0.6861	0.2980	0.3119	0.8021	0.3054	0.3186	0.3008	0.5400	0.7281	0.2966	0.7743	0.2927	0.7536	0.7828	0.9059	0.8109	0.3131	0.8276	0.2934	0.2967	0.8048	0.8244	0.3078	0.3189	0.3027	0.3196	0.8817	0.3573	0.8598	0.3537	0.8967	0.3458	0.8768	1.1201	0.9100	0.9167	0.3133
4:29:10	30.2	0.3012	1.0360	0.9117	1.0486	0.8837	0.9071	0.8909	0.3126	1.2834	0.9127	0.2901	0.2932	1.2596	0.9447	0.3026	0.7331	0.8573	0.2928	0.9022	0.2921	0.8218	0.3116	0.3037	0.8366	0.8804	0.2835	0.8159	0.2953	0.2916	0.2981	0.8920	0.2869	0.8069	0.8306	0.3024	0.8566	0.9290	0.2933	0.8221	0.2790	0.7578	0.3012	0.8059	0.3081	0.7915	0.2746	0.2988	0.8645	0.3071	0.8673	0.3079	0.8659	0.8511	0.2992	0.2875	0.7871	0.2976	0.8643	0.3063	0.7125	0.2980	0.3119	0.8278	0.3054	0.3187	0.3008	0.5780	0.7520	0.2966	0.7944	0.2926	0.7717	0.8266	0.9172	0.8496	0.3130	0.8578	0.2934	0.2967	0.8225	0.8481	0.3078	0.3188	0.3022	0.3195	0.9172	0.3572	0.8821	0.3534	0.8970	0.3456	0.8823	1.1427	0.9201	0.9202	0.3133
4:39:10	30.2	0.3012	1.0499	0.9574	1.0610	0.9142	0.9199	0.9392	0.3126	1.3232	0.9527	0.2899	0.2933	1.3061	0.9961	0.3026	0.7646	0.8885	0.2927	0.9079	0.2925	0.8496	0.3116	0.3038	0.8122	0.8999	0.2836	0.8674	0.2953	0.2916	0.2982	0.9104	0.2874	0.8314	0.8697	0.3042	0.8841	0.9842	0.2933	0.8560	0.2790	0.7818	0.3012	0.8478	0.3078	0.8226	0.2751	0.2988	0.8680	0.3072	0.8991	0.3080	0.9278	0.8764	0.2993	0.2875	0.8112	0.2976	0.9256	0.3061	0.7382	0.2980	0.3119	0.8641	0.3054	0.3187	0.3008	0.5973	0.7702	0.2966	0.8164	0.2926	0.7920	0.8579	0.9362	0.8659	0.3131	0.8682	0.2933	0.2970	0.8314	0.8697	0.3078	0.3191	0.3036	0.3195	0.9607	0.3574	0.9067	0.3535	0.9122	0.3457	0.9114	1.1399	0.9287	0.9365	0.3133
4:49:10	30.3	0.3012	1.0772	0.9880	1.0822	0.9574	0.9635	0.9712	0.3124	1.3783	0.9802	0.2900	0.2932	1.3519	1.0396	0.3028	0.8020	0.9221	0.2927	0.9077	0.2922	0.8949	0.3118	0.3036	0.8802	0.9162	0.2838	0.8851	0.2954	0.2917	0.2982	0.9233	0.2867	0.8463	0.8897	0.3033	0.9026	1.0053	0.2933	0.9087	0.2791	0.8173	0.3013	0.8759	0.3078	0.8459	0.2747	0.2987	0.8666	0.3072	0.9267	0.3082	0.9641	0.9127	0.2993	0.2876	0.8349	0.2977	0.9481	0.3063	0.7662	0.2981	0.3119	0.8803	0.3055	0.3187	0.3008	0.6053	0.8030	0.2967	0.8299	0.2927	0.8124	0.8714	0.9580	0.8919	0.3132	0.9043	0.2934	0.2969	0.8705	0.8805	0.3079	0.3190	0.3041	0.3196	0.9835	0.3573	0.9278	0.3536	0.9301	0.3458	0.9303	1.1558	0.9438	0.9515	0.3134
4:59:10	30.2	0.3012	1.1032	1.0170	1.1088	0.9754	1.0011	0.9775	0.3124	1.4203	0.9812	0.2899	0.2933	1.4004	1.0837	0.3028	0.8387	0.9611	0.2927	0.9107	0.2922	0.9398	0.3118	0.3035	0.9005	0.9271	0.2837	0.8930	0.2954	0.2918	0.2982	0.9609	0.2868	0.8580	0.8976	0.3024	0.8956	1.0328	0.2932	0.9432	0.2792	0.8480	0.3012	0.9110	0.3079	0.8741	0.2750	0.2988	0.8805	0.3072	0.9633	0.3081	0.9644	0.9201	0.2992	0.2876	0.8697	0.2977	1.0132	0.3061	0.8119	0.2982	0.3119	0.8758	0.3054	0.3188	0.3008	0.6202	0.8286	0.2968	0.8597	0.2927	0.8268	0.8941	0.9642	0.9012	0.3130	0.8982	0.2934	0.2968	0.8663	0.8931	0.3078	0.3190	0.3023	0.3194	1.0038	0.3574	0.9395	0.3535	0.9261	0.3457	0.9262	1.1651	0.9549	0.9669	0.3134
5:09:10	30.2	0.3013	1.1169	1.0756	1.1276	0.9817	1.0283	1.0166	0.3123	1.4560	1.0347	0.2900	0.2931	1.4378	1.1275	0.3028	0.9037	0.9836	0.2927	0.9654	0.2926	0.9884	0.3119	0.3037	0.9124	0.9579	0.2838	0.9462	0.2955	0.2917	0.2982	0.9988	0.2868	0.8655	0.8994	0.3006	0.9196	1.0790	0.2933	0.9728	0.2792	0.8863	0.3012	0.9307	0.3085	0.8784	0.2751	0.2987	0.9180	0.3073	0.9818	0.3083	0.9912	0.9387	0.2993	0.2875	0.8873	0.2977	1.0585	0.3060	0.8517	0.2981	0.3119	0.9168	0.3055	0.3188	0.3007	0.6862	0.8491	0.2969	0.8639	0.2927	0.8410	0.9353	1.0043	0.9142	0.3131	0.9301	0.2936	0.2968	0.8936	0.9047	0.3079	0.3191	0.3028	0.3194	1.0495	0.3573	0.9571	0.3535	0.9657	0.3456	0.9582	1.1759	0.9636	0.9764	0.3133
5:19:10	30.2	0.3012	1.1272	1.0857	1.1289	1.0453	1.0610	1.0477	0.3122	1.4964	1.0507	0.2901	0.2932	1.4699	1.1612	0.3029	0.9223	1.0194	0.2928	0.9596	0.2921	0.9903	0.3117	0.3036	0.9557	0.9754	0.2839	0.9535	0.2954	0.2917	0.2983	1.0180	0.2873	0.8971	0.9148	0.3013	0.9227	1.1118	0.2933	1.0099	0.2792	0.8958	0.3012	0.9511	0.3079	0.8896	0.2750	0.2989	0.9332	0.3073	1.0235	0.3082	1.0218	0.9727	0.2994	0.2877	0.9173	0.2977	1.0914	0.3060	0.8170	0.2982	0.3120	0.9095	0.3054	0.3186	0.3008	0.7070	0.8605	0.2968	0.8856	0.2927	0.8469	0.9542	1.0341	0.9432	0.3132	0.9399	0.2935	0.2968	0.9142	0.9200	0.3078	0.3188	0.3025	0.3195	1.0632	0.3573	0.9774	0.3539	0.9649	0.3456	0.9706	1.1850	0.9758	0.9898	0.3133
5:29:10	30.2	0.3011	1.1273	1.1186	1.1260	1.0555	1.0662	1.0465	0.3123	1.5006	1.0906	0.2899	0.2932	1.4960	1.1980	0.3029	0.9463	1.0361	0.2927	0.9697	0.2922	1.0309	0.3117	0.3038	0.9678	0.9901	0.2838	0.9555	0.2954	0.2917	0.2982	1.0500	0.2868	0.9046	0.9425	0.3033	0.9378	1.1245	0.2933	1.0296	0.2793	0.9166	0.3013	0.9732	0.3079	0.9078	0.2747	0.2987	0.9451	0.3073	1.0454	0.3082	1.0269	0.9832	0.2994	0.2874	0.9441	0.2976	1.1342	0.3059	0.8349	0.2982	0.3120	0.9265	0.3053	0.3186	0.3007	0.7125	0.8739	0.2968	0.8944	0.2928	0.8626	0.9525	1.0551	0.9322	0.3131	0.9539	0.2934	0.2967	0.9209	0.9246	0.3078	0.3190	0.3027	0.3195	1.0800	0.3573	1.0053	0.3538	0.9724	0.3455	0.9818	1.1878	0.9774	0.9892	0.3132
5:39:10	30.2	0.3011	1.1339	1.1387	1.1255	1.0786	1.0641	1.0815	0.3123	1.5157	1.0944	0.2899	0.2933	1.5244	1.2244	0.3030	0.9834	1.0549	0.2927	1.0065	0.2922	1.0485	0.3117	0.3037	1.0002	1.0143	0.2838	0.9555	0.2954	0.2918	0.2982	1.0745	0.2868	0.9134	0.9596	0.3027	0.9385	1.1508	0.2933	1.0391	0.2791	0.9329	0.3013	1.0067	0.3080	0.9196	0.2747	0.2987	0.9603	0.3073	1.0720	0.3084	1.0568	1.0135	0.2994	0.2876	0.9598	0.2977	1.1646	0.3061	0.8709	0.2982	0.3120	0.9651	0.3054	0.3188	0.3008	0.7362	0.8804	0.2968	0.9122	0.2927	0.8769	0.9794	1.0879	0.9610	0.3132	0.9821	0.2936	0.2968	0.9255	0.9254	0.3078	0.3190	0.3036	0.3195	1.0990	0.3572	1.0154	0.3534	0.9997	0.3456	1.0048	1.2085	0.9832	1.0280	0.3132
5:49:10	30.2	0.3011	1.1759	1.1675	1.1640	1.1057	1.1019	1.0970	0.3125	1.5821	1.1089	0.2902	0.2934	1.5501	1.2545	0.3030	1.0316	1.0718	0.2929	1.0347	0.2920	1.0815	0.3119	0.3038	1.0309	1.0605	0.2839	0.9855	0.2956	0.2919	0.2984	1.1161	0.2872	0.9241	0.9605	0.3017	0.9390	1.1801	0.2933	1.0650	0.2794	0.9599	0.3013	1.0162	0.3081	0.9273	0.2751	0.2988	0.9795	0.3074	1.1135	0.3085	1.0913	1.0434	0.2995	0.2877	0.9850	0.2978	1.2031	0.3063	0.8768	0.2982	0.3121	0.9988	0.3055	0.3189	0.3009	0.7792	0.9035	0.2968	0.9387	0.2927	0.9020	1.0092	1.0829	1.0133	0.3133	1.0084	0.2935	0.2969	0.9366	0.9292	0.3078	0.3189	0.3028	0.3196	1.1436	0.3573	1.0411	0.3534	1.0228	0.3456	1.0324	1.2196	0.9992	1.0475	0.3134
5:59:10	30.2	0.3012	1.1692	1.2044	1.1553	1.1247	1.1074	1.1140	0.3125	1.6004	1.1538	0.2901	0.2934	1.5705	1.3044	0.3030	1.0500	1.0972	0.2929	1.0474	0.2921	1.0969	0.3120	0.3037	1.0408	1.0938	0.2840	1.0011	0.2956	0.2918	0.2984	1.1347	0.2870	0.9409	0.9627	0.3036	0.9526	1.2076	0.2933	1.0616	0.2794	0.9660	0.3013	1.0328	0.3080	0.9391	0.2748	0.2988	1.0040	0.3074	1.1254	0.3086	1.0818	1.0532	0.2995	0.2876	1.0354	0.2978	1.2272	0.3060	0.9118	0.2983	0.3120	0.9921	0.3055	0.3186	0.3009	0.7862	0.9206	0.2969	0.9670	0.2928	0.9129	1.0273	1.0895	1.0036	0.3132	1.0137	0.2934	0.2969	0.9534	0.9382	0.3079	0.3191	0.3024	0.3195	1.1605	0.3573	1.0585	0.3534	1.0405	0.3456	1.0439	1.2302	1.0130	1.0690	0.3134
6:09:10	30.2	0.3012	1.2118	1.2328	1.1930	1.1436	1.1249	1.1222	0.3123	1.6283	1.1754	0.2902	0.2933	1.5892	1.3392	0.3030	1.0760	1.1167	0.2929	1.0869	0.2927	1.1299	0.3120	0.3037	1.0567	1.1532	0.2840	1.0236	0.2956	0.2919	0.2984	1.1708	0.2868	0.9539	0.9725	0.3020	0.9928	1.2475	0.2934	1.0779	0.2795	0.9991	0.3014	1.0436	0.3081	0.9575	0.2747	0.2987	1.0352	0.3074	1.1481	0.3086	1.1098	1.0809	0.2995	0.2877	1.0367	0.2978	1.2448	0.3060	0.9355	0.2983	0.3121	1.0205	0.3056	0.3188	0.3010	0.8292	0.9282	0.2968	0.9889	0.2929	0.9186	1.0685	1.1223	1.0246	0.3133	1.0396	0.2937	0.2969	0.9661	0.9398	0.3079	0.3193	0.3028	0.3196	1.1879	0.3571	1.0959	0.3535	1.1037	0.3457	1.0706	1.2395	1.0354	1.0780	0.3134
6:19:10	30.2	0.3011	1.2125	1.2339	1.1910	1.1465	1.1363	1.1356	0.3125	1.6370	1.2022	0.2900	0.2934	1.6185	1.3490	0.3030	1.1100	1.1397	0.2929	1.1026	0.2922	1.1323	0.3120	0.3037	1.0696	1.1907	0.2840	1.0295	0.2955	0.2919	0.2984	1.1911	0.2868	0.9827	0.9820	0.3006	0.9952	1.2615	0.2933	1.1003	0.2794	1.0054	0.3014	1.0696	0.3081	0.9824	0.2750	0.2987	1.0545	0.3072	1.1388	0.3085	1.1118	1.0827	0.2995	0.2877	1.0615	0.2978	1.2745	0.3059	0.9687	0.2983	0.3121	1.0323	0.3055	0.3187	0.3009	0.8308	0.9536	0.2969	1.0058	0.2927	0.9250	1.0844	1.1687	1.0400	0.3132	1.0545	0.2935	0.2969	0.9831	0.9418	0.3079	0.3191	0.3065	0.3195	1.1905	0.3572	1.0995	0.3535	1.1208	0.3457	1.0819	1.2544	1.0392	1.0574	0.3134
6:29:10	30.2	0.3011	1.2320	1.2242	1.2022	1.1551	1.1493	1.1380	0.3123	1.6604	1.2211	0.2900	0.2933	1.6331	1.3689	0.3030	1.1273	1.1463	0.2929	1.1430	0.2920	1.1487	0.3118	0.3037	1.0867	1.2312	0.2840	1.0364	0.2956	0.2918	0.2984	1.2144	0.2870	1.0218	0.9849	0.3050	1.0198	1.2959	0.2933	1.1026	0.2794	1.0169	0.3013	1.0694	0.3079	0.9877	0.2747	0.2987	1.0822	0.3073	1.1766	0.3086	1.1155	1.1024	0.2996	0.2876	1.0835	0.2977	1.2892	0.3060	0.9812	0.2983	0.3120	1.0382	0.3054	0.3187	0.3008	0.8411	0.9932	0.2969	1.0173	0.2927	0.9430	1.1016	1.2168	1.0552	0.3132	1.0779	0.2935	0.2968	0.9887	0.9355	0.3078	0.3192	0.3025	0.3196	1.1999	0.3572	1.1380	0.3534	1.1488	0.3456	1.0953	1.2650	1.0539	1.0959	0.3133
6:39:10	30.2	0.3010	1.2641	1.2252	1.2284	1.1657	1.1513	1.2152	0.3123	1.6679	1.2463	0.2900	0.2932	1.6378	1.4082	0.3031	1.1376	1.1813	0.2928	1.1848	0.2920	1.2075	0.3115	0.3037	1.1007	1.2857	0.2839	1.0614	0.2954	0.2918	0.2983	1.2549	0.2867	1.0453	1.0372	0.3015	1.0477	1.2877	0.2933	1.0896	0.2794	1.0427	0.3012	1.1052	0.3080	1.0230	0.2746	0.2986	1.1326	0.3073	1.1858	0.3087	1.1444	1.1558	0.2994	0.2875	1.1211	0.2977	1.3149	0.3060	1.0109	0.2983	0.3119	1.0673	0.3054	0.3187	0.3008	0.8724	1.0465	0.2970	1.0522	0.2927	0.9491	1.1069	1.2628	1.0929	0.3132	1.0976	0.2935	0.2968	1.0289	0.9521	0.3078	0.3192	0.3029	0.3195	1.2281	0.3572	1.1460	0.3537	1.2099	0.3455	1.1085	1.2851	1.0664	1.1323	0.3134
6:49:10	30.2	0.3011	1.2887	1.2487	1.2461	1.2071	1.2095	1.1896	0.3122	1.6778	1.2475	0.2901	0.2933	1.6593	1.4243	0.3031	1.1442	1.1957	0.2928	1.2181	0.2920	1.1884	0.3118	0.3038	1.1144	1.3121	0.2840	1.0784	0.2955	0.2919	0.2984	1.2842	0.2868	1.0850	1.0284	0.3015	1.0545	1.2925	0.2933	1.1037	0.2794	1.0496	0.3014	1.1178	0.3080	1.0332	0.2751	0.2986	1.1620	0.3074	1.2102	0.3086	1.1641	1.1399	0.2994	0.2877	1.1116	0.2978	1.3393	0.3060	1.0193	0.2983	0.3121	1.1059	0.3055	0.3187	0.3008	0.8891	1.0591	0.2968	1.1027	0.2926	0.9622	1.1290	1.2894	1.1125	0.3132	1.1165	0.2936	0.2968	1.0320	0.9690	0.3078	0.3192	0.3023	0.3196	1.2413	0.3572	1.1793	0.3534	1.2491	0.3457	1.1444	1.3061	1.0927	1.1701	0.3133
6:59:10	30.2	0.3011	1.3077	1.2753	1.2630	1.2248	1.2125	1.1935	0.3124	1.6791	1.2960	0.2903	0.2934	1.6734	1.4290	0.3032	1.1558	1.2021	0.2929	1.2490	0.2920	1.2271	0.3119	0.3037	1.1290	1.3454	0.2840	1.1019	0.2957	0.2920	0.2984	1.3114	0.2875	1.1185	1.0884	0.3015	1.0868	1.3253	0.2933	1.1278	0.2794	1.0674	0.3013	1.1341	0.3081	1.0902	0.2750	0.2985	1.1947	0.3074	1.2388	0.3088	1.2020	1.1614	0.2996	0.2877	1.1231	0.2977	1.3590	0.3059	1.0376	0.2983	0.3121	1.0872	0.3054	0.3187	0.3008	0.8866	1.0940	0.2969	1.1387	0.2927	0.9662	1.1588	1.3327	1.1239	0.3132	1.1104	0.2936	0.2968	1.0610	0.9735	0.3077	0.3191	0.3026	0.3195	1.2744	0.3574	1.2183	0.3537	1.2805	0.3456	1.1845	1.3186	1.1305	1.2054	0.3132
7:09:10	30.2	0.3010	1.3348	1.2946	1.2858	1.2393	1.2314	1.2316	0.3123	1.6988	1.3244	0.2901	0.2934	1.6859	1.4471	0.3031	1.1791	1.2146	0.2929	1.2827	0.2921	1.2403	0.3117	0.3038	1.1616	1.3863	0.2841	1.1331	0.2956	0.2919	0.2985	1.3310	0.2874	1.1490	1.1226	0.3037	1.1311	1.3766	0.2933	1.1623	0.2794	1.1099	0.3012	1.1145	0.3081	1.0973	0.2750	0.2986	1.2305	0.3074	1.2865	0.3088	1.2345	1.1899	0.2995	0.2878	1.1613	0.2977	1.3828	0.3057	1.0582	0.2983	0.3121	1.1391	0.3054	0.3185	0.3010	0.9058	1.1307	0.2971	1.1760	0.2928	0.9782	1.1940	1.3599	1.1675	0.3132	1.1694	0.2936	0.2968	1.0572	0.9701	0.3079	0.3192	0.3030	0.3195	1.2959	0.3574	1.2448	0.3535	1.3174	0.3455	1.2180	1.3385	1.1842	1.2249	0.3135
7:19:10	30.2	0.3010	1.3557	1.3201	1.2966	1.2480	1.2578	1.2672	0.3121	1.7145	1.3587	0.2901	0.2932	1.6942	1.4709	0.3032	1.2079	1.2420	0.2929	1.3032	0.2922	1.2749	0.3119	0.3038	1.2159	1.4115	0.2840	1.1579	0.2956	0.2918	0.2984	1.3542	0.2873	1.1848	1.1510	0.3033	1.1790	1.4087	0.2933	1.1857	0.2794	1.1156	0.3012	1.1704	0.3082	1.1221	0.2749	0.2985	1.2723	0.3074	1.3172	0.3088	1.2687	1.2280	0.2997	0.2877	1.2008	0.2977	1.4038	0.3058	1.0736	0.2982	0.3120	1.1689	0.3055	0.3186	0.3008	0.9212	1.1756	0.2969	1.2023	0.2927	0.9894	1.2459	1.3957	1.2008	0.3132	1.2188	0.2935	0.2968	1.0944	1.0174	0.3078	0.3190	0.3023	0.3195	1.3163	0.3573	1.2715	0.3533	1.3471	0.3456	1.2465	1.3489	1.2155	1.2592	0.3132
7:29:10	30.2	0.3010	1.3819	1.3605	1.3172	1.2926	1.3051	1.3209	0.3123	1.7134	1.3967	0.2901	0.2934	1.7078	1.4943	0.3032	1.2608	1.2643	0.2929	1.3259	0.2921	1.3134	0.3118	0.3038	1.2148	1.4406	0.2841	1.1993	0.2956	0.2918	0.2985	1.3799	0.2868	1.2178	1.1810	0.3019	1.1905	1.4359	0.2932	1.2296	0.2795	1.1546	0.3012	1.2109	0.3086	1.1650	0.2750	0.2985	1.2999	0.3074	1.3489	0.3089	1.3055	1.2670	0.2997	0.2878	1.2305	0.2978	1.4297	0.3057	1.1070	0.2983	0.3121	1.2030	0.3054	0.3188	0.3008	0.9495	1.1983	0.2969	1.2469	0.2926	1.0271	1.3083	1.4097	1.2298	0.3131	1.2459	0.2936	0.2968	1.1368	1.0530	0.3078	0.3189	0.3035	0.3195	1.3417	0.3574	1.3016	0.3534	1.3752	0.3456	1.2804	1.3614	1.2436	1.2935	0.3133
7:39:10	30.2	0.3010	1.4089	1.3849	1.3449	1.3261	1.3432	1.3502	0.3125	1.7090	1.4259	0.2901	0.2935	1.7165	1.5095	0.3034	1.2986	1.2878	0.2929	1.3563	0.2922	1.3391	0.3119	0.3038	1.2603	1.4602	0.2841	1.2399	0.2956	0.2919	0.2985	1.4042	0.2870	1.2444	1.2277	0.3038	1.2162	1.4675	0.2934	1.2618	0.2796	1.2056	0.3013	1.2416	0.3084	1.2176	0.2747	0.2987	1.3337	0.3075	1.3884	0.3089	1.3433	1.2976	0.2997	0.2880	1.2800	0.2979	1.4578	0.3059	1.1250	0.2984	0.3121	1.2339	0.3056	0.3187	0.3009	0.9878	1.2392	0.2972	1.2826	0.2928	1.0564	1.3259	1.4327	1.2668	0.3134	1.2809	0.2937	0.2970	1.1840	1.1114	0.3079	0.3192	0.3032	0.3196	1.3688	0.3576	1.3349	0.3538	1.3987	0.3457	1.3128	1.3725	1.2927	1.3360	0.3134
7:49:10	30.2	0.3009	1.4317	1.4188	1.3660	1.3559	1.3708	1.3885	0.3121	1.7405	1.4590	0.2899	0.2933	1.7230	1.5229	0.3032	1.3345	1.3300	0.2929	1.3781	0.2919	1.3594	0.3117	0.3037	1.2977	1.4919	0.2841	1.2791	0.2955	0.2917	0.2983	1.4219	0.2869	1.2741	1.2667	0.3048	1.2692	1.4676	0.2933	1.3000	0.2794	1.2225	0.3012	1.2578	0.3081	1.2504	0.2750	0.2986	1.3613	0.3073	1.4163	0.3089	1.3662	1.3300	0.2996	0.2877	1.2940	0.2977	1.4764	0.3056	1.1625	0.2983	0.3121	1.2714	0.3053	0.3186	0.3008	1.0312	1.2796	0.2970	1.3210	0.2927	1.1021	1.3700	1.4658	1.2943	0.3132	1.3047	0.2936	0.2968	1.2054	1.1325	0.3076	0.3188	0.3022	0.3194	1.3894	0.3574	1.3612	0.3537	1.4194	0.3455	1.3392	1.3840	1.3297	1.3709	0.3133
7:59:10	30.2	0.3009	1.4531	1.4491	1.3802	1.3923	1.3991	1.4242	0.3122	1.7212	1.4809	0.2900	0.2932	1.7300	1.5468	0.3032	1.3598	1.3609	0.2930	1.4023	0.2921	1.3999	0.3117	0.3034	1.3477	1.5099	0.2840	1.3143	0.2955	0.2920	0.2984	1.4404	0.2870	1.3053	1.3016	0.3017	1.3109	1.4837	0.2933	1.3353	0.2795	1.2624	0.3012	1.3080	0.3090	1.2801	0.2750	0.2985	1.3847	0.3074	1.4470	0.3089	1.3939	1.3650	0.2997	0.2878	1.3375	0.2978	1.4950	0.3054	1.2140	0.2983	0.3121	1.3007	0.3054	0.3185	0.3008	1.0519	1.2949	0.2971	1.3426	0.2927	1.1296	1.3978	1.4806	1.3258	0.3131	1.3442	0.2936	0.2969	1.2334	1.1636	0.3077	0.3191	0.3057	0.3195	1.4185	0.3574	1.3973	0.3533	1.4450	0.3455	1.3749	1.3871	1.3700	1.4057	0.3134
8:09:10	30.2	0.3009	1.4662	1.4773	1.4048	1.4279	1.4353	1.4550	0.3124	1.7246	1.5122	0.2901	0.2933	1.7310	1.5594	0.3033	1.3963	1.4008	0.2930	1.4268	0.2921	1.4212	0.3118	0.3037	1.3865	1.5451	0.2841	1.3470	0.2956	0.2918	0.2985	1.4572	0.2871	1.3368	1.3449	0.3030	1.3545	1.4990	0.2933	1.3704	0.2796	1.2898	0.3012	1.3353	0.3081	1.3099	0.2746	0.2984	1.4111	0.3074	1.4768	0.3089	1.4330	1.3923	0.2996	0.2878	1.3680	0.2978	1.5026	0.3058	1.2553	0.2983	0.3121	1.3385	0.3054	0.3186	0.3008	1.0892	1.3293	0.2970	1.3698	0.2927	1.1660	1.4107	1.5103	1.3566	0.3132	1.3734	0.2936	0.2968	1.2594	1.1930	0.3077	0.3191	0.3026	0.3194	1.4410	0.3574	1.4189	0.3537	1.4594	0.3453	1.4020	1.4014	1.4074	1.4327	0.3133
8:19:10	30.2	0.3009	1.4945	1.5067	1.4220	1.4560	1.4661	1.4819	0.3120	1.7555	1.5396	0.2900	0.2933	1.7427	1.5839	0.3033	1.4252	1.4308	0.2930	1.4475	0.2921	1.4546	0.3117	0.3035	1.4169	1.5610	0.2842	1.3776	0.2956	0.2918	0.2985	1.4784	0.2869	1.3682	1.3792	0.3036	1.3851	1.5227	0.2933	1.4009	0.2795	1.3293	0.3012	1.3775	0.3083	1.3392	0.2750	0.2985	1.4425	0.3075	1.4959	0.3091	1.4533	1.4278	0.2995	0.2878	1.3876	0.2978	1.5254	0.3057	1.2641	0.2983	0.3121	1.3690	0.3055	0.3187	0.3009	1.1317	1.3623	0.2971	1.3982	0.2927	1.1969	1.4388	1.5254	1.3872	0.3132	1.4027	0.2936	0.2968	1.2922	1.2338	0.3077	0.3190	0.3024	0.3196	1.4657	0.3575	1.4462	0.3534	1.4719	0.3457	1.4262	1.4070	1.4329	1.4602	0.3134
8:29:10	30.2	0.3008	1.5057	1.5325	1.4395	1.4812	1.4883	1.5063	0.3124	1.7486	1.5559	0.2900	0.2933	1.7417	1.6031	0.3034	1.4541	1.4621	0.2930	1.4649	0.2922	1.4818	0.3119	0.3037	1.4433	1.5743	0.2842	1.4027	0.2957	0.2919	0.2985	1.4911	0.2868	1.3948	1.4134	0.3008	1.4183	1.5423	0.2935	1.4312	0.2797	1.3649	0.3013	1.4092	0.3084	1.3802	0.2746	0.2986	1.4648	0.3076	1.5232	0.3092	1.4764	1.4478	0.2997	0.2879	1.4233	0.2978	1.5431	0.3056	1.2979	0.2984	0.3122	1.3966	0.3054	0.3187	0.3009	1.1498	1.3999	0.2973	1.4270	0.2928	1.2335	1.4684	1.5492	1.4114	0.3133	1.4302	0.2936	0.2969	1.3275	1.2717	0.3078	0.3191	0.3035	0.3196	1.4809	0.3575	1.4692	0.3538	1.4971	0.3455	1.4540	1.4237	1.4629	1.4833	0.3134
8:39:10	30.3	0.3008	1.5246	1.5513	1.4592	1.5044	1.5122	1.5283	0.3123	1.7483	1.5733	0.2901	0.2935	1.7424	1.6223	0.3033	1.4791	1.4858	0.2937	1.4890	0.2922	1.5115	0.3119	0.3036	1.4738	1.6053	0.2842	1.4439	0.2957	0.2920	0.2986	1.5116	0.2874	1.4181	1.4497	0.3016	1.4580	1.5597	0.2934	1.4504	0.2797	1.3914	0.3013	1.4345	0.3084	1.4097	0.2747	0.2986	1.4866	0.3078	1.5406	0.3092	1.5039	1.4761	0.2998	0.2879	1.4511	0.2979	1.5623	0.3057	1.3321	0.2984	0.3122	1.4195	0.3054	0.3187	0.3009	1.1697	1.4319	0.2970	1.4556	0.2928	1.2684	1.4957	1.5655	1.4370	0.3133	1.4535	0.2937	0.2980	1.3567	1.3066	0.3078	0.3191	0.3031	0.3195	1.5031	0.3575	1.4906	0.3534	1.5058	0.3454	1.4767	1.4296	1.4895	1.5082	0.3134
8:49:10	30.2	0.3007	1.5458	1.5717	1.4768	1.5290	1.5337	1.5495	0.3121	1.7530	1.5986	0.2900	0.2933	1.7495	1.6387	0.3033	1.5056	1.5121	0.2929	1.5100	0.2919	1.5409	0.3117	0.3035	1.5097	1.6141	0.2842	1.4694	0.2957	0.2918	0.2985	1.5280	0.2873	1.4430	1.4789	0.3045	1.4916	1.5768	0.2933	1.4760	0.2795	1.4204	0.3012	1.4631	0.3082	1.4404	0.2746	0.2985	1.5118	0.3074	1.5602	0.3091	1.5245	1.4971	0.2996	0.2879	1.4754	0.2978	1.5763	0.3057	1.3714	0.2983	0.3121	1.4422	0.3053	0.3186	0.3008	1.2014	1.4589	0.2970	1.4808	0.2927	1.3070	1.5219	1.5815	1.4620	0.3132	1.4801	0.2935	0.2968	1.3796	1.3421	0.3076	0.3190	0.3062	0.3195	1.5224	0.3575	1.5170	0.3533	1.5210	0.3454	1.5016	1.4433	1.5132	1.5301	0.3132
8:59:10	30.2	0.3008	1.5690	1.5915	1.4972	1.5480	1.5516	1.5682	0.3122	1.7714	1.6050	0.2899	0.2934	1.7563	1.6536	0.3034	1.5341	1.5376	0.2931	1.5293	0.2921	1.5563	0.3119	0.3034	1.5237	1.6411	0.2842	1.4919	0.2957	0.2918	0.2985	1.5443	0.2872	1.4686	1.5107	0.3005	1.5088	1.5921	0.2933	1.4988	0.2797	1.4425	0.3013	1.4851	0.3085	1.4679	0.2747	0.2985	1.5324	0.3075	1.5803	0.3091	1.5467	1.5187	0.2997	0.2879	1.4904	0.2978	1.5892	0.3057	1.3956	0.2984	0.3121	1.4631	0.3054	0.3187	0.3008	1.2216	1.4839	0.2972	1.4965	0.2927	1.3467	1.5401	1.5996	1.4839	0.3132	1.5011	0.2936	0.2968	1.4104	1.3695	0.3076	0.3191	0.3034	0.3195	1.5385	0.3575	1.5360	0.3534	1.5309	0.3455	1.5236	1.4541	1.5348	1.5499	0.3133
9:09:10	30.2	0.3009	1.5785	1.6039	1.5120	1.5687	1.5670	1.5894	0.3123	1.7798	1.6217	0.2901	0.2934	1.7604	1.6702	0.3035	1.5580	1.5566	0.2932	1.5381	0.2920	1.5713	0.3119	0.3034	1.5488	1.6568	0.2843	1.5119	0.2958	0.2921	0.2985	1.5561	0.2870	1.4875	1.5281	0.3043	1.5228	1.6072	0.2934	1.5182	0.2798	1.4699	0.3013	1.5041	0.3085	1.4903	0.2746	0.2986	1.5475	0.3076	1.5991	0.3092	1.5661	1.5366	0.2998	0.2878	1.5121	0.2979	1.6017	0.3058	1.4273	0.2985	0.3123	1.4856	0.3055	0.3186	0.3010	1.2492	1.4995	0.2972	1.5122	0.2928	1.3798	1.5601	1.6130	1.5073	0.3134	1.5249	0.2937	0.2970	1.4349	1.3964	0.3078	0.3191	0.3063	0.3196	1.5590	0.3575	1.5569	0.3535	1.5470	0.3457	1.5455	1.4637	1.5597	1.5697	0.3133
9:19:10	30.2	0.3007	1.5971	1.6267	1.5352	1.5862	1.5865	1.6073	0.3123	1.7781	1.6401	0.2900	0.2934	1.7642	1.6827	0.3035	1.5789	1.5783	0.2932	1.5654	0.2921	1.6007	0.3120	0.3037	1.5715	1.6779	0.2842	1.5341	0.2956	0.2920	0.2984	1.5724	0.2869	1.5076	1.5554	0.3031	1.5562	1.6187	0.2933	1.5373	0.2796	1.4891	0.3012	1.5325	0.3085	1.5210	0.2749	0.2986	1.5709	0.3075	1.6134	0.3092	1.5844	1.5583	0.2998	0.2878	1.5339	0.2979	1.6178	0.3058	1.4542	0.2985	0.3122	1.5096	0.3053	0.3187	0.3009	1.2865	1.5221	0.2971	1.5355	0.2927	1.4068	1.5833	1.6254	1.5234	0.3132	1.5475	0.2936	0.2969	1.4553	1.4185	0.3078	0.3190	0.3028	0.3195	1.5746	0.3575	1.5824	0.3533	1.5638	0.3454	1.5652	1.4776	1.5782	1.5928	0.3132
9:29:10	30.2	0.3007	1.6134	1.6416	1.5473	1.5936	1.6023	1.6238	0.3121	1.7883	1.6605	0.2900	0.2935	1.7649	1.6969	0.3035	1.5980	1.5960	0.2932	1.5740	0.2920	1.6223	0.3119	0.3038	1.5910	1.6893	0.2843	1.5453	0.2957	0.2920	0.2986	1.5834	0.2869	1.5310	1.5627	0.3012	1.5754	1.6349	0.2934	1.5552	0.2797	1.5112	0.3013	1.5498	0.3087	1.5389	0.2747	0.2986	1.5842	0.3076	1.6283	0.3094	1.6032	1.5757	0.2999	0.2880	1.5485	0.2979	1.6299	0.3056	1.4825	0.2985	0.3122	1.5282	0.3054	0.3185	0.3009	1.3199	1.5433	0.2972	1.5559	0.2928	1.4345	1.5998	1.6383	1.5478	0.3132	1.5678	0.2938	0.2969	1.4774	1.4428	0.3078	0.3187	0.3027	0.3196	1.5948	0.3575	1.5980	0.3534	1.5753	0.3455	1.5840	1.4891	1.6037	1.6156	0.3133
9:39:10	30.2	0.3008	1.6418	1.6615	1.5723	1.6173	1.6197	1.6398	0.3125	1.7944	1.6679	0.2900	0.2934	1.7694	1.7067	0.3035	1.6183	1.6135	0.2932	1.5949	0.2920	1.6291	0.3118	0.3034	1.6035	1.7111	0.2843	1.5665	0.2956	0.2920	0.2985	1.5967	0.2870	1.5502	1.5949	0.3051	1.5951	1.6489	0.2934	1.5737	0.2796	1.5336	0.3013	1.5664	0.3086	1.5627	0.2751	0.2986	1.6140	0.3076	1.6468	0.3093	1.6220	1.5934	0.2998	0.2881	1.5679	0.2980	1.6404	0.3057	1.5105	0.2985	0.3122	1.5481	0.3054	0.3186	0.3009	1.3366	1.5634	0.2972	1.5701	0.2927	1.4581	1.6130	1.6490	1.5656	0.3132	1.5844	0.2937	0.2969	1.4941	1.4641	0.3078	0.3191	0.3027	0.3195	1.6186	0.3576	1.6179	0.3534	1.5952	0.3455	1.6065	1.5037	1.6211	1.6318	0.3133
9:49:10	30.2	0.3009	1.6484	1.6750	1.5926	1.6354	1.6477	1.6674	0.3126	1.8009	1.6864	0.2901	0.2936	1.7829	1.7145	0.3036	1.6280	1.6292	0.2934	1.6102	0.2923	1.6508	0.3118	0.3036	1.6177	1.7344	0.2844	1.5813	0.2958	0.2920	0.2987	1.6115	0.2876	1.5712	1.6071	0.3018	1.6173	1.6604	0.2935	1.5915	0.2798	1.5472	0.3014	1.5784	0.3087	1.5815	0.2751	0.2987	1.6321	0.3077	1.6643	0.3095	1.6362	1.6081	0.2999	0.2880	1.5839	0.2981	1.6541	0.3059	1.5295	0.2985	0.3123	1.5670	0.3055	0.3181	0.3010	1.3556	1.5834	0.2973	1.5928	0.2928	1.4947	1.6347	1.6633	1.5849	0.3133	1.6109	0.2938	0.2970	1.5177	1.4850	0.3079	0.3192	0.3059	0.3196	1.6329	0.3576	1.6436	0.3535	1.5920	0.3457	1.6252	1.5185	1.6434	1.6546	0.3136
9:59:10	30.2	0.3008	1.6696	1.6934	1.6060	1.6506	1.6620	1.6818	0.3125	1.8036	1.6896	0.2900	0.2934	1.7906	1.7300	0.3036	1.6472	1.6476	0.2943	1.6298	0.2921	1.6596	0.3118	0.3034	1.6228	1.7346	0.2844	1.5994	0.2958	0.2920	0.2986	1.6213	0.2869	1.5840	1.6244	0.3019	1.6323	1.6749	0.2934	1.6093	0.2797	1.5682	0.3013	1.6000	0.3126	1.6002	0.2751	0.2985	1.6525	0.3076	1.6761	0.3094	1.6535	1.6248	0.2998	0.2880	1.5983	0.2980	1.6269	0.3057	1.5501	0.2984	0.3123	1.5867	0.3053	0.3181	0.3009	1.3872	1.5979	0.2973	1.6008	0.2927	1.5163	1.6542	1.6730	1.6020	0.3132	1.6245	0.2937	0.2970	1.5339	1.5059	0.3078	0.3191	0.3025	0.3196	1.6474	0.3575	1.6617	0.3533	1.6134	0.3454	1.6425	1.5270	1.6580	1.6744	0.3133
10:09:10	30.2	0.3007	1.6738	1.7110	1.6165	1.6649	1.6710	1.6874	0.3123	1.8158	1.7065	0.2900	0.2935	1.7963	1.7416	0.3036	1.6686	1.6593	0.2934	1.6400	0.2922	1.6799	0.3119	0.3035	1.6519	1.7668	0.2843	1.6167	0.2958	0.2921	0.2985	1.6347	0.2870	1.6023	1.6478	0.3040	1.6416	1.6861	0.2934	1.6224	0.2797	1.5905	0.3015	1.6132	0.3089	1.6103	0.2751	0.2986	1.6660	0.3076	1.6936	0.3095	1.6729	1.6444	0.2999	0.2879	1.6089	0.2980	1.6681	0.3057	1.5679	0.2985	0.3123	1.6080	0.3054	0.3181	0.3009	1.4196	1.6155	0.2972	1.6196	0.2927	1.5398	1.6616	1.6855	1.6230	0.3133	1.6416	0.2938	0.2969	1.5545	1.5275	0.3078	0.3191	0.3061	0.3195	1.6635	0.3575	1.6753	0.3533	1.6260	0.3455	1.6552	1.5360	1.6789	1.6851	0.3133
10:19:10	30.2	0.3007	1.6976	1.7187	1.6389	1.6784	1.6837	1.7025	0.3124	1.8200	1.7169	0.2901	0.2935	1.8020	1.7453	0.3035	1.6784	1.6775	0.2934	1.6582	0.2921	1.6916	0.3118	0.3035	1.6665	1.7743	0.2844	1.6371	0.2958	0.2920	0.2986	1.6512	0.2869	1.6253	1.6628	0.3023	1.6723	1.6968	0.2934	1.6407	0.2797	1.6025	0.3014	1.6373	0.3088	1.6347	0.2751	0.2986	1.6871	0.3076	1.7055	0.3094	1.6853	1.6591	0.3000	0.2879	1.6299	0.2980	1.6833	0.3057	1.5905	0.2985	0.3122	1.6219	0.3054	0.3184	0.3009	1.4442	1.6326	0.2972	1.6359	0.2927	1.5642	1.6805	1.7000	1.6351	0.3133	1.6655	0.2936	0.2970	1.5760	1.5444	0.3077	0.3190	0.3031	0.3195	1.6847	0.3574	1.6938	0.3538	1.6387	0.3453	1.6706	1.5580	1.6965	1.7056	0.3147
10:29:10	30.2	0.3008	1.7144	1.7384	1.6502	1.6993	1.6952	1.7293	0.3123	1.8292	1.7279	0.2900	0.2935	1.8127	1.7626	0.3036	1.6929	1.6870	0.2936	1.6704	0.2921	1.6981	0.3119	0.3036	1.6827	1.7810	0.2844	1.6502	0.2959	0.2920	0.2986	1.6625	0.2869	1.6361	1.6805	0.3012	1.6810	1.7067	0.2935	1.6544	0.2798	1.6234	0.3014	1.6509	0.3089	1.6498	0.2747	0.2985	1.7055	0.3077	1.7254	0.3095	1.6965	1.6732	0.2998	0.2881	1.6469	0.2981	1.6955	0.3056	1.6039	0.2986	0.3124	1.6439	0.3054	0.3183	0.3009	1.4701	1.6462	0.2974	1.6565	0.2928	1.5842	1.6859	1.7150	1.6543	0.3133	1.6796	0.2938	0.2969	1.5963	1.5639	0.3078	0.3191	0.3047	0.3195	1.6957	0.3575	1.7125	0.3534	1.6526	0.3454	1.6830	1.5639	1.7167	1.7224	0.3133
10:39:10	30.2	0.3007	1.7232	1.7511	1.6599	1.7088	1.7069	1.7323	0.3123	1.8313	1.7358	0.2903	0.2935	1.8179	1.7699	0.3037	1.7118	1.7012	0.2948	1.6872	0.2921	1.7192	0.3119	0.3033	1.6879	1.7929	0.2844	1.6650	0.2959	0.2920	0.2986	1.6771	0.2874	1.6549	1.7022	0.3053	1.6997	1.7220	0.2935	1.6689	0.2799	1.6289	0.3013	1.6616	0.3090	1.6684	0.2747	0.2985	1.7240	0.3076	1.7377	0.3096	1.7153	1.6833	0.2999	0.2879	1.6592	0.2982	1.7008	0.3057	1.6205	0.2986	0.3124	1.6568	0.3055	0.3182	0.3010	1.5001	1.6625	0.2971	1.6657	0.2928	1.5996	1.7086	1.7229	1.6681	0.3133	1.6910	0.2937	0.2970	1.6105	1.5948	0.3078	0.3191	0.3025	0.3195	1.7092	0.3575	1.7236	0.3533	1.6655	0.3455	1.7012	1.5828	1.7352	1.7371	0.3134
10:49:10	30.2	0.3009	1.7387	1.7678	1.6747	1.7224	1.7281	1.7429	0.3125	1.8386	1.7515	0.2902	0.2936	1.8246	1.7710	0.3037	1.7241	1.7176	0.2939	1.6969	0.2923	1.7299	0.3119	0.3035	1.7130	1.8026	0.2845	1.6835	0.2960	0.2921	0.2987	1.6824	0.2869	1.6683	1.7145	0.3055	1.7121	1.7325	0.2935	1.6832	0.2800	1.6498	0.3015	1.6772	0.3102	1.6748	0.2748	0.2989	1.7386	0.3077	1.7567	0.3096	1.7261	1.7038	0.3000	0.2881	1.6746	0.2983	1.7139	0.3057	1.6337	0.2986	0.3124	1.6678	0.3055	0.3182	0.3010	1.5222	1.6832	0.2973	1.6896	0.2928	1.6223	1.7185	1.7362	1.6859	0.3133	1.7078	0.2939	0.2970	1.6234	1.6064	0.3079	0.3191	0.3028	0.3196	1.7225	0.3576	1.7383	0.3534	1.6732	0.3456	1.7179	1.5986	1.7458	1.7472	0.3134
10:59:10	30.3	0.3009	1.7530	1.7767	1.6942	1.7361	1.7440	1.7612	0.3126	1.8472	1.7600	0.2902	0.2933	1.8304	1.7882	0.3037	1.7322	1.7367	0.2940	1.7150	0.2921	1.7474	0.3117	0.3034	1.7200	1.8142	0.2844	1.6951	0.2958	0.2921	0.2987	1.6962	0.2870	1.6824	1.7303	0.3009	1.7304	1.7470	0.2934	1.7018	0.2798	1.6702	0.3013	1.6979	0.3152	1.6924	0.2750	0.2985	1.7528	0.3076	1.7666	0.3095	1.7407	1.7190	0.3000	0.2881	1.6919	0.2982	1.7259	0.3056	1.6494	0.2985	0.3123	1.6826	0.3054	0.3179	0.3009	1.5387	1.6862	0.2972	1.6980	0.2927	1.6362	1.7332	1.7429	1.6998	0.3132	1.7299	0.2937	0.2969	1.6426	1.6205	0.3077	0.3190	0.3032	0.3194	1.7382	0.3574	1.7555	0.3533	1.6873	0.3453	1.7279	1.6062	1.7610	1.7605	0.3133
11:09:10	30.2	0.3009	1.7752	1.7869	1.7084	1.7529	1.7613	1.7757	0.3122	1.8550	1.7819	0.2901	0.2936	1.8411	1.7963	0.3037	1.7479	1.7489	0.2944	1.7287	0.2920	1.7643	0.3119	0.3035	1.7320	1.8331	0.2847	1.7078	0.2959	0.2920	0.2987	1.7070	0.2874	1.7008	1.7452	0.3030	1.7400	1.7585	0.2935	1.7111	0.2799	1.6855	0.3014	1.7120	0.3123	1.7138	0.2748	0.2985	1.7677	0.3076	1.7781	0.3096	1.7552	1.7274	0.2998	0.2881	1.6972	0.2983	1.7318	0.3056	1.6660	0.2986	0.3123	1.7048	0.3054	0.3181	0.3010	1.5558	1.7100	0.2973	1.7099	0.2928	1.6533	1.7468	1.7539	1.7121	0.3133	1.7390	0.2938	0.2970	1.6603	1.6405	0.3078	0.3191	0.3031	0.3196	1.7463	0.3574	1.7690	0.3534	1.6956	0.3455	1.7399	1.6245	1.7777	1.7774	0.3133
11:19:10	30.2	0.3010	1.7747	1.8031	1.7193	1.7613	1.7692	1.7801	0.3126	1.8637	1.8007	0.2899	0.2935	1.8450	1.8100	0.3037	1.7610	1.7595	0.2986	1.7406	0.2924	1.7671	0.3120	0.3035	1.7536	1.8411	0.2844	1.7232	0.2959	0.2920	0.2987	1.7190	0.2874	1.7099	1.7572	0.3049	1.7562	1.7691	0.2934	1.7283	0.2798	1.6946	0.3016	1.7251	0.3163	1.7256	0.2751	0.2986	1.7850	0.3077	1.7934	0.3096	1.7706	1.7436	0.2998	0.2881	1.7156	0.2984	1.7414	0.3055	1.6825	0.2986	0.3124	1.7193	0.3054	0.3183	0.3010	1.5765	1.7214	0.2974	1.7278	0.2928	1.6776	1.7572	1.7641	1.7226	0.3134	1.7519	0.2938	0.2969	1.6731	1.6531	0.3078	0.3189	0.3062	0.3196	1.7631	0.3575	1.7856	0.3534	1.7060	0.3455	1.7586	1.6392	1.7912	1.7953	0.3145
11:29:10	30.2	0.3009	1.7903	1.8100	1.7338	1.7733	1.7821	1.8023	0.3124	1.8648	1.7995	0.2899	0.2934	1.8503	1.8210	0.3037	1.7730	1.7672	0.2957	1.7635	0.2921	1.7728	0.3119	0.3034	1.7603	1.8591	0.2844	1.7381	0.2958	0.2920	0.2987	1.7404	0.2871	1.7247	1.7725	0.3024	1.7673	1.7789	0.2934	1.7416	0.2798	1.7080	0.3014	1.7393	0.3122	1.7373	0.2751	0.2986	1.7971	0.3076	1.8071	0.3096	1.7820	1.7551	0.2999	0.2881	1.7274	0.2984	1.7519	0.3055	1.6976	0.2985	0.3124	1.7283	0.3054	0.3186	0.3009	1.5925	1.7342	0.2973	1.7407	0.2928	1.6892	1.7717	1.7731	1.7413	0.3133	1.7657	0.2937	0.2969	1.6887	1.6710	0.3078	0.3190	0.3028	0.3195	1.7770	0.3575	1.7952	0.3533	1.7235	0.3454	1.7730	1.6471	1.8015	1.8079	0.3145
11:39:10	30.2	0.3012	1.8097	1.8194	1.7494	1.7817	1.7859	1.8017	0.3126	1.8731	1.7961	0.2900	0.2936	1.8591	1.8185	0.3037	1.7865	1.7818	0.2992	1.7641	0.2923	1.7849	0.3120	0.3035	1.7853	1.8643	0.2847	1.7479	0.2959	0.2921	0.2987	1.7401	0.2870	1.7361	1.7838	0.3048	1.7776	1.7885	0.2935	1.7546	0.2801	1.7184	0.3016	1.7446	0.3150	1.7424	0.2748	0.2987	1.8143	0.3078	1.8220	0.3097	1.7912	1.7669	0.3001	0.2881	1.7400	0.2985	1.7617	0.3058	1.7123	0.2986	0.3125	1.7374	0.3055	0.3186	0.3009	1.6123	1.7460	0.2974	1.7477	0.2929	1.7068	1.7854	1.7820	1.7532	0.3134	1.7783	0.2938	0.2971	1.6999	1.6861	0.3078	0.3191	0.3058	0.3196	1.7843	0.3575	1.8053	0.3534	1.7352	0.3455	1.7816	1.6626	1.8131	1.8206	0.3146
11:49:10	30.2	0.3008	1.8187	1.8312	1.7581	1.7929	1.8062	1.8126	0.3126	1.8815	1.8071	0.2901	0.2936	1.8670	1.8272	0.3038	1.7906	1.7840	0.3012	1.7743	0.2922	1.8091	0.3119	0.3036	1.7881	1.8705	0.2852	1.7599	0.2959	0.2921	0.2987	1.7501	0.2876	1.7506	1.7907	0.3041	1.7953	1.8008	0.2935	1.7631	0.2800	1.7346	0.3016	1.7562	0.3164	1.7612	0.2747	0.2986	1.8280	0.3077	1.8327	0.3097	1.8021	1.7791	0.3001	0.2882	1.7492	0.2986	1.7749	0.3056	1.7284	0.2986	0.3125	1.7508	0.3055	0.3186	0.3009	1.6293	1.7616	0.2973	1.7635	0.2929	1.7229	1.7912	1.7925	1.7665	0.3135	1.7877	0.2938	0.2970	1.7140	1.7001	0.3079	0.3190	0.3026	0.3196	1.7967	0.3575	1.8241	0.3533	1.7537	0.3454	1.7959	1.6839	1.8368	1.8338	0.3143
11:59:10	30.2	0.3010	1.8218	1.8393	1.7683	1.7960	1.8055	1.8230	0.3124	1.8880	1.8311	0.2899	0.2935	1.8727	1.8352	0.3038	1.8075	1.8053	0.2952	1.7829	0.2921	1.8078	0.3119	0.3036	1.7915	1.8766	0.2846	1.7745	0.2960	0.2922	0.2987	1.7567	0.2869	1.7605	1.8046	0.3008	1.8048	1.8134	0.2935	1.7799	0.2799	1.7458	0.3014	1.7747	0.3169	1.7715	0.2747	0.2985	1.8416	0.3076	1.8419	0.3097	1.8127	1.7928	0.3000	0.2882	1.7621	0.2986	1.7824	0.3056	1.7406	0.2986	0.3126	1.7669	0.3054	0.3185	0.3009	1.6405	1.7763	0.2975	1.7766	0.2929	1.7438	1.8040	1.7995	1.7754	0.3133	1.8035	0.2938	0.2970	1.7248	1.7140	0.3078	0.3191	0.3027	0.3196	1.8087	0.3574	1.8386	0.3532	1.7535	0.3454	1.8089	1.6837	1.8445	1.8381	0.3143
12:09:10	30.3	0.3009	1.8378	1.8456	1.7792	1.8143	1.8145	1.8394	0.3124	1.8947	1.8339	0.2900	0.2936	1.8796	1.8502	0.3038	1.8126	1.8165	0.2990	1.7930	0.2922	1.8124	0.3120	0.3035	1.8014	1.8843	0.2846	1.7833	0.2959	0.2920	0.2987	1.7669	0.2869	1.7734	1.8126	0.3045	1.8235	1.8256	0.2934	1.7893	0.2800	1.7573	0.3015	1.7815	0.3131	1.7756	0.2747	0.2985	1.8548	0.3077	1.8457	0.3097	1.8294	1.8064	0.3001	0.2880	1.7713	0.2986	1.7906	0.3055	1.7466	0.2986	0.3125	1.7789	0.3054	0.3186	0.3009	1.6615	1.7831	0.2973	1.7917	0.2928	1.7669	1.8147	1.8050	1.7936	0.3133	1.8121	0.2938	0.2970	1.7333	1.7252	0.3078	0.3191	0.3050	0.3195	1.8260	0.3575	1.8465	0.3533	1.7688	0.3455	1.8178	1.7079	1.8540	1.8481	0.3134
12:19:10	30.3	0.3009	1.8381	1.8583	1.7881	1.8123	1.8302	1.8473	0.3125	1.8996	1.8490	0.2899	0.2935	1.8877	1.8571	0.3037	1.8253	1.8289	0.2971	1.8013	0.2921	1.8253	0.3119	0.3034	1.8191	1.8883	0.2851	1.7934	0.2960	0.2921	0.2987	1.7775	0.2869	1.7816	1.8232	0.3022	1.8236	1.8287	0.2934	1.8056	0.2800	1.7724	0.3015	1.7938	0.3180	1.7941	0.2751	0.2985	1.8661	0.3076	1.8549	0.3097	1.8401	1.8214	0.3000	0.2882	1.7826	0.2988	1.7987	0.3054	1.7629	0.2986	0.3126	1.7922	0.3054	0.3185	0.3009	1.6760	1.8003	0.2974	1.7994	0.2928	1.7763	1.8291	1.8122	1.8033	0.3134	1.8253	0.2938	0.2970	1.7476	1.7407	0.3077	0.3190	0.3023	0.3195	1.8413	0.3574	1.8550	0.3534	1.7740	0.3454	1.8330	1.7210	1.8622	1.8533	0.3143
12:29:10	30.2	0.3009	1.8538	1.8660	1.8004	1.8468	1.8431	1.8546	0.3124	1.9055	1.8479	0.2899	0.2935	1.8924	1.8546	0.3038	1.8343	1.8316	0.3040	1.8094	0.2921	1.8387	0.3119	0.3034	1.8480	1.9007	0.2846	1.7953	0.2959	0.2920	0.2986	1.7856	0.2875	1.7903	1.8374	0.3019	1.8303	1.8348	0.2934	1.8203	0.2799	1.7832	0.3015	1.8110	0.3136	1.8048	0.2747	0.2985	1.8789	0.3076	1.8603	0.3097	1.8508	1.8308	0.3000	0.2881	1.8006	0.2988	1.8125	0.3056	1.7761	0.2990	0.3126	1.8063	0.3054	0.3186	0.3009	1.6940	1.8146	0.2974	1.8196	0.2928	1.7914	1.8361	1.8192	1.8154	0.3134	1.8345	0.2937	0.2970	1.7605	1.7559	0.3077	0.3190	0.3026	0.3195	1.8403	0.3574	1.8589	0.3536	1.7779	0.3454	1.8336	1.7294	1.8689	1.8572	0.3145
12:39:10	30.2	0.3012	1.8657	1.8634	1.8125	1.8317	1.8481	1.8733	0.3125	1.9135	1.8678	0.2899	0.2934	1.8974	1.8603	0.3038	1.8441	1.8449	0.3047	1.8238	0.2922	1.8471	0.3119	0.3033	1.8340	1.9180	0.2846	1.8085	0.2960	0.2921	0.2988	1.7970	0.2869	1.7993	1.8445	0.3037	1.8372	1.8359	0.2934	1.8198	0.2800	1.7956	0.3015	1.8208	0.3172	1.8198	0.2747	0.2985	1.8898	0.3076	1.8649	0.3097	1.8569	1.8367	0.3001	0.2881	1.8134	0.2990	1.8196	0.3055	1.7904	0.2986	0.3127	1.8085	0.3054	0.3185	0.3009	1.7096	1.8221	0.2973	1.8289	0.2927	1.7974	1.8508	1.8256	1.8224	0.3133	1.8466	0.2938	0.2970	1.7841	1.7708	0.3078	0.3191	0.3054	0.3195	1.8497	0.3574	1.8700	0.3532	1.7873	0.3454	1.8400	1.7427	1.8759	1.8643	0.3136
12:49:10	30.3	0.3010	1.8751	1.8749	1.8194	1.8576	1.8575	1.8742	0.3126	1.9180	1.8706	0.2900	0.2936	1.9011	1.8671	0.3037	1.8536	1.8554	0.3037	1.8261	0.2922	1.8609	0.3119	0.3034	1.8400	1.9191	0.2847	1.8210	0.2960	0.2921	0.2988	1.7985	0.2869	1.8063	1.8602	0.3048	1.8408	1.8385	0.2935	1.8250	0.2800	1.8097	0.3016	1.8193	0.3204	1.8227	0.2747	0.2985	1.8985	0.3077	1.8743	0.3098	1.8611	1.8402	0.3002	0.2882	1.8197	0.2991	1.8319	0.3056	1.8131	0.2987	0.3128	1.8173	0.3055	0.3184	0.3009	1.7243	1.8352	0.2974	1.8365	0.2928	1.8046	1.8516	1.8297	1.8333	0.3133	1.8536	0.2938	0.2970	1.7870	1.7757	0.3079	0.3191	0.3026	0.3196	1.8515	0.3574	1.8748	0.3533	1.8025	0.3453	1.8489	1.7603	1.8819	1.8685	0.3133
12:59:10	30.2	0.3011	1.8777	1.8952	1.8265	1.8438	1.8638	1.8676	0.3125	1.9216	1.8666	0.2900	0.2937	1.9081	1.8862	0.3039	1.8613	1.8635	0.3050	1.8356	0.2922	1.8620	0.3120	0.3034	1.8550	1.9153	0.2853	1.8157	0.2961	0.2922	0.2988	1.8051	0.2869	1.8104	1.8628	0.3019	1.8541	1.8462	0.2935	1.8307	0.2800	1.8158	0.3016	1.8292	0.3211	1.8352	0.2747	0.2985	1.9069	0.3078	1.8809	0.3098	1.8674	1.8440	0.3003	0.2882	1.8277	0.2993	1.8371	0.3058	1.8214	0.2987	0.3129	1.8278	0.3056	0.3185	0.3010	1.7398	1.8376	0.2974	1.8393	0.2928	1.8125	1.8509	1.8397	1.8338	0.3133	1.8611	0.2939	0.2970	1.7991	1.7952	0.3079	0.3193	0.3025	0.3196	1.8627	0.3574	1.8791	0.3535	1.8152	0.3454	1.8527	1.7685	1.8868	1.8761	0.3134
13:09:10	30.2	0.3010	1.8938	1.8861	1.8431	1.8495	1.8711	1.8852	0.3124	1.9272	1.8653	0.2900	0.2934	1.9085	1.8846	0.3038	1.8694	1.8560	0.3064	1.8446	0.2923	1.8801	0.3120	0.3034	1.8712	1.9308	0.2848	1.8252	0.2962	0.2922	0.2988	1.8135	0.2873	1.8225	1.8814	0.3050	1.8568	1.8531	0.2935	1.8370	0.2800	1.8227	0.3016	1.8452	0.3224	1.8423	0.2750	0.2986	1.9189	0.3078	1.8898	0.3098	1.8709	1.8541	0.3001	0.2882	1.8387	0.2995	1.8522	0.3055	1.8266	0.2987	0.3140	1.8305	0.3055	0.3185	0.3010	1.7553	1.8426	0.2974	1.8531	0.2928	1.8218	1.8649	1.8464	1.8417	0.3133	1.8669	0.2940	0.2969	1.8063	1.8001	0.3078	0.3190	0.3033	0.3195	1.8644	0.3574	1.8893	0.3533	1.8263	0.3453	1.8577	1.7751	1.8926	1.8841	0.3134
13:19:10	30.2	0.3009	1.9057	1.8915	1.8461	1.8736	1.8759	1.8985	0.3125	1.9338	1.8871	0.2899	0.2935	1.9168	1.8926	0.3039	1.8727	1.8644	0.3065	1.8500	0.2923	1.8849	0.3120	0.3035	1.8706	1.9352	0.2850	1.8278	0.2959	0.2921	0.2988	1.8187	0.2870	1.8326	1.8803	0.3017	1.8608	1.8534	0.2936	1.8448	0.2801	1.8300	0.3016	1.8460	0.3233	1.8500	0.2752	0.2986	1.9287	0.3079	1.8946	0.3099	1.8762	1.8598	0.3003	0.2883	1.8386	0.2997	1.8487	0.3055	1.8328	0.2988	0.3131	1.8357	0.3055	0.3184	0.3010	1.7668	1.8476	0.2974	1.8566	0.2928	1.8301	1.8630	1.8492	1.8450	0.3134	1.8707	0.2939	0.2971	1.8120	1.8072	0.3079	0.3190	0.3031	0.3196	1.8710	0.3574	1.8940	0.3536	1.8374	0.3454	1.8659	1.7811	1.8952	1.8877	0.3134
13:29:10	30.2	0.3016	1.9053	1.9026	1.8534	1.8765	1.8758	1.8945	0.3125	1.9355	1.8838	0.2898	0.2937	1.9207	1.8891	0.3039	1.8880	1.8808	0.3080	1.8547	0.2923	1.8933	0.3120	0.3034	1.8686	1.9337	0.2852	1.8487	0.2960	0.2922	0.2988	1.8292	0.2870	1.8404	1.8800	0.3049	1.8636	1.8658	0.2935	1.8516	0.2801	1.8381	0.3016	1.8518	0.3240	1.8589	0.2750	0.2986	1.9352	0.3079	1.9019	0.3099	1.8866	1.8679	0.3003	0.2883	1.8472	0.2999	1.8632	0.3056	1.8381	0.2987	0.3132	1.8431	0.3055	0.3181	0.3010	1.7794	1.8528	0.2975	1.8645	0.2929	1.8309	1.8766	1.8461	1.8538	0.3134	1.8808	0.2938	0.2971	1.8192	1.8124	0.3079	0.3191	0.3065	0.3195	1.8718	0.3575	1.8958	0.3533	1.8476	0.3452	1.8723	1.7971	1.9019	1.8909	0.3133
13:39:10	30.2	0.3013	1.9160	1.9049	1.8670	1.8802	1.8797	1.8982	0.3126	1.9418	1.8998	0.2899	0.2937	1.9188	1.8980	0.3041	1.8836	1.8912	0.3096	1.8685	0.2922	1.8988	0.3120	0.3034	1.8720	1.9424	0.2851	1.8469	0.2960	0.2922	0.2988	1.8392	0.2870	1.8437	1.8853	0.3022	1.8790	1.8654	0.2936	1.8524	0.2801	1.8387	0.3017	1.8583	0.3268	1.8581	0.2752	0.2986	1.9444	0.3079	1.9037	0.3099	1.8853	1.8712	0.3002	0.2883	1.8562	0.3002	1.8602	0.3055	1.8451	0.2990	0.3168	1.8505	0.3057	0.3181	0.3010	1.7905	1.8614	0.2975	1.8682	0.2930	1.8405	1.8767	1.8585	1.8553	0.3136	1.8817	0.2940	0.2971	1.8212	1.8150	0.3079	0.3192	0.3028	0.3196	1.8782	0.3575	1.9057	0.3533	1.8543	0.3454	1.8754	1.8157	1.9103	1.8938	0.3135
13:49:10	30.2	0.3014	1.9166	1.9105	1.8691	1.8782	1.8790	1.9006	0.3127	1.9504	1.8918	0.2900	0.2937	1.9290	1.8965	0.3040	1.8908	1.8869	0.3109	1.8694	0.2927	1.8960	0.3121	0.3035	1.8926	1.9424	0.2852	1.8553	0.2960	0.2924	0.2989	1.8390	0.2871	1.8422	1.8931	0.3050	1.8849	1.8728	0.2936	1.8644	0.2801	1.8532	0.3016	1.8476	0.3291	1.8713	0.2748	0.2986	1.9483	0.3079	1.9122	0.3100	1.8955	1.8740	0.3001	0.2884	1.8561	0.3004	1.8667	0.3056	1.8429	0.2988	0.3159	1.8549	0.3056	0.3181	0.3010	1.8024	1.8650	0.2975	1.8746	0.2928	1.8430	1.8821	1.8613	1.8623	0.3135	1.8888	0.2940	0.2971	1.8312	1.8192	0.3079	0.3190	0.3032	0.3195	1.8791	0.3576	1.9123	0.3533	1.8453	0.3453	1.8804	1.8139	1.9127	1.8969	0.3133
13:59:10	30.2	0.3014	1.9278	1.9125	1.8828	1.8861	1.8899	1.9173	0.3125	1.9509	1.8947	0.2900	0.2936	1.9343	1.8992	0.3040	1.8970	1.8916	0.3124	1.8782	0.2923	1.8942	0.3120	0.3034	1.8934	1.9501	0.2857	1.8518	0.2961	0.2923	0.2988	1.8449	0.2873	1.8557	1.8928	0.3012	1.8889	1.8754	0.2936	1.8683	0.2802	1.8578	0.3016	1.8696	0.3318	1.8724	0.2751	0.2985	1.9589	0.3078	1.9090	0.3100	1.9016	1.8817	0.3001	0.2884	1.8578	0.3005	1.8700	0.3055	1.8519	0.2987	0.3161	1.8638	0.3056	0.3185	0.3010	1.8144	1.8726	0.2974	1.8780	0.2929	1.8447	1.8833	1.8668	1.8657	0.3135	1.8970	0.2940	0.2971	1.8356	1.8254	0.3078	0.3190	0.3025	0.3194	1.8905	0.3576	1.9177	0.3532	1.8593	0.3453	1.8832	1.8227	1.9208	1.9057	0.3134
14:09:10	30.2	0.3015	1.9424	1.9163	1.8895	1.8846	1.8865	1.9037	0.3126	1.9565	1.8994	0.2900	0.2938	1.9430	1.9075	0.3040	1.8932	1.8882	0.3134	1.8804	0.2923	1.9065	0.3119	0.3035	1.8962	1.9558	0.2854	1.8570	0.2962	0.2923	0.2989	1.8494	0.2874	1.8579	1.8994	0.3044	1.8890	1.8773	0.2936	1.8725	0.2802	1.8580	0.3016	1.8766	0.3367	1.8699	0.2751	0.2986	1.9610	0.3080	1.9176	0.3100	1.8986	1.8929	0.3002	0.2883	1.8648	0.3008	1.8691	0.3061	1.8550	0.2988	0.3139	1.8683	0.3055	0.3185	0.3011	1.8271	1.8742	0.2976	1.8845	0.2929	1.8555	1.8881	1.8775	1.8755	0.3134	1.8945	0.2939	0.2971	1.8410	1.8338	0.3079	0.3190	0.3024	0.3195	1.8928	0.3576	1.9189	0.3532	1.8638	0.3452	1.8894	1.8334	1.9206	1.9072	0.3134
14:19:10	30.2	0.3017	1.9410	1.9218	1.8892	1.8900	1.8890	1.9121	0.3126	1.9665	1.9079	0.2900	0.2937	1.9437	1.9060	0.3043	1.9040	1.9096	0.3161	1.8820	0.2924	1.9023	0.3121	0.3035	1.8915	1.9591	0.2859	1.8722	0.2961	0.2922	0.2989	1.8515	0.2871	1.8714	1.9105	0.3034	1.8957	1.8859	0.2937	1.8737	0.2803	1.8578	0.3019	1.8822	0.3360	1.8772	0.2753	0.2987	1.9650	0.3080	1.9240	0.3101	1.9058	1.8925	0.3003	0.2884	1.8726	0.3012	1.8710	0.3058	1.8633	0.2989	0.3142	1.8732	0.3056	0.3175	0.3011	1.8389	1.8814	0.2976	1.8849	0.2929	1.8525	1.8915	1.8804	1.8790	0.3135	1.9080	0.2940	0.2971	1.8423	1.8364	0.3080	0.3190	0.3031	0.3195	1.8925	0.3576	1.9227	0.3533	1.8664	0.3453	1.8908	1.8447	1.9283	1.9092	0.3134
14:29:10	30.1	0.3017	1.9532	1.9243	1.8970	1.8976	1.9016	1.9119	0.3125	1.9700	1.9042	0.2900	0.2937	1.9498	1.9197	0.3045	1.9080	1.9004	0.3202	1.8846	0.2924	1.9155	0.3121	0.3036	1.9040	1.9616	0.2857	1.8738	0.2962	0.2923	0.2990	1.8570	0.2874	1.8724	1.9009	0.3025	1.8944	1.8844	0.2936	1.8795	0.2803	1.8676	0.3018	1.8858	0.3403	1.8804	0.2753	0.2985	1.9713	0.3080	1.9274	0.3102	1.9084	1.8968	0.3007	0.2888	1.8792	0.3022	1.8865	0.3056	1.8627	0.2988	0.3158	1.8869	0.3057	0.3177	0.3012	1.8418	1.8901	0.2989	1.8961	0.2931	1.8602	1.8970	1.8914	1.8881	0.3135	1.9031	0.2942	0.2976	1.8528	1.8470	0.3093	0.3198	0.3024	0.3195	1.8985	0.3577	1.9344	0.3533	1.8675	0.3454	1.8988	1.8479	1.9324	1.9171	0.3136
14:39:10	30.2	0.3018	1.9584	1.9313	1.9071	1.9057	1.9059	1.9188	0.3125	1.9780	1.9077	0.2901	0.2937	1.9572	1.9177	0.3046	1.9107	1.9163	0.3248	1.8890	0.2924	1.9154	0.3121	0.3036	1.9120	1.9647	0.2860	1.8653	0.2963	0.2923	0.2991	1.8661	0.2873	1.8710	1.9169	0.3041	1.9020	1.8934	0.2936	1.8848	0.2803	1.8850	0.3019	1.8916	0.3462	1.8878	0.2750	0.2986	1.9730	0.3080	1.9308	0.3101	1.9178	1.8997	0.3007	0.2888	1.8839	0.3026	1.8861	0.3055	1.8702	0.2989	0.3148	1.8856	0.3058	0.3177	0.3013	1.8521	1.8878	0.2989	1.8996	0.2931	1.8705	1.9044	1.8908	1.8910	0.3136	1.9133	0.2942	0.2976	1.8518	1.8473	0.3093	0.3199	0.3038	0.3196	1.9022	0.3577	1.9375	0.3533	1.8794	0.3457	1.9037	1.8543	1.9371	1.9268	0.3147
14:49:10	30.2	0.3030	1.9627	1.9374	1.9108	1.9010	1.9130	1.9239	0.3126	1.9865	1.9145	0.2900	0.2939	1.9549	1.9206	0.3043	1.9144	1.9108	0.3293	1.8914	0.2925	1.9294	0.3122	0.3035	1.9017	1.9640	0.2868	1.8986	0.2964	0.2923	0.2991	1.8711	0.2873	1.8659	1.9200	0.3044	1.9018	1.8985	0.2937	1.8892	0.2803	1.8836	0.3019	1.8917	0.3503	1.8990	0.2753	0.2988	1.9778	0.3080	1.9356	0.3101	1.9232	1.9016	0.3005	0.2889	1.8813	0.3030	1.8939	0.3055	1.8704	0.2989	0.3151	1.8890	0.3057	0.3179	0.3013	1.8589	1.8950	0.2989	1.9069	0.2932	1.8758	1.9100	1.8940	1.8938	0.3135	1.9232	0.2942	0.2979	1.8619	1.8585	0.3094	0.3199	0.3025	0.3196	1.9063	0.3577	1.9409	0.3533	1.8840	0.3455	1.9097	1.8601	1.9452	1.9310	0.3135
14:59:10	30.1	0.3023	1.9663	1.9378	1.9137	1.9079	1.9138	1.9371	0.3125	1.9839	1.9186	0.2900	0.2938	1.9572	1.9320	0.3045	1.9147	1.9185	0.3353	1.8972	0.2923	1.9357	0.3120	0.3035	1.9202	1.9675	0.2879	1.8835	0.2963	0.2923	0.2990	1.8758	0.2871	1.8742	1.9172	0.3029	1.9031	1.8986	0.2936	1.8964	0.2804	1.8782	0.3019	1.8955	0.3559	1.9007	0.2753	0.2987	1.9850	0.3079	1.9413	0.3102	1.9281	1.9061	0.3006	0.2887	1.8898	0.3033	1.8937	0.3055	1.8796	0.2989	0.3156	1.8918	0.3057	0.3179	0.3013	1.8643	1.9040	0.2988	1.9059	0.2932	1.8720	1.9154	1.8990	1.9032	0.3135	1.9213	0.2942	0.2976	1.8646	1.8562	0.3094	0.3197	0.3049	0.3196	1.9071	0.3577	1.9471	0.3532	1.8846	0.3456	1.9092	1.8682	1.9444	1.9361	0.3145
15:09:10	30.1	0.3030	1.9708	1.9439	1.9238	1.9130	1.9145	1.9322	0.3124	1.9886	1.9255	0.2900	0.2939	1.9655	1.9355	0.3043	1.9197	1.9220	0.3448	1.9020	0.2923	1.9318	0.3122	0.3036	1.9230	1.9702	0.2894	1.8855	0.2964	0.2924	0.2991	1.8827	0.2872	1.8726	1.9411	0.3011	1.9122	1.9050	0.2937	1.9017	0.2805	1.8934	0.3019	1.8966	0.3732	1.9014	0.2751	0.2987	1.9927	0.3080	1.9420	0.3103	1.9304	1.9121	0.3007	0.2889	1.8970	0.3039	1.9008	0.3057	1.8841	0.2989	0.3202	1.8962	0.3057	0.3180	0.3014	1.8702	1.9076	0.2991	1.9129	0.2932	1.8788	1.9146	1.9050	1.9067	0.3136	1.9316	0.2944	0.2976	1.8657	1.8605	0.3094	0.3198	0.3025	0.3195	1.9135	0.3577	1.9458	0.3535	1.8914	0.3455	1.9196	1.8751	1.9524	1.9392	0.3135
15:19:10	30.1	0.3036	1.9789	1.9479	1.9279	1.9229	1.9197	1.9368	0.3127	1.9884	1.9287	0.2899	0.2938	1.9740	1.9398	0.3044	1.9254	1.9284	0.3565	1.9066	0.2925	1.9295	0.3121	0.3035	1.9226	1.9696	0.2905	1.8956	0.2964	0.2926	0.2991	1.8893	0.2877	1.8696	1.9336	0.3029	1.9135	1.9095	0.2937	1.9083	0.2805	1.8995	0.3019	1.9031	0.3816	1.9123	0.2757	0.2988	2.0054	0.3080	1.9473	0.3102	1.9353	1.9128	0.3009	0.2887	1.8970	0.3046	1.8962	0.3058	1.8850	0.2989	0.3187	1.9066	0.3057	0.3182	0.3013	1.8736	1.9184	0.2990	1.9169	0.2932	1.8898	1.9180	1.9120	1.9176	0.3136	1.9305	0.2944	0.2976	1.8690	1.8682	0.3094	0.3200	0.3033	0.3196	1.9175	0.3577	1.9524	0.3533	1.8935	0.3455	1.9220	1.8818	1.9570	1.9435	0.3135
15:29:10	30.1	0.3030	1.9807	1.9517	1.9379	1.9290	1.9257	1.9360	0.3125	1.9922	1.9294	0.2900	0.2940	1.9793	1.9346	0.3057	1.9345	1.9321	0.3725	1.9091	0.2923	1.9407	0.3122	0.3037	1.9171	1.9746	0.2872	1.8984	0.2963	0.2924	0.2991	1.8905	0.2877	1.8797	1.9336	0.3013	1.9179	1.9097	0.2937	1.9093	0.2806	1.9067	0.3020	1.9078	0.3971	1.9185	0.2757	0.2988	2.0096	0.3081	1.9564	0.3103	1.9439	1.9254	0.3006	0.2888	1.9073	0.3103	1.9038	0.3056	1.8904	0.2990	0.3178	1.9123	0.3058	0.3183	0.3014	1.8757	1.9204	0.2989	1.9201	0.2933	1.8932	1.9227	1.9160	1.9168	0.3136	1.9384	0.2943	0.2976	1.8757	1.8694	0.3094	0.3200	0.3029	0.3195	1.9252	0.3577	1.9544	0.3533	1.9070	0.3454	1.9269	1.8830	1.9620	1.9488	0.3135
15:39:10	30.2	0.3040	1.9834	1.9542	1.9405	1.9263	1.9286	1.9518	0.3125	1.9931	1.9336	0.2900	0.2938	1.9842	1.9450	0.3051	1.9335	1.9394	0.3989	1.9165	0.2924	1.9379	0.3120	0.3035	1.9243	1.9721	0.2940	1.9031	0.2964	0.2924	0.2991	1.8933	0.2879	1.8938	1.9431	0.3040	1.9190	1.9200	0.2937	1.9101	0.2805	1.8991	0.3021	1.9117	0.4128	1.9148	0.2757	0.2986	2.0134	0.3080	1.9622	0.3103	1.9448	1.9243	0.3009	0.2890	1.9132	0.3064	1.9112	0.3057	1.8925	0.2990	0.3214	1.9156	0.3058	0.3183	0.3014	1.8865	1.9204	0.2990	1.9235	0.2932	1.8978	1.9307	1.9161	1.9243	0.3136	1.9441	0.2942	0.2976	1.8815	1.8768	0.3095	0.3199	0.3030	0.3196	1.9300	0.3576	1.9638	0.3533	1.9101	0.3454	1.9347	1.8984	1.9622	1.9529	0.3135
15:49:10	30.2	0.3053	2.0046	1.9562	1.9469	1.9301	1.9332	1.9470	0.3125	1.9946	1.9374	0.2899	0.2939	1.9859	1.9420	0.3044	1.9358	1.9424	0.4168	1.9153	0.2925	1.9405	0.3121	0.3036	1.9360	1.9719	0.2889	1.9026	0.2964	0.2924	0.2990	1.8997	0.2873	1.9013	1.9425	0.3022	1.9370	1.9170	0.2936	1.9165	0.2805	1.9094	0.3020	1.9144	0.4971	1.9238	0.2760	0.2985	2.0187	0.3080	1.9578	0.3103	1.9525	1.9318	0.3007	0.2888	1.9140	0.3103	1.9090	0.3056	1.9034	0.2989	0.3220	1.9199	0.3058	0.3186	0.3014	1.8926	1.9272	0.2991	1.9322	0.2931	1.9034	1.9299	1.9257	1.9242	0.3135	1.9459	0.2943	0.2976	1.8806	1.8820	0.3094	0.3200	0.3026	0.3195	1.9318	0.3576	1.9642	0.3533	1.9231	0.3455	1.9383	1.9163	1.9667	1.9538	0.3138
15:59:10	30.1	0.3045	2.0145	1.9693	1.9579	1.9315	1.9353	1.9544	0.3127	1.9939	1.9457	0.2902	0.2939	1.9919	1.9447	0.3044	1.9424	1.9455	0.5537	1.9161	0.2924	1.9483	0.3122	0.3036	1.9430	1.9752	0.2885	1.9119	0.2964	0.2925	0.2992	1.9071	0.2873	1.9159	1.9552	0.3037	1.9356	1.9211	0.2938	1.9164	0.2805	1.9158	0.3021	1.9260	0.5367	1.9245	0.2762	0.2986	2.0252	0.3081	1.9603	0.3104	1.9484	1.9396	0.3009	0.2890	1.9238	0.3080	1.9166	0.3056	1.9018	0.2990	0.3247	1.9209	0.3058	0.3187	0.3013	1.8940	1.9322	0.2991	1.9362	0.2932	1.9080	1.9369	1.9302	1.9294	0.3136	1.9508	0.2944	0.2977	1.8832	1.8848	0.3095	0.3198	0.3028	0.3196	1.9330	0.3578	1.9692	0.3532	1.9319	0.3454	1.9398	1.9278	1.9753	1.9564	0.3145
16:09:10	30.1	0.3050	2.0244	1.9592	1.9692	1.9371	1.9440	1.9639	0.3125	1.9986	1.9457	0.2901	0.2939	1.9957	1.9458	0.3045	1.9435	1.9496	0.5663	1.9213	0.2926	1.9481	0.3121	0.3034	1.9411	1.9781	0.2917	1.9094	0.2964	0.2924	0.2990	1.9172	0.2872	1.9179	1.9560	0.3022	1.9323	1.9180	0.2937	1.9306	0.2806	1.9188	0.3020	1.9230	0.5657	1.9352	0.2762	0.2986	2.0299	0.3081	1.9655	0.3104	1.9533	1.9391	0.3007	0.2888	1.9257	0.3120	1.9200	0.3056	1.9081	0.2989	0.3278	1.9235	0.3058	0.3179	0.3013	1.9050	1.9358	0.2991	1.9441	0.2932	1.9163	1.9373	1.9343	1.9318	0.3136	1.9549	0.2943	0.2976	1.8904	1.8950	0.3095	0.3198	0.3025	0.3195	1.9418	0.3576	1.9668	0.3532	1.9381	0.3454	1.9436	1.9382	1.9776	1.9525	0.3140
16:19:10	30.1	0.3084	2.0286	1.9595	1.9809	1.9470	1.9428	1.9585	0.3125	2.0014	1.9530	0.2903	0.2940	2.0011	1.9483	0.3054	1.9534	1.9522	0.5888	1.9349	0.2926	1.9570	0.3122	0.3036	1.9464	1.9771	0.2902	1.9158	0.2965	0.2927	0.2992	1.9274	0.2878	1.9203	1.9617	0.3031	1.9426	1.9192	0.2938	1.9265	0.2806	1.9202	0.3022	1.9272	0.6242	1.9339	0.2761	0.2987	2.0328	0.3082	1.9697	0.3104	1.9598	1.9472	0.3007	0.2890	1.9301	0.3128	1.9191	0.3056	1.9106	0.2990	0.3279	1.9298	0.3059	0.3188	0.3014	1.9015	1.9426	0.2991	1.9410	0.2934	1.9100	1.9394	1.9415	1.9357	0.3136	1.9573	0.2944	0.2977	1.9028	1.8953	0.3096	0.3200	0.3044	0.3196	1.9370	0.3577	1.9677	0.3533	1.9484	0.3454	1.9454	1.9505	1.9750	1.9561	0.3135
16:29:10	30.2	0.3138	2.0329	1.9636	1.9916	1.9503	1.9409	1.9558	0.3124	2.0050	1.9584	0.2900	0.2939	2.0033	1.9659	0.3046	1.9560	1.9618	0.6338	1.9368	0.2926	1.9622	0.3122	0.3036	1.9517	1.9782	0.2915	1.9181	0.2964	0.2926	0.2991	1.9309	0.2877	1.9196	1.9584	0.3056	1.9375	1.9209	0.2936	1.9377	0.2805	1.9246	0.3020	1.9318	0.6454	1.9437	0.2759	0.2986	2.0355	0.3080	1.9715	0.3103	1.9650	1.9511	0.3006	0.2890	1.9333	0.3110	1.9277	0.3055	1.9100	0.2990	0.3293	1.9327	0.3058	0.3188	0.3014	1.9067	1.9465	0.2991	1.9493	0.2932	1.9040	1.9348	1.9454	1.9380	0.3136	1.9627	0.2944	0.2976	1.9065	1.8989	0.3094	0.3199	0.3026	0.3195	1.9382	0.3576	1.9775	0.3531	1.9533	0.3453	1.9501	1.9548	1.9746	1.9609	0.3137
16:39:10	30.2	0.3130	2.0380	1.9635	2.0022	1.9503	1.9516	1.9576	0.3125	2.0059	1.9527	0.2901	0.2940	2.0032	1.9530	0.3046	1.9543	1.9579	0.6499	1.9462	0.2926	1.9596	0.3123	0.3036	1.9522	1.9872	0.2967	1.9213	0.2966	0.2927	0.2992	1.9412	0.2873	1.9265	1.9611	0.3034	1.9436	1.9198	0.2937	1.9344	0.2805	1.9338	0.3021	1.9339	0.7101	1.9458	0.2762	0.2987	2.0405	0.3081	1.9736	0.3104	1.9658	1.9491	0.3009	0.2890	1.9409	0.3154	1.9271	0.3056	1.9196	0.2990	0.3307	1.9365	0.3059	0.3189	0.3015	1.9105	1.9485	0.2992	1.9471	0.2932	1.9035	1.9366	1.9502	1.9478	0.3136	1.9637	0.2944	0.2977	1.9068	1.9068	0.3095	0.3200	0.3056	0.3194	1.9393	0.3577	1.9772	0.3533	1.9617	0.3453	1.9414	1.9624	1.9739	1.9511	0.3146
16:49:10	30.2	0.3093	2.0427	1.9653	2.0079	1.9519	1.9483	1.9565	0.3125	2.0074	1.9540	0.2901	0.2940	2.0062	1.9562	0.3048	1.9551	1.9627	0.7163	1.9502	0.2927	1.9692	0.3123	0.3036	1.9473	1.9936	0.2991	1.9250	0.2965	0.2925	0.2992	1.9428	0.2875	1.9281	1.9633	0.3051	1.9389	1.9311	0.2937	1.9372	0.2806	1.9345	0.3021	1.9351	0.7452	1.9483	0.2762	0.2987	2.0422	0.3082	1.9755	0.3104	1.9661	1.9538	0.3009	0.2890	1.9397	0.3144	1.9365	0.3057	1.9241	0.2990	0.3330	1.9410	0.3059	0.3192	0.3015	1.9146	1.9467	0.2991	1.9502	0.2933	1.9119	1.9421	1.9506	1.9424	0.3138	1.9588	0.2944	0.2977	1.9120	1.9136	0.3095	0.3199	0.3027	0.3196	1.9428	0.3577	1.9761	0.3535	1.9643	0.3455	1.9468	1.9669	1.9774	1.9530	0.3149
16:59:10	30.2	0.3153	2.0447	1.9736	2.0132	1.9506	1.9507	1.9634	0.3126	2.0126	1.9509	0.2900	0.2940	2.0104	1.9492	0.3065	1.9619	1.9648	0.7226	1.9587	0.2926	1.9714	0.3122	0.3035	1.9559	1.9935	0.3008	1.9290	0.2964	0.2925	0.2991	1.9495	0.2872	1.9348	1.9630	0.3029	1.9343	1.9212	0.2937	1.9394	0.2805	1.9311	0.3021	1.9369	0.7758	1.9489	0.2761	0.2986	2.0458	0.3080	1.9736	0.3104	1.9662	1.9531	0.3007	0.2891	1.9410	0.3159	1.9345	0.3055	1.9186	0.2989	0.3347	1.9394	0.3059	0.3184	0.3014	1.9171	1.9475	0.2990	1.9538	0.2932	1.9007	1.9436	1.9556	1.9480	0.3136	1.9657	0.2944	0.2976	1.9103	1.9119	0.3096	0.3199	0.3061	0.3196	1.9423	0.3575	1.9778	0.3532	1.9714	0.3454	1.9542	1.9732	1.9757	1.9487	0.3147
17:09:10	30.1	0.3170	2.0460	1.9667	2.0177	1.9530	1.9406	1.9679	0.3126	2.0123	1.9471	0.2901	0.2940	2.0106	1.9607	0.3083	1.9643	1.9671	0.7524	1.9600	0.2925	1.9728	0.3122	0.3036	1.9515	1.9985	0.3009	1.9257	0.2965	0.2925	0.2992	1.9540	0.2873	1.9345	1.9765	0.3054	1.9337	1.9193	0.2938	1.9440	0.2806	1.9362	0.3021	1.9396	0.7918	1.9529	0.2758	0.2987	2.0481	0.3082	1.9725	0.3104	1.9668	1.9584	0.3007	0.2891	1.9417	0.3169	1.9341	0.3057	1.9254	0.2993	0.3377	1.9434	0.3058	0.3192	0.3014	1.9223	1.9543	0.2992	1.9558	0.2934	1.9001	1.9413	1.9581	1.9497	0.3136	1.9687	0.2945	0.2978	1.9136	1.9081	0.3096	0.3200	0.3027	0.3196	1.9417	0.3577	1.9731	0.3537	1.9769	0.3454	1.9472	1.9772	1.9748	1.9580	0.3149
17:19:10	30.2	0.3185	2.0512	1.9702	2.0237	1.9533	1.9486	1.9631	0.3126	2.0157	1.9494	0.2902	0.2941	2.0128	1.9612	0.3061	1.9749	1.9667	0.7704	1.9638	0.2926	1.9659	0.3124	0.3035	1.9497	1.9998	0.3050	1.9218	0.2965	0.2927	0.2992	1.9582	0.2879	1.9393	1.9729	0.3032	1.9331	1.9243	0.2939	1.9444	0.2807	1.9415	0.3023	1.9453	0.8174	1.9544	0.2762	0.2988	2.0525	0.3083	1.9730	0.3105	1.9717	1.9515	0.3009	0.2892	1.9410	0.3197	1.9367	0.3058	1.9251	0.2992	0.3399	1.9414	0.3059	0.3190	0.3015	1.9262	1.9557	0.2991	1.9549	0.2934	1.9016	1.9452	1.9624	1.9510	0.3138	1.9706	0.2945	0.2978	1.9107	1.9048	0.3097	0.3199	0.3028	0.3197	1.9400	0.3577	1.9780	0.3538	1.9806	0.3455	1.9473	1.9824	1.9782	1.9579	0.3149
17:29:10	30.1	0.3203	2.0560	1.9686	2.0279	1.9511	1.9477	1.9603	0.3125	2.0163	1.9480	0.2900	0.2941	2.0152	1.9648	0.3081	1.9700	1.9679	0.7790	1.9749	0.2926	1.9664	0.3123	0.3035	1.9477	1.9987	0.3045	1.9236	0.2965	0.2925	0.2992	1.9644	0.2878	1.9442	1.9692	0.3025	1.9359	1.9232	0.2938	1.9457	0.2807	1.9412	0.3023	1.9392	0.8361	1.9521	0.2762	0.2987	2.0532	0.3082	1.9695	0.3105	1.9681	1.9532	0.3009	0.2890	1.9441	0.3204	1.9390	0.3060	1.9218	0.2990	0.3436	1.9384	0.3058	0.3188	0.3015	1.9331	1.9530	0.2992	1.9534	0.2934	1.9008	1.9424	1.9677	1.9503	0.3137	1.9673	0.2944	0.2977	1.9140	1.9026	0.3096	0.3199	0.3030	0.3196	1.9370	0.3577	1.9749	0.3532	1.9918	0.3454	1.9476	1.9894	1.9803	1.9564	0.3136
17:39:10	30.1	0.3223	2.0583	1.9710	2.0325	1.9482	1.9453	1.9616	0.3125	2.0186	1.9466	0.2900	0.2940	2.0138	1.9534	0.3053	1.9679	1.9640	0.8009	1.9698	0.2927	1.9619	0.3124	0.3035	1.9491	2.0021	0.3093	1.9209	0.2965	0.2925	0.2992	1.9638	0.2880	1.9440	1.9660	0.3032	1.9332	1.9238	0.2937	1.9429	0.2807	1.9414	0.3021	1.9350	0.8477	1.9513	0.2758	0.2988	2.0556	0.3081	1.9775	0.3105	1.9651	1.9563	0.3009	0.2889	1.9443	0.3231	1.9402	0.3056	1.9172	0.2995	0.3534	1.9429	0.3059	0.3187	0.3014	1.9330	1.9494	0.2993	1.9502	0.2933	1.9081	1.9433	1.9671	1.9488	0.3138	1.9695	0.2945	0.2977	1.9135	1.9020	0.3096	0.3199	0.3035	0.3196	1.9406	0.3577	1.9786	0.3532	1.9921	0.3452	1.9485	1.9914	1.9807	1.9632	0.3136
17:49:10	30.1	0.3239	2.0632	1.9741	2.0378	1.9531	1.9447	1.9594	0.3126	2.0204	1.9498	0.2900	0.2940	2.0165	1.9568	0.3063	1.9646	1.9636	0.8253	1.9772	0.2926	1.9655	0.3123	0.3035	1.9527	2.0061	0.3128	1.9311	0.2965	0.2925	0.2993	1.9693	0.2877	1.9524	1.9751	0.3043	1.9366	1.9313	0.2938	1.9470	0.2807	1.9414	0.3022	1.9378	0.8677	1.9485	0.2761	0.2989	2.0578	0.3082	1.9774	0.3105	1.9659	1.9569	0.3009	0.2891	1.9421	0.3368	1.9386	0.3056	1.9188	0.2991	0.3660	1.9362	0.3059	0.3191	0.3015	1.9362	1.9496	0.2992	1.9548	0.2934	1.9116	1.9484	1.9661	1.9520	0.3136	1.9725	0.2943	0.2978	1.9202	1.8993	0.3096	0.3199	0.3039	0.3197	1.9442	0.3577	1.9812	0.3535	1.9964	0.3454	1.9488	1.9968	1.9832	1.9640	0.3136
17:59:10	30.1	0.3265	2.0662	1.9717	2.0420	1.9532	1.9457	1.9653	0.3126	2.0239	1.9491	0.2900	0.2940	2.0185	1.9527	0.3116	1.9626	1.9654	0.8320	1.9801	0.2925	1.9694	0.3123	0.3035	1.9537	2.0098	0.3163	1.9253	0.2966	0.2926	0.2992	1.9740	0.2880	1.9555	1.9762	0.3060	1.9376	1.9256	0.2938	1.9458	0.2807	1.9386	0.3022	1.9381	0.8877	1.9477	0.2759	0.2987	2.0598	0.3083	1.9775	0.3105	1.9700	1.9571	0.3010	0.2891	1.9493	0.3340	1.9362	0.3056	1.9221	0.2990	0.3897	1.9389	0.3060	0.3189	0.3015	1.9453	1.9527	0.2992	1.9566	0.2934	1.9125	1.9524	1.9703	1.9541	0.3138	1.9724	0.2945	0.2977	1.9166	1.9056	0.3096	0.3201	0.3034	0.3196	1.9429	0.3576	1.9810	0.3532	2.0023	0.3453	1.9522	2.0006	1.9837	1.9637	0.3137
18:09:10	30.1	0.3298	2.0679	1.9705	2.0446	1.9523	1.9462	1.9718	0.3126	2.0254	1.9546	0.2899	0.2941	2.0192	1.9570	0.3124	1.9643	1.9728	0.8543	1.9856	0.2928	1.9686	0.3123	0.3035	1.9554	2.0104	0.3205	1.9231	0.2966	0.2925	0.2992	1.9780	0.2879	1.9581	1.9750	0.3029	1.9367	1.9267	0.2937	1.9430	0.2806	1.9440	0.3022	1.9416	0.8970	1.9484	0.2761	0.2986	2.0649	0.3081	1.9796	0.3105	1.9741	1.9528	0.3008	0.2891	1.9445	0.3379	1.9298	0.3055	1.9220	0.2991	0.4394	1.9441	0.3059	0.3188	0.3014	1.9418	1.9540	0.2992	1.9538	0.2933	1.9150	1.9483	1.9753	1.9529	0.3136	1.9761	0.2944	0.2977	1.9164	1.9017	0.3095	0.3199	0.3034	0.3196	1.9456	0.3577	1.9795	0.3531	2.0132	0.3452	1.9491	2.0065	1.9865	1.9626	0.3147
18:19:10	30.2	0.3342	2.0691	1.9759	2.0476	1.9556	1.9480	1.9704	0.3128	2.0245	1.9563	0.2899	0.2941	2.0215	1.9580	0.3121	1.9620	1.9737	0.8585	1.9916	0.2925	1.9699	0.3122	0.3036	1.9598	2.0141	0.3243	1.9238	0.2966	0.2925	0.2992	1.9814	0.2873	1.9610	1.9785	0.3050	1.9387	1.9267	0.2938	1.9482	0.2806	1.9401	0.3022	1.9415	0.9161	1.9507	0.2760	0.2987	2.0643	0.3082	1.9743	0.3105	1.9737	1.9607	0.3009	0.2891	1.9452	0.3519	1.9381	0.3056	1.9236	0.2990	0.4860	1.9472	0.3059	0.3188	0.3015	1.9497	1.9586	0.2992	1.9583	0.2933	1.9121	1.9463	1.9760	1.9532	0.3136	1.9734	0.2945	0.2977	1.9167	1.9029	0.3096	0.3199	0.3047	0.3196	1.9470	0.3577	1.9851	0.3532	2.0130	0.3453	1.9574	2.0113	1.9863	1.9647	0.3137
18:29:10	30.1	0.3438	2.0725	1.9779	2.0526	1.9557	1.9465	1.9727	0.3126	2.0264	1.9585	0.2901	0.2941	2.0231	1.9528	0.3144	1.9642	1.9735	0.8720	1.9936	0.2927	1.9718	0.3124	0.3037	1.9598	2.0142	0.3300	1.9261	0.2966	0.2926	0.2992	1.9845	0.2873	1.9656	1.9790	0.3032	1.9393	1.9332	0.2939	1.9514	0.2808	1.9439	0.3023	1.9422	0.9164	1.9510	0.2759	0.2987	2.0637	0.3083	1.9805	0.3107	1.9687	1.9616	0.3011	0.2892	1.9476	0.4417	1.9383	0.3057	1.9259	0.2991	0.5158	1.9470	0.3059	0.3191	0.3015	1.9466	1.9562	0.2993	1.9583	0.2934	1.9103	1.9532	1.9768	1.9558	0.3137	1.9776	0.2946	0.2977	1.9225	1.9011	0.3097	0.3200	0.3027	0.3196	1.9525	0.3577	1.9853	0.3533	2.0135	0.3453	1.9531	2.0167	1.9844	1.9663	0.3137
18:39:10	30.2	0.3548	2.0732	1.9809	2.0535	1.9569	1.9483	1.9700	0.3127	2.0294	1.9588	0.2901	0.2941	2.0241	1.9632	0.3150	1.9673	1.9745	0.8842	1.9922	0.2928	1.9728	0.3124	0.3035	1.9609	2.0130	0.3405	1.9348	0.2965	0.2925	0.2993	1.9813	0.2873	1.9644	1.9820	0.3030	1.9358	1.9291	0.2938	1.9509	0.2808	1.9442	0.3023	1.9428	0.9190	1.9505	0.2760	0.2988	2.0666	0.3082	1.9886	0.3106	1.9724	1.9665	0.3010	0.2892	1.9487	0.5165	1.9384	0.3056	1.9278	0.2991	0.5514	1.9514	0.3059	0.3187	0.3016	1.9579	1.9573	0.2993	1.9603	0.2933	1.9174	1.9534	1.9775	1.9605	0.3138	1.9772	0.2945	0.2977	1.9217	1.9029	0.3096	0.3200	0.3033	0.3197	1.9465	0.3578	1.9848	0.3532	2.0143	0.3452	1.9581	2.0189	1.9869	1.9658	0.3149
18:49:10	30.1	0.3753	2.0745	1.9787	2.0550	1.9566	1.9502	1.9727	0.3126	2.0289	1.9553	0.2900	0.2941	2.0249	1.9636	0.3153	1.9697	1.9737	0.8954	1.9953	0.2925	1.9734	0.3124	0.3036	1.9604	2.0139	0.3546	1.9342	0.2966	0.2926	0.2993	1.9843	0.2879	1.9743	1.9784	0.3030	1.9369	1.9282	0.2938	1.9483	0.2809	1.9446	0.3023	1.9486	0.9398	1.9527	0.2759	0.2988	2.0680	0.3083	1.9854	0.3107	1.9743	1.9615	0.3010	0.2890	1.9513	0.5784	1.9420	0.3057	1.9280	0.2997	0.5968	1.9479	0.3060	0.3194	0.3016	1.9540	1.9600	0.2993	1.9653	0.2934	1.9181	1.9544	1.9792	1.9597	0.3137	1.9808	0.2945	0.2978	1.9148	1.9035	0.3096	0.3200	0.3040	0.3196	1.9516	0.3578	1.9884	0.3534	2.0233	0.3452	1.9512	2.0252	1.9860	1.9646	0.3147
18:59:10	30.2	0.4484	2.0777	1.9769	2.0603	1.9552	1.9502	1.9723	0.3126	2.0300	1.9633	0.2901	0.2942	2.0265	1.9630	0.3131	1.9678	1.9777	0.9245	2.0036	0.2929	1.9749	0.3124	0.3036	1.9622	2.0170	0.4046	1.9361	0.2967	0.2926	0.2992	1.9875	0.2874	1.9804	1.9810	0.3047	1.9391	1.9293	0.2938	1.9502	0.2808	1.9484	0.3022	1.9471	0.9705	1.9506	0.2759	0.2989	2.0665	0.3083	1.9864	0.3107	1.9759	1.9672	0.3012	0.2893	1.9524	0.5932	1.9408	0.3057	1.9296	0.2992	0.5912	1.9534	0.3060	0.3192	0.3016	1.9541	1.9608	0.2993	1.9637	0.2934	1.9237	1.9545	1.9821	1.9653	0.3139	1.9778	0.2945	0.2978	1.9205	1.9060	0.3096	0.3201	0.3033	0.3196	1.9510	0.3578	1.9907	0.3531	2.0191	0.3453	1.9502	2.0303	1.9895	1.9698	0.3150
19:09:10	30.1	0.4814	2.0797	1.9785	2.0635	1.9555	1.9526	1.9743	0.3126	2.0324	1.9661	0.2900	0.2942	2.0292	1.9669	0.3136	1.9712	1.9815	0.9584	2.0086	0.2926	1.9798	0.3124	0.3036	1.9630	2.0188	0.4641	1.9420	0.2967	0.2927	0.2993	1.9911	0.2874	1.9815	1.9824	0.3047	1.9421	1.9288	0.2938	1.9492	0.2808	1.9475	0.3023	1.9517	1.0033	1.9532	0.2759	0.2986	2.0688	0.3084	1.9865	0.3107	1.9801	1.9616	0.3010	0.2892	1.9571	0.6331	1.9398	0.3057	1.9305	0.2992	0.6687	1.9557	0.3060	0.3192	0.3015	1.9533	1.9627	0.2992	1.9651	0.2934	1.9234	1.9557	1.9860	1.9615	0.3137	1.9830	0.2945	0.2978	1.9289	1.9074	0.3096	0.3199	0.3035	0.3197	1.9536	0.3578	1.9901	0.3535	2.0216	0.3454	1.9555	2.0298	1.9894	1.9721	0.3136
19:19:10	30.1	0.5108	2.0812	1.9750	2.0649	1.9580	1.9530	1.9777	0.3127	2.0321	1.9634	0.2900	0.2941	2.0302	1.9603	0.3159	1.9703	1.9798	0.9626	2.0066	0.2928	1.9808	0.3125	0.3036	1.9657	2.0177	0.5150	1.9432	0.2967	0.2926	0.2993	1.9902	0.2878	1.9818	1.9837	0.3032	1.9419	1.9291	0.2938	1.9495	0.2807	1.9495	0.3022	1.9548	1.0231	1.9523	0.2763	0.2988	2.0676	0.3084	1.9910	0.3106	1.9781	1.9604	0.3011	0.2891	1.9528	0.5855	1.9416	0.3056	1.9337	0.2991	0.6874	1.9508	0.3060	0.3193	0.3015	1.9539	1.9623	0.2992	1.9671	0.2933	1.9265	1.9544	1.9826	1.9605	0.3137	1.9819	0.2944	0.2977	1.9218	1.9062	0.3096	0.3200	0.3042	0.3195	1.9536	0.3579	1.9926	0.3532	2.0219	0.3452	1.9565	2.0284	1.9906	1.9745	0.3146
19:29:10	30.1	0.5675	2.0815	1.9735	2.0661	1.9591	1.9553	1.9818	0.3127	2.0323	1.9639	0.2900	0.2942	2.0331	1.9581	0.3173	1.9728	1.9820	0.9954	2.0087	0.2928	1.9807	0.3126	0.3035	1.9679	2.0208	0.5637	1.9459	0.2967	0.2926	0.2993	1.9895	0.2875	1.9844	1.9822	0.3053	1.9420	1.9306	0.2939	1.9511	0.2808	1.9488	0.3023	1.9513	1.0377	1.9522	0.2759	0.2987	2.0678	0.3084	1.9886	0.3108	1.9798	1.9640	0.3010	0.2892	1.9528	0.6422	1.9383	0.3057	1.9344	0.2992	0.6951	1.9537	0.3059	0.3187	0.3016	1.9578	1.9658	0.2993	1.9669	0.2934	1.9281	1.9579	1.9818	1.9637	0.3137	1.9838	0.2945	0.2978	1.9247	1.9078	0.3096	0.3200	0.3040	0.3197	1.9553	0.3580	1.9937	0.3532	2.0239	0.3454	1.9598	2.0268	1.9931	1.9760	0.3136
19:39:10	30.1	0.5931	2.0826	1.9780	2.0683	1.9599	1.9573	1.9820	0.3125	2.0334	1.9643	0.2900	0.2942	2.0383	1.9589	0.3181	1.9731	1.9823	1.0226	2.0136	0.2927	1.9841	0.3124	0.3035	1.9665	2.0166	0.5706	1.9475	0.2966	0.2926	0.2993	1.9963	0.2873	1.9877	1.9841	0.3033	1.9447	1.9293	0.2938	1.9547	0.2808	1.9495	0.3022	1.9531	1.0855	1.9543	0.2762	0.2987	2.0676	0.3084	1.9871	0.3106	1.9839	1.9651	0.3009	0.2891	1.9548	0.6781	1.9422	0.3056	1.9364	0.2991	0.7582	1.9544	0.3059	0.3183	0.3014	1.9502	1.9670	0.2991	1.9674	0.2933	1.9300	1.9591	1.9852	1.9626	0.3137	1.9838	0.2944	0.2977	1.9242	1.9107	0.3096	0.3200	0.3031	0.3196	1.9578	0.3579	1.9969	0.3530	2.0279	0.3451	1.9583	2.0274	1.9952	1.9724	0.3135
19:49:10	30.0	0.6240	2.0856	1.9802	2.0640	1.9600	1.9626	1.9838	0.3126	2.0320	1.9675	0.2900	0.2941	2.0404	1.9608	0.3187	1.9739	1.9843	1.0511	2.0154	0.2928	1.9867	0.3125	0.3035	1.9689	2.0168	0.6223	1.9447	0.2966	0.2926	0.2993	1.9984	0.2874	1.9840	1.9872	0.3042	1.9456	1.9290	0.2939	1.9561	0.2808	1.9513	0.3022	1.9523	1.1055	1.9518	0.2759	0.2987	2.0655	0.3084	1.9910	0.3107	1.9820	1.9671	0.3011	0.2892	1.9545	0.7129	1.9384	0.3057	1.9360	0.2992	0.7915	1.9621	0.3060	0.3177	0.3015	1.9535	1.9673	0.2992	1.9662	0.2933	1.9297	1.9626	1.9851	1.9668	0.3137	1.9877	0.2946	0.2977	1.9240	1.9126	0.3096	0.3199	0.3033	0.3195	1.9611	0.3579	1.9977	0.3531	2.0280	0.3452	1.9585	2.0270	1.9943	1.9742	0.3136
19:59:10	30.1	0.6496	2.0816	1.9798	2.0635	1.9594	1.9640	1.9842	0.3127	2.0316	1.9699	0.2900	0.2942	2.0418	1.9608	0.3210	1.9775	1.9869	1.0803	2.0074	0.2928	1.9875	0.3124	0.3035	1.9695	2.0202	0.6688	1.9462	0.2966	0.2928	0.2993	1.9931	0.2880	1.9874	1.9879	0.3062	1.9461	1.9310	0.2939	1.9557	0.2808	1.9527	0.3023	1.9503	1.1294	1.9565	0.2759	0.2989	2.0653	0.3084	1.9969	0.3107	1.9814	1.9716	0.3010	0.2892	1.9599	0.7571	1.9461	0.3058	1.9378	0.2992	0.7776	1.9607	0.3059	0.3176	0.3016	1.9562	1.9700	0.2993	1.9675	0.2934	1.9323	1.9628	1.9838	1.9689	0.3138	1.9878	0.2945	0.2976	1.9259	1.9134	0.3096	0.3199	0.3067	0.3196	1.9600	0.3579	2.0001	0.3531	2.0294	0.3452	1.9573	2.0254	1.9933	1.9762	0.3137
20:09:10	30.1	0.6715	2.0766	1.9831	2.0643	1.9574	1.9663	1.9894	0.3126	2.0297	1.9684	0.2900	0.2941	2.0301	1.9631	0.3226	1.9788	1.9875	1.1128	2.0116	0.2927	1.9887	0.3124	0.3036	1.9712	2.0190	0.6857	1.9460	0.2967	0.2926	0.2993	1.9921	0.2875	1.9874	1.9852	0.3036	1.9485	1.9302	0.2939	1.9567	0.2808	1.9528	0.3023	1.9566	1.1473	1.9569	0.2759	0.2987	2.0708	0.3086	1.9931	0.3107	1.9849	1.9700	0.3012	0.2892	1.9585	0.8034	1.9428	0.3057	1.9370	0.2992	0.8045	1.9602	0.3059	0.3177	0.3016	1.9605	1.9682	0.2992	1.9711	0.2934	1.9339	1.9594	1.9861	1.9683	0.3138	1.9872	0.2946	0.2978	1.9275	1.9143	0.3097	0.3200	0.3030	0.3196	1.9628	0.3579	1.9987	0.3532	2.0318	0.3453	1.9581	2.0239	1.9956	1.9802	0.3140
20:19:10	30.1	0.7135	2.0729	1.9807	2.0644	1.9612	1.9658	1.9882	0.3129	2.0280	1.9691	0.2899	0.2941	2.0221	1.9634	0.3252	1.9799	1.9880	1.1408	2.0131	0.2928	1.9852	0.3124	0.3036	1.9727	2.0209	0.7084	1.9482	0.2967	0.2926	0.2993	1.9929	0.2875	1.9869	1.9911	0.3037	1.9480	1.9308	0.2939	1.9580	0.2809	1.9560	0.3023	1.9567	1.1751	1.9609	0.2762	0.2988	2.0649	0.3087	1.9929	0.3107	1.9866	1.9710	0.3011	0.2893	1.9581	0.8295	1.9443	0.3059	1.9391	0.2992	0.8362	1.9605	0.3060	0.3178	0.3016	1.9644	1.9695	0.2994	1.9719	0.2935	1.9373	1.9621	1.9853	1.9699	0.3138	1.9902	0.2946	0.2978	1.9339	1.9178	0.3096	0.3200	0.3036	0.3196	1.9636	0.3581	1.9990	0.3535	2.0281	0.3451	1.9581	2.0245	1.9971	1.9821	0.3147
20:29:10	30.1	0.7314	2.0687	1.9808	2.0595	1.9628	1.9695	1.9867	0.3127	2.0262	1.9736	0.2899	0.2942	2.0197	1.9624	0.3278	1.9799	1.9861	1.1784	2.0133	0.2927	1.9864	0.3126	0.3036	1.9753	2.0208	0.7279	1.9482	0.2967	0.2929	0.2994	1.9917	0.2879	1.9854	1.9945	0.3043	1.9506	1.9306	0.2939	1.9574	0.2809	1.9586	0.3023	1.9586	1.1769	1.9595	0.2762	0.2988	2.0747	0.3087	1.9966	0.3108	1.9857	1.9752	0.3010	0.2893	1.9556	0.8704	1.9471	0.3059	1.9403	0.2993	0.8350	1.9606	0.3061	0.3179	0.3017	1.9613	1.9706	0.2994	1.9743	0.2935	1.9382	1.9603	1.9861	1.9728	0.3139	1.9889	0.2946	0.2979	1.9357	1.9145	0.3097	0.3201	0.3035	0.3196	1.9648	0.3581	2.0010	0.3531	2.0263	0.3451	1.9551	2.0250	2.0016	1.9850	0.3149
20:39:10	30.1	0.7398	2.0670	1.9824	2.0594	1.9603	1.9666	1.9850	0.3128	2.0262	1.9690	0.2899	0.2942	2.0167	1.9605	0.3297	1.9779	1.9891	1.2007	2.0122	0.2927	1.9868	0.3125	0.3035	1.9732	2.0225	0.7553	1.9510	0.2967	0.2927	0.2993	1.9945	0.2880	1.9875	1.9956	0.3051	1.9511	1.9309	0.2939	1.9600	0.2809	1.9584	0.3023	1.9615	1.1910	1.9609	0.2760	0.2988	2.0707	0.3087	2.0038	0.3108	1.9875	1.9754	0.3011	0.2893	1.9592	0.9168	1.9477	0.3058	1.9409	0.2992	0.8486	1.9630	0.3061	0.3181	0.3016	1.9640	1.9720	0.2993	1.9769	0.2935	1.9409	1.9596	1.9864	1.9728	0.3138	1.9884	0.2946	0.2978	1.9401	1.9180	0.3097	0.3199	0.3058	0.3196	1.9663	0.3579	2.0025	0.3530	2.0265	0.3452	1.9572	2.0254	2.0039	1.9860	0.3145
20:49:10	30.0	0.7780	2.0662	1.9818	2.0608	1.9630	1.9703	1.9859	0.3126	2.0256	1.9733	0.2900	0.2943	2.0136	1.9623	0.3359	1.9810	1.9896	1.2222	2.0146	0.2927	1.9879	0.3126	0.3035	1.9772	2.0239	0.7687	1.9512	0.2967	0.2929	0.2994	1.9966	0.2875	1.9860	1.9981	0.3033	1.9526	1.9287	0.2940	1.9608	0.2810	1.9609	0.3023	1.9621	1.2057	1.9633	0.2762	0.2989	2.0675	0.3087	1.9981	0.3108	1.9907	1.9770	0.3012	0.2891	1.9579	0.9460	1.9448	0.3059	1.9417	0.2992	0.8737	1.9656	0.3061	0.3178	0.3016	1.9674	1.9725	0.2993	1.9806	0.2934	1.9396	1.9626	1.9874	1.9737	0.3137	1.9880	0.2946	0.2978	1.9419	1.9173	0.3097	0.3199	0.3031	0.3196	1.9671	0.3580	2.0073	0.3531	2.0328	0.3451	1.9637	2.0259	2.0021	1.9882	0.3135
20:59:10	30.1	0.7856	2.0661	1.9841	2.0582	1.9643	1.9682	1.9899	0.3127	2.0245	1.9673	0.2900	0.2944	2.0106	1.9611	0.3394	1.9814	1.9893	1.2253	2.0122	0.2929	1.9888	0.3127	0.3036	1.9773	2.0165	0.7806	1.9530	0.2969	0.2928	0.2995	1.9966	0.2880	1.9907	1.9921	0.3034	1.9549	1.9289	0.2940	1.9621	0.2811	1.9616	0.3024	1.9651	1.2598	1.9631	0.2761	0.2988	2.0734	0.3087	2.0021	0.3109	1.9904	1.9754	0.3012	0.2894	1.9611	0.9842	1.9449	0.3059	1.9423	0.2993	0.8760	1.9655	0.3061	0.3179	0.3017	1.9678	1.9730	0.2995	1.9815	0.2935	1.9442	1.9598	1.9870	1.9739	0.3140	1.9931	0.2947	0.2978	1.9433	1.9183	0.3098	0.3200	0.3039	0.3197	1.9651	0.3581	2.0070	0.3531	2.0364	0.3450	1.9604	2.0255	2.0052	1.9852	0.3136
21:09:10	30.1	0.7965	2.0650	1.9876	2.0580	1.9637	1.9722	1.9900	0.3127	2.0225	1.9701	0.2899	0.2942	2.0081	1.9566	0.3407	1.9823	1.9883	1.2475	2.0130	0.2929	1.9882	0.3127	0.3035	1.9753	2.0182	0.7891	1.9520	0.2967	0.2927	0.2993	1.9956	0.2874	1.9885	1.9950	0.3031	1.9571	1.9269	0.2939	1.9622	0.2809	1.9626	0.3022	1.9643	1.2829	1.9658	0.2760	0.2988	2.0648	0.3085	1.9997	0.3108	1.9932	1.9759	0.3011	0.2891	1.9628	1.0192	1.9429	0.3058	1.9427	0.2995	0.8883	1.9686	0.3059	0.3178	0.3016	1.9720	1.9752	0.2994	1.9846	0.2933	1.9456	1.9642	1.9879	1.9798	0.3137	1.9970	0.2945	0.2976	1.9438	1.9193	0.3096	0.3199	0.3031	0.3195	1.9634	0.3579	2.0085	0.3529	2.0346	0.3450	1.9631	2.0260	2.0030	1.9854	0.3135
21:19:10	30.1	0.8051	2.0655	1.9871	2.0579	1.9653	1.9796	1.9941	0.3128	2.0225	1.9677	0.2900	0.2944	2.0057	1.9583	0.3415	1.9830	1.9893	1.2737	2.0132	0.2929	1.9891	0.3125	0.3035	1.9785	2.0198	0.7892	1.9562	0.2968	0.2927	0.2994	1.9969	0.2874	1.9859	1.9998	0.3040	1.9566	1.9276	0.2940	1.9635	0.2810	1.9635	0.3022	1.9641	1.2810	1.9649	0.2764	0.2988	2.0700	0.3086	1.9993	0.3107	1.9911	1.9787	0.3011	0.2893	1.9691	1.0422	1.9464	0.3059	1.9445	0.2993	0.9149	1.9671	0.3060	0.3183	0.3016	1.9726	1.9760	0.2994	1.9816	0.2934	1.9414	1.9643	1.9862	1.9826	0.3139	1.9954	0.2946	0.2978	1.9473	1.9213	0.3096	0.3198	0.3059	0.3195	1.9686	0.3580	2.0038	0.3529	2.0383	0.3451	1.9674	2.0255	2.0055	1.9848	0.3134
21:29:10	30.1	0.8149	2.0635	1.9879	2.0570	1.9643	1.9753	1.9924	0.3128	2.0223	1.9712	0.2900	0.2943	2.0042	1.9577	0.3544	1.9842	1.9904	1.2940	2.0121	0.2929	1.9931	0.3127	0.3037	1.9802	2.0172	0.7965	1.9539	0.2968	0.2930	0.2995	1.9962	0.2880	1.9778	1.9917	0.3036	1.9603	1.9285	0.2940	1.9628	0.2810	1.9598	0.3023	1.9656	1.3092	1.9681	0.2765	0.2988	2.0712	0.3087	2.0013	0.3110	1.9936	1.9840	0.3012	0.2894	1.9725	1.0876	1.9455	0.3059	1.9454	0.2993	0.9471	1.9679	0.3062	0.3183	0.3018	1.9708	1.9743	0.2995	1.9837	0.2935	1.9375	1.9666	1.9861	1.9811	0.3141	1.9955	0.2946	0.2979	1.9491	1.9218	0.3098	0.3201	0.3030	0.3196	1.9697	0.3581	2.0042	0.3531	2.0393	0.3451	1.9638	2.0268	2.0044	1.9877	0.3137
21:39:10	30.1	0.8233	2.0641	1.9876	2.0568	1.9645	1.9725	1.9963	0.3128	2.0204	1.9663	0.2900	0.2944	2.0019	1.9581	0.3660	1.9861	1.9932	1.3311	2.0166	0.2930	1.9938	0.3125	0.3035	1.9815	2.0161	0.8191	1.9544	0.2968	0.2930	0.2994	1.9946	0.2880	1.9835	1.9932	0.3036	1.9600	1.9287	0.2939	1.9643	0.2811	1.9604	0.3023	1.9639	1.3257	1.9700	0.2760	0.2988	2.0695	0.3087	2.0035	0.3109	1.9946	1.9874	0.3011	0.2894	1.9728	1.1166	1.9350	0.3058	1.9478	0.2993	0.9736	1.9706	0.3062	0.3183	0.3017	1.9749	1.9794	0.2993	1.9867	0.2934	1.9438	1.9664	1.9853	1.9798	0.3139	1.9923	0.2947	0.2978	1.9460	1.9239	0.3098	0.3199	0.3035	0.3197	1.9702	0.3580	2.0084	0.3530	2.0421	0.3450	1.9677	2.0257	2.0083	1.9889	0.3136
21:49:10	30.1	0.8376	2.0623	1.9880	2.0559	1.9661	1.9755	1.9976	0.3128	2.0195	1.9691	0.2900	0.2943	1.9995	1.9611	0.3820	1.9889	1.9931	1.3443	2.0122	0.2930	1.9947	0.3125	0.3036	1.9805	2.0168	0.8034	1.9556	0.2968	0.2929	0.2993	1.9920	0.2875	1.9846	1.9938	0.3053	1.9631	1.9274	0.2939	1.9640	0.2810	1.9623	0.3023	1.9641	1.3610	1.9698	0.2760	0.2987	2.0680	0.3087	2.0062	0.3109	1.9940	1.9874	0.3013	0.2894	1.9701	1.1429	1.9343	0.3059	1.9464	0.2993	0.9974	1.9701	0.3061	0.3179	0.3017	1.9781	1.9816	0.2993	1.9864	0.2934	1.9453	1.9656	1.9855	1.9851	0.3138	1.9935	0.2946	0.2978	1.9482	1.9226	0.3097	0.3199	0.3034	0.3196	1.9694	0.3580	2.0117	0.3529	2.0377	0.3449	1.9689	2.0259	2.0096	1.9851	0.3135
21:59:10	30.0	0.8524	2.0623	1.9863	2.0555	1.9669	1.9757	1.9993	0.3127	2.0174	1.9705	0.2899	0.2944	1.9984	1.9592	0.4153	1.9876	1.9965	1.3640	2.0200	0.2929	1.9957	0.3128	0.3036	1.9806	2.0131	0.8530	1.9561	0.2968	0.2928	0.2994	1.9971	0.2879	1.9788	1.9997	0.3048	1.9615	1.9285	0.2940	1.9663	0.2810	1.9673	0.3023	1.9628	1.3795	1.9684	0.2760	0.2988	2.0668	0.3086	2.0089	0.3109	1.9964	1.9853	0.3013	0.2895	1.9740	1.1638	1.9288	0.3060	1.9490	0.2993	1.0311	1.9670	0.3061	0.3179	0.3017	1.9816	1.9811	0.2994	1.9849	0.2935	1.9430	1.9662	1.9848	1.9832	0.3140	1.9937	0.2946	0.2978	1.9507	1.9202	0.3097	0.3199	0.3068	0.3196	1.9676	0.3581	2.0132	0.3529	2.0326	0.3449	1.9711	2.0254	2.0093	1.9890	0.3135
22:09:10	30.1	0.8722	2.0610	1.9896	2.0547	1.9679	1.9801	1.9977	0.3128	2.0156	1.9738	0.2899	0.2945	1.9965	1.9580	0.4587	1.9885	1.9993	1.3923	2.0177	0.2931	1.9955	0.3128	0.3035	1.9827	2.0166	0.8649	1.9588	0.2968	0.2928	0.2994	1.9969	0.2874	1.9843	2.0013	0.3058	1.9662	1.9280	0.2939	1.9661	0.2810	1.9712	0.3023	1.9686	1.4038	1.9723	0.2760	0.2988	2.0658	0.3087	2.0107	0.3110	1.9966	1.9893	0.3014	0.2894	1.9752	1.1827	1.9244	0.3060	1.9483	0.2994	1.0613	1.9714	0.3062	0.3178	0.3017	1.9824	1.9839	0.2994	1.9860	0.2935	1.9462	1.9714	1.9853	1.9848	0.3139	1.9928	0.2947	0.2978	1.9507	1.9202	0.3097	0.3199	0.3032	0.3196	1.9755	0.3580	2.0156	0.3530	2.0400	0.3450	1.9680	2.0243	2.0154	1.9924	0.3136
22:19:10	30.0	0.8944	2.0608	1.9867	2.0549	1.9683	1.9811	1.9993	0.3128	2.0163	1.9713	0.2900	0.2945	1.9955	1.9555	0.5158	1.9908	1.9972	1.4117	2.0191	0.2930	1.9969	0.3126	0.3036	1.9850	2.0149	0.8912	1.9582	0.2969	0.2928	0.2994	1.9974	0.2879	1.9859	1.9988	0.3037	1.9662	1.9280	0.2939	1.9689	0.2812	1.9721	0.3024	1.9671	1.4286	1.9777	0.2760	0.2989	2.0668	0.3087	2.0109	0.3110	1.9983	1.9885	0.3013	0.2894	1.9737	1.2157	1.9278	0.3061	1.9507	0.2994	1.0910	1.9708	0.3062	0.3178	0.3017	1.9827	1.9852	0.2993	1.9869	0.2934	1.9435	1.9758	1.9836	1.9846	0.3140	1.9965	0.2946	0.2978	1.9596	1.9210	0.3098	0.3201	0.3038	0.3197	1.9688	0.3580	2.0083	0.3529	2.0386	0.3449	1.9733	2.0258	2.0132	1.9934	0.3136
22:29:10	30.1	0.9084	2.0602	1.9851	2.0549	1.9693	1.9842	1.9953	0.3126	2.0150	1.9735	0.2899	0.2943	1.9937	1.9513	0.5370	1.9932	1.9982	1.4469	2.0178	0.2930	2.0013	0.3127	0.3035	1.9842	2.0127	0.9187	1.9591	0.2968	0.2928	0.2994	1.9984	0.2874	1.9847	1.9991	0.3045	1.9645	1.9261	0.2940	1.9719	0.2811	1.9688	0.3025	1.9668	1.4523	1.9746	0.2761	0.2990	2.0656	0.3087	2.0171	0.3109	1.9987	1.9915	0.3012	0.2894	1.9727	1.2474	1.9266	0.3060	1.9506	0.2994	1.1243	1.9707	0.3062	0.3181	0.3017	1.9804	1.9859	0.2992	1.9879	0.2935	1.9473	1.9705	1.9842	1.9884	0.3138	1.9971	0.2947	0.2978	1.9513	1.9222	0.3098	0.3200	0.3036	0.3195	1.9672	0.3579	2.0138	0.3529	2.0460	0.3449	1.9708	2.0253	2.0151	1.9889	0.3135
22:39:10	30.1	0.9375	2.0591	1.9908	2.0537	1.9688	1.9873	2.0007	0.3128	2.0130	1.9688	0.2900	0.2945	1.9932	1.9522	0.5756	1.9967	2.0025	1.4780	2.0196	0.2930	2.0007	0.3128	0.3037	1.9873	2.0134	0.9430	1.9629	0.2968	0.2929	0.2995	1.9990	0.2876	1.9947	2.0027	0.3033	1.9640	1.9237	0.2940	1.9730	0.2813	1.9664	0.3025	1.9718	1.4809	1.9758	0.2761	0.2989	2.0649	0.3089	2.0111	0.3110	1.9997	1.9917	0.3014	0.2894	1.9739	1.2732	1.9276	0.3060	1.9500	0.2994	1.1556	1.9714	0.3062	0.3179	0.3017	1.9860	1.9894	0.2995	1.9890	0.2935	1.9475	1.9680	1.9851	1.9878	0.3140	1.9972	0.2948	0.2979	1.9543	1.9210	0.3098	0.3202	0.3069	0.3196	1.9655	0.3580	2.0091	0.3531	2.0433	0.3450	1.9688	2.0247	2.0170	1.9881	0.3135
22:49:10	30.1	0.9723	2.0590	1.9907	2.0535	1.9705	1.9833	2.0023	0.3128	2.0136	1.9732	0.2899	0.2944	1.9914	1.9488	0.6086	1.9943	2.0039	1.5049	2.0199	0.2932	1.9996	0.3128	0.3036	1.9872	2.0141	0.9732	1.9607	0.2970	0.2929	0.2995	1.9979	0.2876	1.9953	2.0037	0.3041	1.9674	1.9238	0.2940	1.9753	0.2812	1.9689	0.3024	1.9779	1.5043	1.9789	0.2761	0.2989	2.0647	0.3089	2.0172	0.3110	2.0017	1.9872	0.3013	0.2895	1.9743	1.2981	1.9274	0.3060	1.9529	0.2994	1.1872	1.9749	0.3063	0.3181	0.3018	1.9860	1.9919	0.2996	1.9901	0.2935	1.9519	1.9677	1.9877	1.9880	0.3140	2.0004	0.2948	0.2979	1.9531	1.9216	0.3099	0.3199	0.3048	0.3198	1.9681	0.3580	2.0118	0.3530	2.0520	0.3449	1.9692	2.0253	2.0189	1.9902	0.3137
22:59:10	30.1	1.0097	2.0578	1.9932	2.0530	1.9707	1.9885	2.0019	0.3127	2.0126	1.9745	0.2899	0.2944	1.9903	1.9489	0.6536	1.9973	2.0026	1.5308	2.0206	0.2931	2.0031	0.3127	0.3036	1.9878	2.0121	1.0031	1.9647	0.2969	0.2929	0.2995	1.9996	0.2877	1.9928	2.0021	0.3046	1.9681	1.9229	0.2941	1.9728	0.2811	1.9753	0.3025	1.9712	1.5282	1.9794	0.2761	0.2988	2.0627	0.3088	2.0154	0.3110	2.0048	1.9913	0.3013	0.2894	1.9746	1.3193	1.9241	0.3060	1.9511	0.2994	1.2193	1.9752	0.3062	0.3179	0.3018	1.9894	1.9912	0.2994	1.9909	0.2935	1.9474	1.9663	1.9859	1.9893	0.3139	2.0014	0.2947	0.2978	1.9550	1.9227	0.3098	0.3200	0.3034	0.3197	1.9758	0.3580	2.0126	0.3530	2.0412	0.3448	1.9709	2.0244	2.0195	1.9907	0.3135
23:09:10	30.1	1.0391	2.0569	1.9902	2.0528	1.9734	1.9861	2.0011	0.3127	2.0118	1.9750	0.2900	0.2944	1.9895	1.9475	0.6739	1.9935	2.0034	1.5496	2.0198	0.2930	2.0032	0.3130	0.3036	1.9898	2.0115	1.0339	1.9653	0.2968	0.2929	0.2995	1.9962	0.2880	1.9922	2.0022	0.3067	1.9707	1.9227	0.2941	1.9755	0.2812	1.9754	0.3025	1.9702	1.5536	1.9811	0.2761	0.2989	2.0610	0.3089	2.0153	0.3110	2.0029	1.9934	0.3013	0.2894	1.9762	1.3393	1.9197	0.3060	1.9517	0.2994	1.2461	1.9750	0.3063	0.3179	0.3018	1.9916	1.9911	0.2994	1.9903	0.2935	1.9543	1.9714	1.9842	1.9928	0.3139	2.0075	0.2947	0.2978	1.9546	1.9288	0.3098	0.3199	0.3037	0.3197	1.9728	0.3580	2.0143	0.3530	2.0421	0.3450	1.9728	2.0236	2.0229	1.9929	0.3136
