

Software Version	3.14.03



Experiment File Path:	C:\Users\Public\Documents\Experiments\Hermina\serial_passage\8July24\day4--8July24.xpt
Protocol File Path:	C:\Users\Public\Documents\Protocols\simple_growth_curve.prt



Plate Number	Plate 1
Date	11/07/2024
Time	10:46:38
Reader Type:	Synergy H1
Reader Serial Number:	2305190C
Reading Type	Reader

Procedure Details

Plate Type	96 WELL PLATE (Use plate lid)
Well Selection	Runtime
Eject plate on completion	
Set Temperature	Setpoint 30°C
	Preheat before moving to next step
Start Kinetic	Runtime 22:00:00 (HH:MM:SS), Interval 0:10:00, 133 Reads
    Shake	Double Orbital: Continuous
	Frequency: 205 cpm (5 mm)
    Read	OD 600
	Absorbance Endpoint
	Full Plate
	Wavelengths:  600
	Read Speed: Normal,  Delay: 100 msec,  Measurements/Data Point: 8
End Kinetic	

OD 600:600

0:09:10	30.2	0.3058	0.2933	0.3004	0.2909	0.2959	0.2965	0.3121	0.2928	0.3055	0.3089	0.2890	0.2869	0.2824	0.2729	0.3081	0.3028	0.2864	0.3038	0.2843	0.2911	0.3010	0.2960	0.2789	0.3005	0.3144	0.2946	0.2915	0.3031	0.2989	0.2923	0.2968	0.2969	0.2845	0.2965	0.2959	0.2939	0.3083	0.2915	0.3008	0.3007	0.2899	0.2824	0.2854	0.2952	0.2766	0.3041	0.2925	0.3152	0.3228	0.3003	0.3058	0.3051	0.2933	0.2884	0.3148	0.3002	0.3048	0.2947	0.2921	0.3150	0.3309	0.3181	0.3168	0.3078	0.3268	0.3083	0.3059	0.3177	0.3139	0.3278	0.3134	0.3117	0.3546	0.3201	0.3376	0.3333	0.3074	0.3252	0.3073	0.3245	0.3142	0.3180	0.3145	0.3261	0.3390	0.3525	0.3629	0.3583	0.3498	0.3415	0.3448	0.3304	0.3228	0.3332	0.3528	0.3359
0:19:10	30.2	0.3054	0.2932	0.2999	0.2909	0.2956	0.3034	0.3116	0.2925	0.3061	0.3082	0.2892	0.2869	0.2822	0.2719	0.3075	0.3028	0.2856	0.3041	0.2840	0.2912	0.3007	0.2954	0.2788	0.3004	0.3137	0.2942	0.2915	0.3026	0.2987	0.2922	0.2966	0.2967	0.2845	0.2963	0.2961	0.2935	0.3088	0.2917	0.3006	0.3001	0.2898	0.2822	0.2856	0.2953	0.2767	0.3041	0.2924	0.3161	0.3240	0.2998	0.3054	0.3046	0.2930	0.2886	0.3144	0.2999	0.3044	0.2947	0.2923	0.3145	0.3298	0.3177	0.3163	0.3045	0.3261	0.3081	0.3057	0.3174	0.3134	0.3280	0.3130	0.3115	0.3547	0.3199	0.3371	0.3316	0.3066	0.3249	0.3073	0.3239	0.3142	0.3180	0.3142	0.3261	0.3394	0.3521	0.3624	0.3587	0.3501	0.3413	0.3445	0.3310	0.3226	0.3329	0.3529	0.3359
0:29:10	30.2	0.3053	0.2930	0.2997	0.2909	0.2955	0.3100	0.3113	0.2923	0.3071	0.3078	0.2892	0.2868	0.2821	0.2713	0.3072	0.3027	0.2853	0.3042	0.2838	0.2910	0.3007	0.2950	0.2787	0.3003	0.3135	0.2936	0.2911	0.3023	0.2986	0.2922	0.2964	0.2965	0.2844	0.2963	0.2961	0.2934	0.3091	0.2915	0.3004	0.2997	0.2896	0.2821	0.2857	0.2954	0.2765	0.3038	0.2922	0.3167	0.3247	0.2993	0.3052	0.3042	0.2927	0.2885	0.3143	0.2995	0.3042	0.2946	0.2917	0.3141	0.3292	0.3174	0.3153	0.3039	0.3259	0.3077	0.3055	0.3170	0.3129	0.3278	0.3128	0.3114	0.3546	0.3197	0.3366	0.3309	0.3065	0.3248	0.3071	0.3230	0.3146	0.3179	0.3141	0.3256	0.3399	0.3518	0.3621	0.3583	0.3502	0.3410	0.3443	0.3313	0.3223	0.3327	0.3530	0.3357
0:39:10	30.3	0.3050	0.2931	0.2994	0.2907	0.2954	0.3127	0.3108	0.2920	0.3078	0.3073	0.2893	0.2864	0.2819	0.2699	0.3067	0.3024	0.2849	0.3040	0.2836	0.2907	0.3004	0.2946	0.2785	0.2999	0.3131	0.2933	0.2908	0.3019	0.2983	0.2919	0.2962	0.2963	0.2843	0.2960	0.2958	0.2932	0.3090	0.2913	0.3000	0.2991	0.2895	0.2818	0.2854	0.2951	0.2762	0.3029	0.2920	0.3184	0.3250	0.2987	0.3049	0.3039	0.2923	0.2883	0.3138	0.2992	0.3040	0.2944	0.2918	0.3137	0.3282	0.3171	0.3143	0.3033	0.3255	0.3075	0.3052	0.3166	0.3125	0.3276	0.3124	0.3111	0.3543	0.3196	0.3363	0.3302	0.3060	0.3245	0.3069	0.3224	0.3145	0.3178	0.3138	0.3254	0.3403	0.3514	0.3620	0.3582	0.3500	0.3407	0.3432	0.3314	0.3221	0.3324	0.3530	0.3356
0:49:10	30.3	0.3049	0.2942	0.2993	0.2907	0.2952	0.3262	0.3103	0.2912	0.3099	0.3071	0.2895	0.2862	0.2819	0.2694	0.3065	0.3023	0.2850	0.3039	0.2835	0.2904	0.3000	0.2948	0.2784	0.2998	0.3130	0.2930	0.2906	0.3016	0.2981	0.2919	0.2961	0.2963	0.2843	0.2959	0.2954	0.2929	0.3092	0.2912	0.2999	0.2989	0.2894	0.2817	0.2854	0.2951	0.2761	0.3024	0.2919	0.3204	0.3254	0.2984	0.3046	0.3037	0.2922	0.2882	0.3136	0.2990	0.3038	0.2942	0.2919	0.3134	0.3275	0.3170	0.3140	0.3029	0.3250	0.3074	0.3052	0.3163	0.3122	0.3276	0.3123	0.3111	0.3542	0.3195	0.3361	0.3299	0.3058	0.3244	0.3067	0.3220	0.3143	0.3177	0.3137	0.3253	0.3404	0.3513	0.3618	0.3579	0.3500	0.3405	0.3429	0.3313	0.3219	0.3322	0.3529	0.3356
0:59:10	30.3	0.3047	0.2931	0.2991	0.2907	0.2953	0.3235	0.3096	0.2908	0.3114	0.3068	0.2891	0.2856	0.2818	0.2689	0.3064	0.3021	0.2845	0.3036	0.2834	0.2903	0.2999	0.2948	0.2781	0.2996	0.3128	0.2928	0.2904	0.3014	0.2979	0.2920	0.2960	0.2961	0.2841	0.2955	0.2956	0.2927	0.3093	0.2910	0.2997	0.2987	0.2891	0.2815	0.2853	0.2949	0.2760	0.3025	0.2918	0.3229	0.3257	0.2980	0.3044	0.3033	0.2919	0.2881	0.3131	0.2988	0.3037	0.2940	0.2917	0.3133	0.3270	0.3168	0.3136	0.3026	0.3249	0.3073	0.3049	0.3160	0.3119	0.3275	0.3121	0.3111	0.3540	0.3194	0.3359	0.3296	0.3056	0.3270	0.3065	0.3215	0.3141	0.3175	0.3134	0.3254	0.3406	0.3513	0.3618	0.3579	0.3499	0.3404	0.3427	0.3303	0.3216	0.3320	0.3528	0.3356
1:09:10	30.3	0.3046	0.2932	0.2991	0.2912	0.2954	0.3292	0.3093	0.2908	0.3136	0.3068	0.2892	0.2856	0.2819	0.2688	0.3063	0.3023	0.2847	0.3036	0.2834	0.2903	0.2997	0.2946	0.2781	0.2995	0.3126	0.2928	0.2903	0.3013	0.2979	0.2917	0.2960	0.2961	0.2842	0.2942	0.2953	0.2928	0.3093	0.2910	0.2996	0.2986	0.2890	0.2815	0.2852	0.2949	0.2760	0.3026	0.2917	0.3252	0.3257	0.2978	0.3044	0.3033	0.2919	0.2881	0.3131	0.2988	0.3037	0.2940	0.2915	0.3133	0.3268	0.3167	0.3133	0.3024	0.3247	0.3073	0.3049	0.3158	0.3118	0.3277	0.3121	0.3111	0.3540	0.3195	0.3358	0.3294	0.3056	0.3270	0.3064	0.3213	0.3141	0.3175	0.3134	0.3253	0.3408	0.3512	0.3617	0.3577	0.3499	0.3404	0.3426	0.3315	0.3218	0.3319	0.3530	0.3356
1:19:10	30.2	0.3046	0.2933	0.2990	0.2914	0.2952	0.2957	0.3091	0.2911	0.3162	0.3066	0.2894	0.2854	0.2820	0.2687	0.3062	0.3022	0.2843	0.3038	0.2834	0.2904	0.2999	0.2947	0.2781	0.2995	0.3123	0.2926	0.2902	0.3013	0.2978	0.2917	0.2959	0.2961	0.2840	0.2943	0.2949	0.2927	0.3094	0.2909	0.2996	0.2984	0.2889	0.2815	0.2852	0.2950	0.2759	0.3027	0.2917	0.3295	0.3258	0.2978	0.3043	0.3028	0.2918	0.2881	0.3131	0.2987	0.3036	0.2940	0.2916	0.3132	0.3262	0.3166	0.3129	0.3024	0.3246	0.3071	0.3049	0.3157	0.3118	0.3277	0.3119	0.3110	0.3539	0.3194	0.3356	0.3292	0.3054	0.3269	0.3063	0.3209	0.3140	0.3175	0.3135	0.3249	0.3410	0.3512	0.3616	0.3575	0.3499	0.3402	0.3425	0.3315	0.3217	0.3318	0.3529	0.3356
1:29:10	30.3	0.3047	0.2935	0.2990	0.2917	0.2952	0.3272	0.3089	0.2911	0.3202	0.3065	0.2893	0.2855	0.2821	0.2686	0.3061	0.3022	0.2843	0.3036	0.2833	0.2900	0.2997	0.2946	0.2781	0.2994	0.3123	0.2926	0.2901	0.3012	0.2977	0.2918	0.2959	0.2961	0.2843	0.2951	0.2950	0.2926	0.3096	0.2909	0.2996	0.2984	0.2889	0.2815	0.2850	0.2950	0.2759	0.3030	0.2918	0.3330	0.3260	0.2976	0.3042	0.3027	0.2917	0.2880	0.3128	0.2986	0.3035	0.2941	0.2910	0.3133	0.3260	0.3166	0.3130	0.3023	0.3246	0.3072	0.3049	0.3155	0.3117	0.3277	0.3119	0.3111	0.3541	0.3194	0.3356	0.3292	0.3054	0.3270	0.3062	0.3207	0.3138	0.3174	0.3135	0.3248	0.3411	0.3511	0.3616	0.3574	0.3498	0.3402	0.3422	0.3309	0.3218	0.3317	0.3529	0.3356
1:39:10	30.3	0.3044	0.2936	0.2988	0.2919	0.2953	0.3235	0.3086	0.2906	0.3249	0.3064	0.2895	0.2854	0.2821	0.2685	0.3061	0.3020	0.2842	0.3032	0.2833	0.2899	0.2995	0.2944	0.2781	0.2994	0.3122	0.2926	0.2900	0.3011	0.2977	0.2916	0.2960	0.2961	0.2840	0.2949	0.2949	0.2926	0.3095	0.2909	0.2994	0.2983	0.2888	0.2815	0.2850	0.2949	0.2758	0.3025	0.2919	0.3371	0.3261	0.2974	0.3042	0.3025	0.2918	0.2880	0.3128	0.2986	0.3035	0.2940	0.2918	0.3132	0.3256	0.3165	0.3127	0.3022	0.3245	0.3071	0.3048	0.3153	0.3116	0.3277	0.3119	0.3111	0.3538	0.3193	0.3355	0.3289	0.3053	0.3269	0.3062	0.3205	0.3139	0.3174	0.3134	0.3247	0.3408	0.3510	0.3616	0.3574	0.3498	0.3401	0.3419	0.3308	0.3218	0.3317	0.3529	0.3355
1:49:10	30.3	0.3045	0.2940	0.2990	0.2926	0.2954	0.3122	0.3088	0.2909	0.3293	0.3065	0.2894	0.2854	0.2825	0.2685	0.3060	0.3021	0.2845	0.3035	0.2833	0.2902	0.2998	0.2944	0.2782	0.2996	0.3122	0.2926	0.2901	0.3011	0.2977	0.2919	0.2960	0.2961	0.2844	0.2951	0.2952	0.2926	0.3097	0.2909	0.2995	0.2983	0.2887	0.2815	0.2851	0.2950	0.2758	0.3027	0.2916	0.3427	0.3263	0.2974	0.3042	0.3026	0.2917	0.2881	0.3127	0.2987	0.3036	0.2939	0.2915	0.3132	0.3257	0.3166	0.3126	0.3023	0.3244	0.3071	0.3048	0.3153	0.3116	0.3276	0.3119	0.3111	0.3540	0.3194	0.3356	0.3289	0.3054	0.3269	0.3061	0.3205	0.3139	0.3175	0.3134	0.3247	0.3412	0.3510	0.3616	0.3573	0.3499	0.3402	0.3417	0.3310	0.3218	0.3316	0.3530	0.3355
1:59:10	30.3	0.3044	0.2942	0.2988	0.2928	0.2963	0.3237	0.3093	0.2904	0.3366	0.3063	0.2893	0.2854	0.2824	0.2683	0.3060	0.3020	0.2844	0.3034	0.2831	0.2899	0.2997	0.2942	0.2781	0.2992	0.3119	0.2924	0.2899	0.3009	0.2975	0.2916	0.2958	0.2961	0.2841	0.2948	0.2949	0.2925	0.3097	0.2907	0.2992	0.2981	0.2886	0.2813	0.2849	0.2949	0.2757	0.3022	0.2918	0.3492	0.3263	0.2972	0.3040	0.3023	0.2916	0.2879	0.3125	0.2984	0.3034	0.2939	0.2912	0.3131	0.3255	0.3165	0.3123	0.3021	0.3243	0.3069	0.3048	0.3150	0.3114	0.3276	0.3117	0.3109	0.3538	0.3193	0.3354	0.3287	0.3051	0.3268	0.3061	0.3202	0.3137	0.3173	0.3132	0.3245	0.3410	0.3508	0.3615	0.3572	0.3498	0.3400	0.3413	0.3311	0.3219	0.3315	0.3530	0.3356
2:09:10	30.3	0.3044	0.2946	0.2988	0.2936	0.2962	0.3241	0.3093	0.2905	0.3426	0.3063	0.2894	0.2854	0.2828	0.2683	0.3061	0.3020	0.2847	0.3032	0.2832	0.2900	0.2995	0.2942	0.2782	0.2993	0.3119	0.2924	0.2899	0.3010	0.2976	0.2915	0.2959	0.2961	0.2844	0.2948	0.2953	0.2925	0.3098	0.2907	0.2993	0.2981	0.2887	0.2813	0.2850	0.2949	0.2758	0.3024	0.2920	0.3605	0.3265	0.2972	0.3041	0.3023	0.2916	0.2879	0.3125	0.2986	0.3035	0.2939	0.2912	0.3131	0.3255	0.3165	0.3125	0.3020	0.3243	0.3069	0.3048	0.3151	0.3116	0.3276	0.3117	0.3111	0.3539	0.3195	0.3354	0.3287	0.3053	0.3268	0.3061	0.3201	0.3138	0.3174	0.3132	0.3246	0.3410	0.3509	0.3615	0.3573	0.3500	0.3400	0.3411	0.3313	0.3219	0.3314	0.3530	0.3357
2:19:10	30.3	0.3043	0.2952	0.2988	0.2947	0.2963	0.3263	0.3088	0.2906	0.3461	0.3060	0.2894	0.2854	0.2830	0.2682	0.3058	0.3020	0.2841	0.3031	0.2831	0.2901	0.2994	0.2945	0.2781	0.2993	0.3117	0.2924	0.2898	0.3046	0.2975	0.2914	0.2958	0.2960	0.2840	0.2948	0.2949	0.2925	0.3098	0.2907	0.2992	0.2980	0.2886	0.2814	0.2849	0.2949	0.2757	0.3024	0.2916	0.3719	0.3265	0.2971	0.3040	0.3023	0.2917	0.2880	0.3124	0.2984	0.3034	0.2938	0.2911	0.3131	0.3251	0.3164	0.3124	0.3020	0.3243	0.3069	0.3047	0.3150	0.3114	0.3275	0.3117	0.3110	0.3537	0.3193	0.3353	0.3285	0.3051	0.3265	0.3060	0.3200	0.3137	0.3173	0.3132	0.3246	0.3411	0.3507	0.3616	0.3572	0.3499	0.3401	0.3409	0.3308	0.3219	0.3313	0.3529	0.3354
2:29:10	30.3	0.3043	0.2966	0.2987	0.2961	0.2964	0.3238	0.3087	0.2907	0.3561	0.3061	0.2894	0.2853	0.2835	0.2683	0.3059	0.3019	0.2840	0.3030	0.2831	0.2903	0.2995	0.2941	0.2780	0.2992	0.3118	0.2923	0.2898	0.3026	0.2974	0.2915	0.2957	0.2961	0.2841	0.2948	0.2951	0.2925	0.3097	0.2907	0.2992	0.2979	0.2885	0.2814	0.2849	0.2949	0.2758	0.3025	0.2917	0.3824	0.3266	0.2971	0.3039	0.3023	0.2915	0.2879	0.3125	0.2985	0.3035	0.2938	0.2913	0.3132	0.3252	0.3163	0.3122	0.3020	0.3241	0.3069	0.3047	0.3148	0.3114	0.3275	0.3116	0.3111	0.3537	0.3193	0.3354	0.3285	0.3052	0.3266	0.3060	0.3198	0.3137	0.3172	0.3132	0.3247	0.3413	0.3507	0.3615	0.3571	0.3499	0.3399	0.3408	0.3311	0.3222	0.3313	0.3528	0.3355
2:39:10	30.3	0.3042	0.2964	0.2988	0.2976	0.2953	0.3239	0.3090	0.2906	0.3619	0.3061	0.2893	0.2853	0.2839	0.2681	0.3057	0.3019	0.2838	0.3030	0.2830	0.2900	0.2995	0.2943	0.2781	0.2992	0.3117	0.2922	0.2897	0.3014	0.2975	0.2915	0.2958	0.2960	0.2840	0.2949	0.2955	0.2925	0.3098	0.2907	0.2992	0.2979	0.2885	0.2813	0.2848	0.2948	0.2757	0.3022	0.2917	0.4010	0.3267	0.2970	0.3039	0.3021	0.2916	0.2879	0.3123	0.2984	0.3033	0.2939	0.2910	0.3131	0.3248	0.3164	0.3122	0.3020	0.3242	0.3068	0.3047	0.3147	0.3114	0.3276	0.3116	0.3109	0.3536	0.3194	0.3352	0.3284	0.3051	0.3266	0.3059	0.3197	0.3136	0.3172	0.3131	0.3247	0.3413	0.3507	0.3615	0.3571	0.3508	0.3399	0.3407	0.3306	0.3225	0.3312	0.3528	0.3353
2:49:10	30.3	0.3042	0.2973	0.2987	0.2991	0.2963	0.3239	0.3088	0.2903	0.3732	0.3060	0.2894	0.2853	0.2846	0.2682	0.3059	0.3021	0.2839	0.3025	0.2832	0.2902	0.2996	0.2941	0.2781	0.2992	0.3118	0.2922	0.2898	0.3008	0.2975	0.2918	0.2957	0.2960	0.2842	0.2949	0.2948	0.2925	0.3098	0.2906	0.2992	0.2979	0.2885	0.2814	0.2849	0.2950	0.2757	0.3023	0.2918	0.4691	0.3268	0.2970	0.3040	0.3020	0.2915	0.2879	0.3122	0.2984	0.3035	0.2939	0.2911	0.3131	0.3243	0.3164	0.3123	0.3020	0.3241	0.3069	0.3046	0.3147	0.3114	0.3276	0.3117	0.3109	0.3537	0.3194	0.3353	0.3283	0.3050	0.3264	0.3059	0.3197	0.3136	0.3172	0.3132	0.3247	0.3412	0.3506	0.3615	0.3570	0.3516	0.3398	0.3406	0.3308	0.3226	0.3311	0.3528	0.3354
2:59:10	30.3	0.3042	0.2984	0.2989	0.3012	0.2965	0.3244	0.3088	0.2907	0.3807	0.3060	0.2894	0.2854	0.2851	0.2680	0.3059	0.3021	0.2840	0.3032	0.2832	0.2902	0.2997	0.2943	0.2781	0.2993	0.3118	0.2923	0.2898	0.3008	0.2974	0.2919	0.2958	0.2961	0.2844	0.2948	0.2951	0.2926	0.3099	0.2907	0.2993	0.2979	0.2884	0.2814	0.2848	0.2950	0.2759	0.3026	0.2917	0.5029	0.3269	0.2970	0.3040	0.3021	0.2915	0.2879	0.3123	0.2985	0.3035	0.2939	0.2912	0.3132	0.3247	0.3164	0.3123	0.3021	0.3242	0.3069	0.3048	0.3148	0.3114	0.3277	0.3117	0.3111	0.3539	0.3194	0.3353	0.3283	0.3051	0.3265	0.3059	0.3196	0.3137	0.3173	0.3132	0.3250	0.3413	0.3507	0.3616	0.3569	0.3511	0.3399	0.3408	0.3314	0.3232	0.3310	0.3528	0.3354
3:09:10	30.3	0.3041	0.2991	0.2987	0.3046	0.2963	0.3241	0.3088	0.2905	0.4218	0.3064	0.2894	0.2854	0.2865	0.2678	0.3058	0.3019	0.2839	0.3028	0.2831	0.2907	0.2996	0.2948	0.2780	0.2992	0.3117	0.2923	0.2898	0.3008	0.2975	0.2918	0.2957	0.2961	0.2844	0.2948	0.2951	0.2924	0.3099	0.2906	0.2991	0.2978	0.2884	0.2813	0.2848	0.2950	0.2757	0.3024	0.2916	0.5412	0.3268	0.2969	0.3039	0.3020	0.2914	0.2879	0.3121	0.2984	0.3032	0.2938	0.2913	0.3131	0.3242	0.3162	0.3119	0.3021	0.3241	0.3068	0.3047	0.3147	0.3113	0.3277	0.3116	0.3111	0.3539	0.3194	0.3352	0.3282	0.3050	0.3264	0.3059	0.3196	0.3137	0.3173	0.3131	0.3248	0.3414	0.3506	0.3615	0.3569	0.3511	0.3398	0.3406	0.3317	0.3233	0.3310	0.3528	0.3353
3:19:10	30.3	0.3041	0.3005	0.2988	0.3079	0.2954	0.3230	0.3086	0.2902	0.4236	0.3061	0.2894	0.2854	0.2871	0.2672	0.3059	0.3021	0.2840	0.3026	0.2831	0.2903	0.2995	0.2942	0.2782	0.2993	0.3117	0.2922	0.2896	0.3008	0.2974	0.2916	0.2958	0.2962	0.2843	0.2949	0.2953	0.2925	0.3101	0.2907	0.2992	0.2978	0.2884	0.2815	0.2847	0.2951	0.2758	0.3023	0.2916	0.5442	0.3269	0.2969	0.3040	0.3020	0.2914	0.2879	0.3122	0.2984	0.3032	0.2939	0.2914	0.3131	0.3247	0.3164	0.3120	0.3020	0.3241	0.3068	0.3046	0.3146	0.3113	0.3277	0.3117	0.3112	0.3540	0.3194	0.3353	0.3282	0.3051	0.3264	0.3058	0.3196	0.3137	0.3173	0.3131	0.3249	0.3414	0.3508	0.3615	0.3568	0.3510	0.3398	0.3405	0.3312	0.3239	0.3310	0.3526	0.3353
3:29:10	30.2	0.3041	0.3027	0.2988	0.3117	0.2955	0.3252	0.3080	0.2903	0.4694	0.3060	0.2895	0.2854	0.2886	0.2670	0.3059	0.3021	0.2840	0.3025	0.2832	0.2903	0.2995	0.2947	0.2784	0.2993	0.3117	0.2922	0.2897	0.3007	0.2974	0.2915	0.2957	0.2963	0.2846	0.2949	0.2955	0.2927	0.3101	0.2906	0.2992	0.2978	0.2885	0.2815	0.2849	0.2951	0.2759	0.3024	0.2918	0.5651	0.3270	0.2969	0.3039	0.3019	0.2915	0.2880	0.3122	0.2985	0.3035	0.2939	0.2909	0.3131	0.3248	0.3163	0.3124	0.3021	0.3241	0.3069	0.3048	0.3146	0.3113	0.3278	0.3117	0.3112	0.3540	0.3195	0.3353	0.3282	0.3051	0.3264	0.3057	0.3195	0.3137	0.3173	0.3132	0.3250	0.3414	0.3507	0.3615	0.3568	0.3512	0.3399	0.3405	0.3311	0.3247	0.3310	0.3528	0.3352
3:39:10	30.3	0.3040	0.3056	0.2989	0.3155	0.2954	0.3257	0.3086	0.2903	0.4762	0.3059	0.2895	0.2854	0.2894	0.2670	0.3060	0.3021	0.2840	0.3027	0.2832	0.2903	0.2993	0.2948	0.2783	0.2993	0.3118	0.2923	0.2898	0.3007	0.2975	0.2913	0.2958	0.2963	0.2844	0.2949	0.2953	0.2927	0.3102	0.2906	0.2992	0.2979	0.2885	0.2814	0.2850	0.2950	0.2758	0.3023	0.2917	0.5774	0.3271	0.2968	0.3039	0.3020	0.2915	0.2879	0.3122	0.2985	0.3035	0.2939	0.2915	0.3132	0.3246	0.3164	0.3120	0.3021	0.3241	0.3069	0.3047	0.3147	0.3113	0.3278	0.3116	0.3112	0.3539	0.3196	0.3352	0.3282	0.3052	0.3264	0.3058	0.3195	0.3137	0.3174	0.3132	0.3249	0.3416	0.3507	0.3616	0.3569	0.3513	0.3398	0.3404	0.3313	0.3256	0.3310	0.3527	0.3353
3:49:10	30.3	0.3041	0.3095	0.2990	0.3214	0.2955	0.3266	0.3083	0.2908	0.5328	0.3061	0.2895	0.2855	0.2921	0.2667	0.3060	0.3021	0.2842	0.3024	0.2832	0.2905	0.2994	0.2945	0.2783	0.2994	0.3118	0.2923	0.2897	0.3007	0.2974	0.2920	0.2959	0.2963	0.2846	0.2950	0.2954	0.2927	0.3103	0.2907	0.2993	0.2978	0.2885	0.2815	0.2850	0.2951	0.2759	0.3024	0.2918	0.6565	0.3272	0.2969	0.3040	0.3020	0.2915	0.2879	0.3122	0.2985	0.3035	0.2939	0.2919	0.3133	0.3243	0.3165	0.3120	0.3021	0.3240	0.3069	0.3048	0.3145	0.3114	0.3278	0.3117	0.3111	0.3539	0.3195	0.3353	0.3283	0.3053	0.3264	0.3058	0.3195	0.3137	0.3174	0.3132	0.3249	0.3416	0.3507	0.3615	0.3569	0.3513	0.3399	0.3406	0.3317	0.3267	0.3310	0.3528	0.3353
3:59:10	30.3	0.3041	0.3111	0.2989	0.3265	0.2955	0.3214	0.3082	0.2904	0.5555	0.3061	0.2894	0.2855	0.2946	0.2665	0.3059	0.3022	0.2841	0.3026	0.2832	0.2905	0.2992	0.2947	0.2783	0.2994	0.3118	0.2922	0.2897	0.3043	0.2973	0.2916	0.2959	0.2963	0.2844	0.2950	0.2955	0.2928	0.3103	0.2906	0.2992	0.2978	0.2885	0.2815	0.2849	0.2952	0.2759	0.3024	0.2917	0.7223	0.3272	0.2969	0.3039	0.3020	0.2915	0.2878	0.3120	0.2985	0.3034	0.2939	0.2912	0.3132	0.3242	0.3165	0.3120	0.3022	0.3241	0.3069	0.3048	0.3145	0.3114	0.3277	0.3116	0.3111	0.3539	0.3195	0.3352	0.3280	0.3053	0.3263	0.3057	0.3195	0.3137	0.3173	0.3131	0.3249	0.3416	0.3506	0.3615	0.3569	0.3514	0.3398	0.3405	0.3315	0.3279	0.3310	0.3527	0.3352
4:09:10	30.3	0.3040	0.3147	0.2988	0.3316	0.2954	0.3197	0.3084	0.2903	0.5982	0.3061	0.2894	0.2854	0.2970	0.2662	0.3059	0.3021	0.2842	0.3025	0.2832	0.2902	0.2993	0.2945	0.2782	0.2993	0.3118	0.2921	0.2896	0.3007	0.2974	0.2913	0.2958	0.2962	0.2845	0.2951	0.2955	0.2928	0.3103	0.2905	0.2991	0.2977	0.2884	0.2815	0.2849	0.2951	0.2760	0.3022	0.2916	0.7635	0.3272	0.2968	0.3040	0.3017	0.2914	0.2879	0.3121	0.2984	0.3033	0.2939	0.2914	0.3132	0.3240	0.3163	0.3119	0.3020	0.3240	0.3068	0.3048	0.3145	0.3113	0.3278	0.3116	0.3112	0.3538	0.3194	0.3350	0.3280	0.3052	0.3263	0.3057	0.3193	0.3137	0.3174	0.3132	0.3250	0.3415	0.3507	0.3614	0.3569	0.3512	0.3401	0.3404	0.3307	0.3291	0.3309	0.3527	0.3350
4:19:10	30.3	0.3039	0.3208	0.2990	0.3382	0.2954	0.3243	0.3081	0.2904	0.6274	0.3060	0.2894	0.2854	0.3001	0.2661	0.3059	0.3023	0.2842	0.3022	0.2831	0.2902	0.2994	0.2949	0.2784	0.2994	0.3119	0.2921	0.2897	0.3008	0.2973	0.2915	0.2957	0.2962	0.2843	0.2951	0.2954	0.2928	0.3104	0.2907	0.2991	0.2978	0.2884	0.2815	0.2851	0.2951	0.2760	0.3024	0.2916	0.7786	0.3273	0.2968	0.3039	0.3020	0.2915	0.2879	0.3120	0.2984	0.3034	0.2939	0.2915	0.3133	0.3238	0.3163	0.3119	0.3021	0.3240	0.3069	0.3050	0.3146	0.3114	0.3278	0.3116	0.3113	0.3541	0.3194	0.3351	0.3279	0.3052	0.3264	0.3058	0.3193	0.3137	0.3174	0.3132	0.3248	0.3416	0.3507	0.3616	0.3569	0.3510	0.3398	0.3404	0.3308	0.3308	0.3310	0.3529	0.3352
4:29:10	30.3	0.3039	0.3267	0.2990	0.3463	0.2959	0.3209	0.3081	0.2900	0.6635	0.3059	0.2894	0.2854	0.3038	0.2659	0.3058	0.3023	0.2842	0.3029	0.2831	0.2902	0.2996	0.2951	0.2783	0.2995	0.3118	0.2922	0.2896	0.3007	0.2973	0.2913	0.2959	0.2963	0.2845	0.2951	0.2951	0.2929	0.3104	0.2907	0.2992	0.2977	0.2885	0.2816	0.2849	0.2951	0.2761	0.3024	0.2918	0.7868	0.3274	0.2967	0.3039	0.3018	0.2915	0.2879	0.3121	0.2986	0.3032	0.2939	0.2917	0.3133	0.3240	0.3164	0.3119	0.3021	0.3240	0.3068	0.3048	0.3144	0.3113	0.3278	0.3116	0.3113	0.3539	0.3195	0.3351	0.3279	0.3052	0.3262	0.3057	0.3193	0.3136	0.3174	0.3132	0.3248	0.3416	0.3507	0.3615	0.3568	0.3511	0.3397	0.3404	0.3304	0.3335	0.3309	0.3528	0.3353
4:39:10	30.2	0.3039	0.3310	0.2990	0.3533	0.2955	0.3232	0.3083	0.2903	0.6663	0.3060	0.2893	0.2853	0.3101	0.2658	0.3059	0.3024	0.2842	0.3029	0.2831	0.2902	0.2997	0.2948	0.2783	0.2993	0.3118	0.2921	0.2896	0.3006	0.2973	0.2915	0.2959	0.2963	0.2845	0.2952	0.2954	0.2938	0.3103	0.2906	0.2992	0.2976	0.2884	0.2815	0.2850	0.2951	0.2762	0.3021	0.2917	0.8023	0.3273	0.2967	0.3039	0.3017	0.2916	0.2879	0.3120	0.2984	0.3033	0.2939	0.2914	0.3133	0.3241	0.3164	0.3118	0.3020	0.3239	0.3068	0.3049	0.3144	0.3113	0.3279	0.3116	0.3115	0.3538	0.3194	0.3351	0.3279	0.3052	0.3262	0.3056	0.3193	0.3136	0.3174	0.3130	0.3247	0.3417	0.3506	0.3615	0.3569	0.3510	0.3397	0.3403	0.3316	0.3366	0.3309	0.3527	0.3351
4:49:10	30.2	0.3038	0.3387	0.2990	0.3728	0.2954	0.2955	0.3077	0.2898	0.6807	0.3059	0.2894	0.2853	0.3146	0.2659	0.3057	0.3025	0.2845	0.3027	0.2831	0.2901	0.2997	0.2947	0.2782	0.2994	0.3118	0.2920	0.2896	0.3006	0.2973	0.2912	0.2958	0.2962	0.2845	0.2954	0.2955	0.2929	0.3104	0.2906	0.2991	0.2977	0.2884	0.2815	0.2850	0.2951	0.2761	0.3021	0.2919	0.7857	0.3273	0.2967	0.3039	0.3018	0.2915	0.2878	0.3119	0.2984	0.3034	0.2939	0.2911	0.3132	0.3238	0.3163	0.3118	0.3019	0.3239	0.3067	0.3049	0.3143	0.3113	0.3278	0.3115	0.3113	0.3539	0.3195	0.3351	0.3278	0.3052	0.3262	0.3056	0.3191	0.3136	0.3173	0.3130	0.3247	0.3416	0.3507	0.3615	0.3569	0.3509	0.3397	0.3402	0.3316	0.3398	0.3309	0.3527	0.3351
4:59:10	30.2	0.3038	0.3473	0.2992	0.3745	0.2956	0.3212	0.3077	0.2902	0.6943	0.3061	0.2894	0.2855	0.3197	0.2657	0.3058	0.3026	0.2845	0.3027	0.2832	0.2904	0.2999	0.2947	0.2783	0.2994	0.3120	0.2921	0.2896	0.3005	0.2973	0.2913	0.2958	0.2963	0.2844	0.2955	0.2954	0.2941	0.3106	0.2905	0.2991	0.2976	0.2887	0.2816	0.2851	0.2951	0.2763	0.3021	0.2918	0.7699	0.3274	0.2968	0.3038	0.3019	0.2915	0.2879	0.3120	0.2984	0.3035	0.2939	0.2911	0.3133	0.3243	0.3163	0.3120	0.3019	0.3239	0.3069	0.3051	0.3144	0.3112	0.3278	0.3115	0.3114	0.3542	0.3195	0.3352	0.3278	0.3053	0.3262	0.3056	0.3191	0.3136	0.3175	0.3131	0.3249	0.3417	0.3507	0.3615	0.3570	0.3510	0.3397	0.3400	0.3310	0.3444	0.3310	0.3530	0.3353
5:09:10	30.3	0.3038	0.3805	0.2991	0.4886	0.2955	0.3070	0.3077	0.2895	0.7157	0.3060	0.2893	0.2853	0.3239	0.2657	0.3057	0.3027	0.2843	0.3024	0.2831	0.2902	0.2999	0.2944	0.2782	0.2992	0.3120	0.2920	0.2895	0.3005	0.2972	0.2912	0.2960	0.2962	0.2844	0.2954	0.2953	0.2931	0.3105	0.2905	0.2991	0.2975	0.2884	0.2815	0.2852	0.2951	0.2764	0.3020	0.2916	0.7848	0.3274	0.2967	0.3038	0.3019	0.2914	0.2878	0.3120	0.2984	0.3033	0.2939	0.2916	0.3132	0.3240	0.3163	0.3119	0.3018	0.3238	0.3067	0.3051	0.3143	0.3112	0.3279	0.3115	0.3115	0.3547	0.3195	0.3351	0.3277	0.3052	0.3261	0.3054	0.3191	0.3136	0.3174	0.3131	0.3246	0.3416	0.3507	0.3615	0.3569	0.3509	0.3397	0.3400	0.3308	0.3485	0.3309	0.3529	0.3351
5:19:10	30.3	0.3038	0.3681	0.2993	0.5338	0.2956	0.3240	0.3080	0.2897	0.7302	0.3059	0.2894	0.2853	0.3369	0.2659	0.3059	0.3028	0.2843	0.3027	0.2832	0.2903	0.3001	0.2941	0.2783	0.2993	0.3123	0.2922	0.2896	0.3005	0.2973	0.2913	0.2960	0.2964	0.2845	0.2959	0.2954	0.2949	0.3105	0.2905	0.2991	0.2976	0.2885	0.2816	0.2853	0.2952	0.2769	0.3019	0.2914	0.8208	0.3275	0.2967	0.3039	0.3019	0.2914	0.2877	0.3119	0.2985	0.3033	0.2940	0.2917	0.3133	0.3242	0.3163	0.3119	0.3019	0.3239	0.3069	0.3052	0.3143	0.3113	0.3280	0.3115	0.3128	0.3541	0.3195	0.3351	0.3277	0.3052	0.3262	0.3056	0.3191	0.3136	0.3175	0.3131	0.3249	0.3416	0.3508	0.3616	0.3571	0.3510	0.3398	0.3398	0.3306	0.3554	0.3311	0.3530	0.3351
5:29:10	30.3	0.3039	0.4256	0.2995	0.5694	0.2968	0.3085	0.3076	0.2897	0.7500	0.3060	0.2895	0.2854	0.3463	0.2659	0.3058	0.3031	0.2844	0.3026	0.2832	0.2905	0.3003	0.2958	0.2783	0.2995	0.3124	0.2921	0.2896	0.3005	0.2972	0.2912	0.2959	0.2963	0.2846	0.2960	0.2955	0.2943	0.3106	0.2906	0.2992	0.2975	0.2886	0.2816	0.2855	0.2952	0.2776	0.3022	0.2916	0.8244	0.3275	0.2968	0.3039	0.3017	0.2914	0.2878	0.3119	0.2985	0.3035	0.2940	0.2912	0.3135	0.3242	0.3162	0.3120	0.3018	0.3241	0.3068	0.3053	0.3145	0.3112	0.3281	0.3115	0.3126	0.3543	0.3195	0.3352	0.3278	0.3053	0.3262	0.3055	0.3192	0.3137	0.3175	0.3131	0.3246	0.3416	0.3508	0.3616	0.3572	0.3510	0.3397	0.3398	0.3317	0.3619	0.3311	0.3531	0.3351
5:39:10	30.3	0.3037	0.4674	0.2995	0.6013	0.2970	0.3167	0.3075	0.2896	0.7552	0.3060	0.2893	0.2853	0.3499	0.2659	0.3057	0.3034	0.2846	0.3022	0.2831	0.2903	0.3002	0.2960	0.2782	0.2994	0.3124	0.2920	0.2896	0.3006	0.2972	0.2913	0.2958	0.2962	0.2846	0.2961	0.2953	0.2937	0.3105	0.2905	0.2991	0.2975	0.2886	0.2816	0.2855	0.2951	0.2773	0.3020	0.2916	0.8321	0.3275	0.2966	0.3038	0.3018	0.2914	0.2878	0.3118	0.2985	0.3033	0.2940	0.2915	0.3134	0.3240	0.3162	0.3120	0.3016	0.3238	0.3067	0.3054	0.3144	0.3112	0.3280	0.3115	0.3121	0.3543	0.3195	0.3351	0.3276	0.3053	0.3260	0.3054	0.3191	0.3137	0.3174	0.3129	0.3245	0.3416	0.3510	0.3615	0.3573	0.3510	0.3397	0.3395	0.3317	0.3695	0.3311	0.3530	0.3350
5:49:10	30.3	0.3038	0.4753	0.2999	0.6524	0.2969	0.3184	0.3077	0.2896	0.7774	0.3060	0.2893	0.2852	0.3948	0.2660	0.3057	0.3056	0.2844	0.3024	0.2832	0.2906	0.3005	0.2964	0.2782	0.2994	0.3129	0.2920	0.2897	0.3005	0.2972	0.2914	0.2959	0.2963	0.2845	0.2964	0.2953	0.2944	0.3106	0.2905	0.2991	0.2976	0.2886	0.2816	0.2857	0.2952	0.2774	0.3020	0.2917	0.8581	0.3276	0.2966	0.3039	0.3018	0.2916	0.2878	0.3118	0.2986	0.3033	0.2940	0.2910	0.3135	0.3242	0.3163	0.3121	0.3016	0.3241	0.3067	0.3055	0.3144	0.3112	0.3281	0.3115	0.3122	0.3544	0.3196	0.3351	0.3277	0.3053	0.3261	0.3054	0.3190	0.3137	0.3174	0.3130	0.3245	0.3418	0.3509	0.3615	0.3573	0.3511	0.3397	0.3395	0.3307	0.3786	0.3312	0.3532	0.3350
5:59:10	30.3	0.3037	0.5231	0.3005	0.6719	0.2957	0.3244	0.3079	0.2895	0.7839	0.3061	0.2894	0.2852	0.3893	0.2661	0.3057	0.3040	0.2846	0.3024	0.2833	0.2913	0.3006	0.2962	0.2783	0.2997	0.3131	0.2921	0.2896	0.3005	0.2972	0.2915	0.2960	0.2963	0.2846	0.2968	0.2948	0.2942	0.3106	0.2906	0.2992	0.2975	0.2887	0.2817	0.2859	0.2951	0.2778	0.3020	0.2915	0.8567	0.3276	0.2967	0.3038	0.3017	0.2917	0.2878	0.3118	0.2986	0.3033	0.2941	0.2913	0.3139	0.3242	0.3163	0.3120	0.3015	0.3238	0.3068	0.3058	0.3144	0.3111	0.3281	0.3115	0.3123	0.3559	0.3195	0.3351	0.3277	0.3054	0.3261	0.3055	0.3190	0.3138	0.3175	0.3131	0.3246	0.3418	0.3510	0.3616	0.3575	0.3511	0.3397	0.3394	0.3308	0.3872	0.3312	0.3534	0.3350
6:09:10	30.2	0.3037	0.5692	0.3007	0.7095	0.2958	0.3262	0.3084	0.2896	0.8140	0.3061	0.2892	0.2852	0.4831	0.2661	0.3058	0.3041	0.2846	0.3026	0.2831	0.2911	0.3008	0.2957	0.2782	0.3002	0.3135	0.2921	0.2899	0.3012	0.2972	0.2914	0.2959	0.2963	0.2846	0.2972	0.2952	0.2946	0.3106	0.2905	0.2992	0.2975	0.2888	0.2815	0.2862	0.2951	0.2798	0.3020	0.2915	0.8464	0.3276	0.2966	0.3037	0.3018	0.2916	0.2877	0.3118	0.2986	0.3032	0.2941	0.2911	0.3136	0.3238	0.3162	0.3122	0.3014	0.3241	0.3067	0.3060	0.3144	0.3112	0.3284	0.3114	0.3127	0.3549	0.3195	0.3352	0.3275	0.3054	0.3261	0.3054	0.3190	0.3137	0.3174	0.3130	0.3244	0.3417	0.3510	0.3615	0.3575	0.3510	0.3397	0.3392	0.3307	0.3955	0.3314	0.3538	0.3349
6:19:10	30.3	0.3037	0.5979	0.3003	0.7401	0.2958	0.3214	0.3079	0.2895	0.8339	0.3059	0.2894	0.2850	0.5177	0.2662	0.3058	0.3044	0.2848	0.3025	0.2833	0.2911	0.3010	0.2965	0.2781	0.2995	0.3140	0.2920	0.2897	0.3037	0.2972	0.2915	0.2960	0.2962	0.2846	0.2977	0.2952	0.2951	0.3107	0.2906	0.2991	0.2975	0.2888	0.2816	0.2864	0.2952	0.2809	0.3020	0.2915	0.8918	0.3276	0.2967	0.3038	0.3018	0.2915	0.2878	0.3117	0.2989	0.3034	0.2942	0.2911	0.3144	0.3238	0.3162	0.3121	0.3015	0.3238	0.3068	0.3064	0.3146	0.3112	0.3284	0.3115	0.3140	0.3552	0.3196	0.3351	0.3275	0.3055	0.3260	0.3054	0.3189	0.3138	0.3174	0.3130	0.3246	0.3416	0.3512	0.3614	0.3585	0.3510	0.3398	0.3392	0.3315	0.4062	0.3315	0.3537	0.3349
6:29:10	30.2	0.3036	0.6427	0.3007	0.7984	0.2959	0.3202	0.3079	0.2895	0.8655	0.3059	0.2894	0.2851	0.5583	0.2666	0.3057	0.3055	0.2849	0.3025	0.2834	0.2911	0.3011	0.2971	0.2783	0.3008	0.3146	0.2920	0.2897	0.3005	0.2971	0.2913	0.2960	0.2963	0.2846	0.2991	0.2952	0.2997	0.3107	0.2905	0.2992	0.2975	0.2890	0.2817	0.2868	0.2952	0.2802	0.3022	0.2915	0.9012	0.3276	0.2968	0.3038	0.3019	0.2915	0.2877	0.3117	0.2988	0.3034	0.2941	0.2912	0.3138	0.3240	0.3163	0.3121	0.3013	0.3238	0.3067	0.3065	0.3146	0.3111	0.3285	0.3115	0.3139	0.3554	0.3195	0.3352	0.3275	0.3055	0.3260	0.3054	0.3190	0.3138	0.3174	0.3130	0.3243	0.3417	0.3513	0.3616	0.3580	0.3510	0.3399	0.3390	0.3317	0.4100	0.3317	0.3548	0.3349
6:39:10	30.2	0.3037	0.6758	0.3012	0.8527	0.2960	0.2989	0.3090	0.2896	0.9160	0.3062	0.2894	0.2852	0.5855	0.2668	0.3059	0.3058	0.2851	0.3028	0.2834	0.2912	0.3016	0.2981	0.2784	0.3000	0.3152	0.2922	0.2900	0.3005	0.2972	0.2913	0.2962	0.2962	0.2847	0.2987	0.2954	0.2973	0.3108	0.2906	0.2993	0.2975	0.2893	0.2816	0.2872	0.2953	0.2810	0.3020	0.2916	0.9076	0.3277	0.2969	0.3039	0.3019	0.2916	0.2878	0.3118	0.2990	0.3034	0.2944	0.2916	0.3141	0.3240	0.3163	0.3125	0.3014	0.3240	0.3068	0.3070	0.3148	0.3112	0.3287	0.3115	0.3135	0.3559	0.3197	0.3353	0.3274	0.3057	0.3261	0.3055	0.3190	0.3139	0.3175	0.3130	0.3245	0.3416	0.3515	0.3615	0.3583	0.3511	0.3399	0.3391	0.3320	0.5322	0.3320	0.3542	0.3349
6:49:10	30.2	0.3036	0.7235	0.3014	0.8998	0.2962	0.3251	0.3081	0.2896	0.9159	0.3066	0.2894	0.2850	0.5922	0.2685	0.3057	0.3081	0.2850	0.3029	0.2834	0.2911	0.3021	0.2957	0.2781	0.3014	0.3163	0.2920	0.2899	0.3004	0.2972	0.2911	0.2961	0.2962	0.2848	0.2993	0.2953	0.3007	0.3109	0.2905	0.2993	0.2974	0.2905	0.2816	0.2876	0.2951	0.2826	0.3020	0.2915	0.9106	0.3277	0.2969	0.3038	0.3020	0.2915	0.2877	0.3117	0.2990	0.3033	0.2944	0.2914	0.3147	0.3239	0.3162	0.3124	0.3013	0.3240	0.3067	0.3073	0.3154	0.3111	0.3288	0.3114	0.3158	0.3561	0.3196	0.3353	0.3275	0.3058	0.3260	0.3053	0.3190	0.3139	0.3175	0.3130	0.3243	0.3416	0.3518	0.3615	0.3586	0.3510	0.3398	0.3389	0.3328	0.5671	0.3322	0.3544	0.3349
6:59:10	30.2	0.3036	0.7745	0.3041	0.9256	0.2963	0.3260	0.3083	0.2896	0.9447	0.3066	0.2894	0.2852	0.6225	0.2676	0.3058	0.3081	0.2852	0.3024	0.2835	0.2911	0.3026	0.2963	0.2784	0.3019	0.3169	0.2920	0.2901	0.3005	0.2971	0.2911	0.2963	0.2963	0.2849	0.3005	0.2954	0.3024	0.3112	0.2905	0.2994	0.2975	0.2906	0.2816	0.2891	0.2952	0.2829	0.3019	0.2915	0.9125	0.3278	0.2970	0.3038	0.3020	0.2916	0.2877	0.3117	0.2992	0.3033	0.2945	0.2912	0.3143	0.3234	0.3162	0.3126	0.3013	0.3240	0.3067	0.3077	0.3150	0.3112	0.3290	0.3114	0.3161	0.3567	0.3197	0.3354	0.3274	0.3059	0.3260	0.3053	0.3191	0.3140	0.3175	0.3130	0.3243	0.3417	0.3521	0.3615	0.3590	0.3510	0.3400	0.3389	0.3324	0.6200	0.3326	0.3547	0.3348
7:09:10	30.2	0.3036	0.8303	0.3026	0.9870	0.2963	0.2999	0.3081	0.2894	0.9600	0.3064	0.2894	0.2852	0.6704	0.2676	0.3056	0.3077	0.2856	0.3025	0.2837	0.2911	0.3032	0.2962	0.2783	0.3020	0.3182	0.2920	0.2900	0.3004	0.2971	0.2913	0.2963	0.2962	0.2849	0.3024	0.2952	0.3025	0.3111	0.2904	0.2994	0.2974	0.2899	0.2816	0.2892	0.2951	0.2836	0.3020	0.2915	0.9254	0.3277	0.2970	0.3037	0.3021	0.2917	0.2878	0.3117	0.2993	0.3032	0.2946	0.2915	0.3145	0.3238	0.3162	0.3127	0.3013	0.3238	0.3067	0.3083	0.3152	0.3112	0.3292	0.3115	0.3179	0.3579	0.3198	0.3354	0.3274	0.3061	0.3259	0.3053	0.3191	0.3141	0.3174	0.3129	0.3245	0.3417	0.3523	0.3615	0.3593	0.3511	0.3399	0.3389	0.3326	0.6575	0.3329	0.3551	0.3349
7:19:10	30.2	0.3036	0.8930	0.3050	1.0289	0.2987	0.3269	0.3101	0.2897	0.9859	0.3077	0.2894	0.2852	0.7227	0.2690	0.3058	0.3110	0.2858	0.3024	0.2838	0.2911	0.3041	0.2960	0.2783	0.3019	0.3198	0.2921	0.2903	0.3005	0.2973	0.2913	0.2964	0.2963	0.2851	0.3041	0.2951	0.3074	0.3115	0.2906	0.2995	0.2975	0.2916	0.2817	0.2901	0.2952	0.2880	0.3020	0.2916	0.9755	0.3278	0.2972	0.3039	0.3022	0.2918	0.2878	0.3117	0.2998	0.3033	0.2948	0.2916	0.3149	0.3239	0.3163	0.3132	0.3013	0.3238	0.3068	0.3090	0.3161	0.3111	0.3296	0.3114	0.3197	0.3580	0.3200	0.3356	0.3275	0.3062	0.3261	0.3053	0.3190	0.3142	0.3176	0.3130	0.3244	0.3418	0.3528	0.3616	0.3601	0.3511	0.3401	0.3389	0.3327	0.6816	0.3349	0.3592	0.3348
7:29:10	30.2	0.3035	0.9397	0.3049	1.0410	0.2967	0.3088	0.3103	0.2896	1.0075	0.3065	0.2893	0.2852	0.7677	0.2712	0.3056	0.3116	0.2873	0.3031	0.2838	0.2910	0.3047	0.2960	0.2781	0.3019	0.3217	0.2920	0.2903	0.3003	0.2971	0.2910	0.2965	0.2961	0.2851	0.3077	0.2952	0.3043	0.3111	0.2904	0.2995	0.2974	0.2930	0.2816	0.2913	0.2952	0.2892	0.3018	0.2915	0.9347	0.3277	0.2972	0.3037	0.3022	0.2918	0.2877	0.3116	0.2997	0.3032	0.2948	0.2912	0.3150	0.3230	0.3161	0.3131	0.3012	0.3236	0.3067	0.3099	0.3158	0.3109	0.3298	0.3113	0.3174	0.3582	0.3199	0.3356	0.3272	0.3063	0.3259	0.3052	0.3191	0.3142	0.3174	0.3128	0.3244	0.3417	0.3529	0.3615	0.3603	0.3509	0.3414	0.3385	0.3325	0.7047	0.3337	0.3561	0.3347
7:39:10	30.2	0.3035	0.9750	0.3050	1.0590	0.2972	0.3196	0.3104	0.2893	1.0271	0.3071	0.2893	0.2852	0.8462	0.2726	0.3057	0.3139	0.2863	0.3024	0.2841	0.2908	0.3061	0.2953	0.2782	0.3036	0.3242	0.2920	0.2905	0.3003	0.2971	0.2912	0.2967	0.2962	0.2853	0.3060	0.2952	0.3099	0.3113	0.2905	0.2996	0.2973	0.2938	0.2816	0.2926	0.2952	0.2888	0.3018	0.2916	0.9760	0.3279	0.2974	0.3037	0.3024	0.2919	0.2877	0.3116	0.2999	0.3033	0.2952	0.2912	0.3157	0.3232	0.3162	0.3131	0.3012	0.3237	0.3067	0.3124	0.3169	0.3111	0.3302	0.3114	0.3234	0.3596	0.3200	0.3358	0.3274	0.3067	0.3259	0.3052	0.3192	0.3144	0.3175	0.3130	0.3241	0.3418	0.3533	0.3616	0.3611	0.3510	0.3402	0.3382	0.3329	0.7232	0.3349	0.3574	0.3347
7:49:10	30.3	0.3036	1.0397	0.3064	1.0858	0.2972	0.3142	0.3094	0.2895	1.0619	0.3084	0.2893	0.2853	0.8796	0.2721	0.3057	0.3163	0.2883	0.3027	0.2846	0.2908	0.3078	0.2967	0.2783	0.3035	0.3277	0.2920	0.2908	0.3004	0.2972	0.2914	0.2969	0.2962	0.2854	0.3123	0.2954	0.3121	0.3116	0.2905	0.2998	0.2974	0.2921	0.2817	0.2944	0.2953	0.2944	0.3019	0.2916	0.9878	0.3280	0.2977	0.3038	0.3026	0.2925	0.2877	0.3116	0.3007	0.3034	0.2955	0.2916	0.3160	0.3233	0.3162	0.3137	0.3012	0.3241	0.3068	0.3118	0.3185	0.3114	0.3307	0.3115	0.3251	0.3607	0.3202	0.3362	0.3274	0.3071	0.3259	0.3053	0.3193	0.3148	0.3175	0.3130	0.3242	0.3419	0.3539	0.3616	0.3620	0.3511	0.3407	0.3380	0.3334	0.7697	0.3358	0.3577	0.3349
7:59:10	30.2	0.3057	1.0760	0.3085	1.0887	0.3005	0.3295	0.3105	0.2894	1.1005	0.3088	0.2893	0.2852	0.9261	0.2715	0.3057	0.3198	0.2871	0.3028	0.2846	0.2908	0.3090	0.2948	0.2782	0.3039	0.3310	0.2920	0.2909	0.3003	0.2970	0.2912	0.2973	0.2962	0.2856	0.3106	0.2950	0.3140	0.3117	0.2904	0.2999	0.2973	0.2921	0.2816	0.2957	0.2952	0.2926	0.3018	0.2914	0.9721	0.3280	0.2978	0.3038	0.3028	0.2922	0.2876	0.3116	0.3007	0.3033	0.2958	0.2910	0.3162	0.3231	0.3162	0.3138	0.3012	0.3237	0.3067	0.3135	0.3176	0.3112	0.3310	0.3114	0.3209	0.3621	0.3204	0.3364	0.3274	0.3072	0.3259	0.3053	0.3194	0.3148	0.3175	0.3129	0.3242	0.3417	0.3546	0.3616	0.3632	0.3511	0.3409	0.3378	0.3336	0.7646	0.3363	0.3619	0.3347
8:09:10	30.2	0.3035	1.1077	0.3115	1.1092	0.2979	0.3084	0.3130	0.2894	1.1334	0.3093	0.2894	0.2850	0.9696	0.2745	0.3057	0.3191	0.2877	0.3026	0.2848	0.2906	0.3106	0.2946	0.2781	0.3041	0.3358	0.2919	0.2913	0.3003	0.2971	0.2912	0.2975	0.2962	0.2858	0.3145	0.2951	0.3154	0.3118	0.2904	0.3001	0.2973	0.2965	0.2816	0.2971	0.2952	0.2958	0.3018	0.2915	1.0377	0.3279	0.2982	0.3037	0.3031	0.2923	0.2876	0.3116	0.3014	0.3033	0.2961	0.2912	0.3168	0.3231	0.3161	0.3142	0.3011	0.3239	0.3066	0.3184	0.3216	0.3109	0.3316	0.3113	0.3302	0.3633	0.3206	0.3366	0.3272	0.3076	0.3259	0.3052	0.3196	0.3150	0.3175	0.3129	0.3242	0.3418	0.3553	0.3616	0.3645	0.3510	0.3409	0.3377	0.3339	0.7700	0.3376	0.3616	0.3346
8:19:10	30.2	0.3060	1.1234	0.3130	1.1150	0.2985	0.3333	0.3133	0.2895	1.1600	0.3104	0.2894	0.2851	0.9936	0.2775	0.3057	0.3225	0.2882	0.3026	0.2856	0.2906	0.3124	0.2950	0.2782	0.3079	0.3398	0.2920	0.2916	0.3003	0.2971	0.2914	0.2978	0.2962	0.2861	0.3230	0.2952	0.3185	0.3121	0.2906	0.3004	0.2973	0.2933	0.2816	0.2996	0.2953	0.3022	0.3018	0.2916	1.0470	0.3278	0.2984	0.3038	0.3033	0.2927	0.2877	0.3115	0.3017	0.3032	0.2966	0.2916	0.3175	0.3230	0.3162	0.3144	0.3010	0.3236	0.3066	0.3181	0.3217	0.3110	0.3322	0.3114	0.3313	0.3651	0.3208	0.3368	0.3273	0.3082	0.3259	0.3051	0.3196	0.3155	0.3175	0.3129	0.3241	0.3418	0.3564	0.3616	0.3686	0.3511	0.3414	0.3377	0.3353	0.7877	0.3390	0.3646	0.3346
8:29:10	30.2	0.3060	1.1520	0.3156	1.1244	0.3015	0.3266	0.3148	0.2895	1.1845	0.3093	0.2893	0.2852	1.0318	0.2804	0.3056	0.3239	0.2893	0.3027	0.2860	0.2905	0.3151	0.2949	0.2780	0.3084	0.3454	0.2919	0.2920	0.3003	0.2970	0.2913	0.2984	0.2962	0.2862	0.3214	0.2951	0.3225	0.3124	0.2904	0.3005	0.2973	0.2970	0.2816	0.3020	0.2952	0.3007	0.3018	0.2914	1.0782	0.3280	0.2987	0.3037	0.3035	0.2937	0.2877	0.3115	0.3033	0.3032	0.2970	0.2914	0.3191	0.3231	0.3161	0.3151	0.3010	0.3239	0.3067	0.3194	0.3232	0.3111	0.3329	0.3114	0.3298	0.3667	0.3211	0.3371	0.3273	0.3089	0.3259	0.3051	0.3198	0.3158	0.3174	0.3129	0.3241	0.3419	0.3575	0.3616	0.3684	0.3510	0.3417	0.3377	0.3351	0.8105	0.3400	0.3632	0.3346
8:39:10	30.3	0.3061	1.1772	0.3173	1.1435	0.3023	0.3391	0.3143	0.2896	1.2212	0.3087	0.2894	0.2850	1.0549	0.2826	0.3056	0.3301	0.2908	0.3023	0.2868	0.2903	0.3172	0.2940	0.2783	0.3107	0.3542	0.2919	0.2924	0.3002	0.2970	0.2914	0.2989	0.2961	0.2870	0.3290	0.2951	0.3242	0.3127	0.2905	0.3009	0.2973	0.3015	0.2816	0.3065	0.2951	0.3037	0.3018	0.2914	1.1102	0.3279	0.2990	0.3037	0.3041	0.2932	0.2876	0.3114	0.3038	0.3032	0.2976	0.2910	0.3198	0.3231	0.3161	0.3159	0.3010	0.3236	0.3066	0.3206	0.3223	0.3111	0.3340	0.3114	0.3359	0.3688	0.3214	0.3378	0.3272	0.3093	0.3258	0.3052	0.3200	0.3161	0.3174	0.3129	0.3241	0.3418	0.3590	0.3616	0.3742	0.3511	0.3423	0.3378	0.3358	0.8067	0.3416	0.3649	0.3346
8:49:10	30.2	0.3059	1.1930	0.3220	1.1563	0.3039	0.3230	0.3176	0.2893	1.2577	0.3112	0.2892	0.2849	1.0887	0.2834	0.3055	0.3367	0.2915	0.3023	0.2876	0.2902	0.3205	0.2938	0.2781	0.3082	0.3621	0.2919	0.2931	0.3001	0.2970	0.2912	0.2997	0.2963	0.2873	0.3372	0.2950	0.3317	0.3129	0.2904	0.3010	0.2971	0.3025	0.2815	0.3115	0.2952	0.3059	0.3019	0.2914	1.1102	0.3278	0.2993	0.3036	0.3043	0.2936	0.2876	0.3114	0.3037	0.3031	0.2982	0.2906	0.3201	0.3229	0.3161	0.3160	0.3009	0.3235	0.3066	0.3290	0.3233	0.3109	0.3350	0.3112	0.3351	0.3712	0.3219	0.3380	0.3271	0.3100	0.3258	0.3051	0.3203	0.3165	0.3173	0.3129	0.3239	0.3418	0.3604	0.3616	0.3726	0.3511	0.3426	0.3375	0.3367	0.8107	0.3445	0.3676	0.3345
8:59:10	30.2	0.3060	1.2116	0.3262	1.1807	0.3019	0.3146	0.3156	0.2893	1.2819	0.3118	0.2893	0.2851	1.1101	0.2867	0.3055	0.3464	0.2966	0.3024	0.2886	0.2903	0.3242	0.2967	0.2782	0.3145	0.3733	0.2919	0.2961	0.3001	0.2970	0.2913	0.3005	0.2962	0.2881	0.3528	0.2953	0.3362	0.3133	0.2905	0.3015	0.2972	0.3030	0.2815	0.3144	0.2951	0.3172	0.3017	0.2914	1.1634	0.3280	0.3000	0.3037	0.3049	0.2940	0.2876	0.3114	0.3048	0.3031	0.2989	0.2908	0.3238	0.3231	0.3161	0.3169	0.3009	0.3236	0.3065	0.3290	0.3257	0.3109	0.3366	0.3113	0.3392	0.3744	0.3227	0.3385	0.3271	0.3107	0.3258	0.3051	0.3205	0.3171	0.3174	0.3128	0.3241	0.3419	0.3618	0.3616	0.3772	0.3511	0.3436	0.3373	0.3395	0.8225	0.3514	0.3697	0.3346
9:09:10	30.2	0.3033	1.2274	0.3284	1.1944	0.3025	0.3157	0.3208	0.2894	1.3031	0.3145	0.2894	0.2849	1.1290	0.2882	0.3055	0.3594	0.2949	0.3024	0.2899	0.2902	0.3286	0.2937	0.2780	0.3126	0.4022	0.2919	0.2941	0.3001	0.2970	0.2913	0.3018	0.2962	0.2891	0.3959	0.2951	0.3440	0.3138	0.2904	0.3018	0.2972	0.3033	0.2815	0.3195	0.2952	0.3300	0.3017	0.2915	1.2037	0.3279	0.3007	0.3036	0.3053	0.2953	0.2875	0.3113	0.3090	0.3032	0.3001	0.2909	0.3267	0.3228	0.3161	0.3180	0.3008	0.3236	0.3066	0.3310	0.3301	0.3111	0.3382	0.3113	0.3419	0.3775	0.3232	0.3393	0.3271	0.3119	0.3258	0.3051	0.3208	0.3178	0.3174	0.3129	0.3239	0.3418	0.3636	0.3617	0.3784	0.3510	0.3444	0.3372	0.3388	0.8494	0.3485	0.3738	0.3345
9:19:10	30.2	0.3033	1.2487	0.3326	1.2084	0.3053	0.3352	0.3208	0.2894	1.3386	0.3158	0.2893	0.2851	1.1489	0.2910	0.3055	0.4157	0.2956	0.3025	0.2918	0.2904	0.3340	0.2956	0.2781	0.3172	0.4176	0.2919	0.2946	0.3002	0.2970	0.2913	0.3028	0.2961	0.2901	0.4358	0.2951	0.3622	0.3163	0.2904	0.3024	0.2972	0.3076	0.2815	0.3300	0.2952	0.3401	0.3017	0.2914	1.2272	0.3280	0.3012	0.3036	0.3062	0.2975	0.2875	0.3114	0.3095	0.3032	0.3014	0.2909	0.3282	0.3229	0.3161	0.3195	0.3006	0.3235	0.3065	0.3351	0.3312	0.3110	0.3431	0.3113	0.3433	0.3821	0.3241	0.3403	0.3270	0.3131	0.3258	0.3051	0.3213	0.3185	0.3174	0.3128	0.3241	0.3418	0.3657	0.3616	0.3826	0.3510	0.3457	0.3372	0.3406	0.8433	0.3511	0.3812	0.3345
9:29:10	30.2	0.3033	1.2711	0.3410	1.2269	0.3094	0.3294	0.3237	0.2896	1.3660	0.3138	0.2893	0.2849	1.1747	0.2933	0.3055	0.4523	0.2998	0.3020	0.2939	0.2905	0.3419	0.2937	0.2779	0.3196	0.4636	0.2918	0.2960	0.3000	0.2970	0.2913	0.3044	0.2961	0.2917	0.4831	0.2952	0.3854	0.3152	0.2904	0.3032	0.2972	0.3115	0.2815	0.3714	0.2951	0.3522	0.3017	0.2914	1.2845	0.3278	0.3020	0.3036	0.3105	0.2957	0.2875	0.3113	0.3144	0.3031	0.3030	0.2910	0.3270	0.3228	0.3161	0.3214	0.3006	0.3235	0.3065	0.3453	0.3338	0.3109	0.3417	0.3112	0.3515	0.3993	0.3253	0.3404	0.3270	0.3147	0.3257	0.3050	0.3216	0.3193	0.3173	0.3128	0.3239	0.3418	0.3679	0.3616	0.3882	0.3511	0.3472	0.3370	0.3422	0.8714	0.3560	0.3833	0.3345
9:39:10	30.2	0.3033	1.2993	0.3577	1.2567	0.3104	0.3307	0.3231	0.2896	1.3858	0.3190	0.2894	0.2850	1.2082	0.2991	0.3055	0.4886	0.3005	0.3023	0.2963	0.2906	0.3545	0.2951	0.2781	0.3233	0.5045	0.2919	0.2985	0.3001	0.2970	0.2912	0.3069	0.2962	0.2932	0.4986	0.2952	0.4648	0.3155	0.2905	0.3040	0.2973	0.3090	0.2815	0.4083	0.2952	0.3970	0.3018	0.2914	1.3076	0.3280	0.3033	0.3036	0.3079	0.2993	0.2876	0.3113	0.3169	0.3032	0.3046	0.2911	0.3328	0.3228	0.3162	0.3229	0.3007	0.3235	0.3066	0.3574	0.3357	0.3110	0.3440	0.3113	0.3517	0.4353	0.3267	0.3419	0.3270	0.3168	0.3258	0.3051	0.3221	0.3206	0.3174	0.3129	0.3241	0.3419	0.3717	0.3618	0.4050	0.3511	0.3494	0.3370	0.3441	0.8907	0.3629	0.3851	0.3346
9:49:10	30.3	0.3033	1.3294	0.3874	1.2845	0.3141	0.3306	0.3263	0.2895	1.4099	0.3179	0.2893	0.2850	1.2376	0.3093	0.3055	0.5225	0.3032	0.3028	0.2995	0.2901	0.3769	0.2951	0.2781	0.3247	0.5428	0.2918	0.3003	0.3001	0.2970	0.2911	0.3096	0.2962	0.2956	0.5243	0.2949	0.4980	0.3169	0.2904	0.3048	0.2972	0.3177	0.2816	0.4161	0.2952	0.4317	0.3017	0.2913	1.3357	0.3280	0.3047	0.3036	0.3099	0.3002	0.2875	0.3113	0.3188	0.3031	0.3061	0.2907	0.3302	0.3227	0.3161	0.3246	0.3006	0.3235	0.3066	0.3778	0.3377	0.3109	0.3479	0.3113	0.3796	0.4695	0.3282	0.3436	0.3270	0.3179	0.3257	0.3050	0.3228	0.3219	0.3174	0.3129	0.3241	0.3421	0.3753	0.3616	0.4268	0.3511	0.3514	0.3369	0.3470	0.9124	0.3729	0.3969	0.3344
9:59:10	30.3	0.3032	1.3403	0.4119	1.3005	0.3157	0.3454	0.3280	0.2893	1.4325	0.3228	0.2893	0.2849	1.2584	0.3256	0.3055	0.5447	0.3059	0.3028	0.3032	0.2900	0.4064	0.2952	0.2782	0.3269	0.5706	0.2919	0.3047	0.3000	0.2969	0.2912	0.3126	0.2962	0.2986	0.5693	0.2951	0.5431	0.3215	0.2903	0.3060	0.2972	0.3194	0.2815	0.4296	0.2951	0.5473	0.3016	0.2913	1.3875	0.3280	0.3060	0.3036	0.3122	0.2981	0.2875	0.3114	0.3225	0.3030	0.3085	0.2909	0.3369	0.3226	0.3160	0.3281	0.3006	0.3235	0.3064	0.3889	0.3402	0.3109	0.3489	0.3112	0.3889	0.4715	0.3305	0.3451	0.3269	0.3202	0.3257	0.3050	0.3234	0.3234	0.3174	0.3127	0.3240	0.3420	0.3815	0.3616	0.4534	0.3510	0.3544	0.3368	0.3539	0.9246	0.3803	0.4069	0.3344
10:09:10	30.3	0.3033	1.3706	0.4549	1.3291	0.3173	0.3725	0.3328	0.2893	1.4495	0.3257	0.2895	0.2851	1.3004	0.4075	0.3055	0.5961	0.3101	0.3027	0.3089	0.2899	0.4346	0.2947	0.2782	0.3307	0.6016	0.2919	0.3021	0.3002	0.2969	0.2911	0.3167	0.2961	0.3014	0.6020	0.2951	0.5800	0.3232	0.2904	0.3075	0.2972	0.3287	0.2815	0.4791	0.2952	0.5730	0.3017	0.2913	1.4285	0.3280	0.3075	0.3036	0.3138	0.3033	0.2875	0.3113	0.3242	0.3032	0.3107	0.2907	0.3393	0.3226	0.3160	0.3311	0.3006	0.3235	0.3066	0.4495	0.3438	0.3110	0.3514	0.3112	0.4133	0.5316	0.3331	0.3467	0.3270	0.3235	0.3257	0.3050	0.3248	0.3251	0.3174	0.3129	0.3239	0.3421	0.3961	0.3617	0.4958	0.3511	0.3584	0.3369	0.3529	0.9548	0.4031	0.4302	0.3344
10:19:10	30.3	0.3033	1.4019	0.4925	1.3401	0.3186	0.4263	0.3335	0.2894	1.4711	0.3266	0.2892	0.2849	1.3218	0.4172	0.3055	0.6282	0.3206	0.3023	0.3144	0.2900	0.4967	0.2945	0.2780	0.3351	0.6205	0.2918	0.3062	0.3001	0.2969	0.2911	0.3204	0.2960	0.3069	0.6308	0.2947	0.6220	0.3225	0.2904	0.3088	0.2971	0.3424	0.2814	0.5106	0.2951	0.6023	0.3017	0.2913	1.4705	0.3281	0.3089	0.3035	0.3143	0.3025	0.2875	0.3113	0.3299	0.3031	0.3132	0.2905	0.3392	0.3224	0.3160	0.3321	0.3005	0.3235	0.3065	0.5134	0.3471	0.3110	0.3535	0.3112	0.4732	0.5773	0.3361	0.3485	0.3270	0.3250	0.3256	0.3050	0.3253	0.3268	0.3174	0.3128	0.3239	0.3420	0.4375	0.3617	0.5061	0.3511	0.3629	0.3368	0.3542	0.9671	0.4520	0.4693	0.3343
10:29:10	30.3	0.3032	1.4166	0.5318	1.3689	0.3221	0.4631	0.3374	0.2894	1.4838	0.3293	0.2894	0.2850	1.3512	0.4324	0.3055	0.6276	0.3219	0.3026	0.3206	0.2899	0.5713	0.2944	0.2780	0.3396	0.6398	0.2918	0.3089	0.3000	0.2968	0.2911	0.3264	0.2961	0.3109	0.6730	0.2948	0.6598	0.3227	0.2904	0.3103	0.2971	0.3593	0.2815	0.5883	0.2951	0.6267	0.3017	0.2914	1.4830	0.3280	0.3109	0.3035	0.3179	0.3080	0.2875	0.3111	0.3337	0.3031	0.3181	0.2911	0.3527	0.3225	0.3160	0.3398	0.3005	0.3235	0.3065	0.5620	0.3539	0.3109	0.3596	0.3112	0.4963	0.5938	0.3402	0.3502	0.3269	0.3295	0.3257	0.3049	0.3268	0.3290	0.3173	0.3128	0.3239	0.3420	0.4848	0.3617	0.5643	0.3511	0.3672	0.3367	0.3637	0.9906	0.4782	0.4916	0.3343
10:39:10	30.3	0.3033	1.4454	0.5887	1.3911	0.3257	0.5382	0.3433	0.2895	1.5015	0.3320	0.2896	0.2850	1.3745	0.4643	0.3054	0.6402	0.3413	0.3023	0.3298	0.2900	0.5847	0.2943	0.2782	0.3531	0.6830	0.2917	0.3132	0.3001	0.2969	0.2910	0.3319	0.2961	0.3174	0.7354	0.2952	0.6873	0.3299	0.2903	0.3123	0.2971	0.3962	0.2814	0.5968	0.2952	0.6954	0.3016	0.2914	1.5097	0.3281	0.3124	0.3035	0.3226	0.3070	0.2875	0.3112	0.3411	0.3031	0.3218	0.2907	0.3572	0.3225	0.3160	0.3459	0.3005	0.3235	0.3065	0.6226	0.3626	0.3110	0.3685	0.3112	0.5263	0.6261	0.3443	0.3526	0.3269	0.3395	0.3256	0.3049	0.3278	0.3314	0.3172	0.3128	0.3239	0.3420	0.5040	0.3618	0.5823	0.3511	0.3756	0.3367	0.3634	1.0036	0.4895	0.5230	0.3343
10:49:10	30.3	0.3032	1.4645	0.6001	1.4162	0.3297	0.5209	0.3504	0.2894	1.5144	0.3351	0.2892	0.2849	1.4062	0.5185	0.3054	0.6729	0.3637	0.3025	0.3398	0.2902	0.6127	0.2944	0.2780	0.3693	0.7463	0.2917	0.3149	0.3000	0.2969	0.2910	0.3397	0.2961	0.3235	0.7726	0.2950	0.7124	0.3317	0.2903	0.3151	0.2971	0.4453	0.2815	0.6451	0.2951	0.7272	0.3016	0.2914	1.5213	0.3281	0.3144	0.3035	0.3257	0.3101	0.2875	0.3112	0.3512	0.3031	0.3296	0.2904	0.3600	0.3223	0.3160	0.3557	0.3004	0.3233	0.3065	0.6441	0.3807	0.3109	0.3816	0.3112	0.5624	0.6677	0.3491	0.3560	0.3268	0.3452	0.3256	0.3049	0.3293	0.3345	0.3173	0.3128	0.3239	0.3421	0.5509	0.3617	0.6269	0.3511	0.3826	0.3366	0.3748	1.0342	0.5144	0.5376	0.3342
10:59:10	30.3	0.3035	1.4817	0.6271	1.4311	0.3374	0.4759	0.3612	0.2894	1.5327	0.3398	0.2892	0.2850	1.4364	0.5523	0.3053	0.7196	0.3818	0.3026	0.3514	0.2901	0.6407	0.2938	0.2782	0.3833	0.7865	0.2918	0.3206	0.3001	0.2969	0.2909	0.3465	0.2960	0.3332	0.8109	0.2950	0.7758	0.3323	0.2904	0.3174	0.2970	0.4566	0.2814	0.6853	0.2951	0.7655	0.3016	0.2913	1.5504	0.3281	0.3188	0.3035	0.3262	0.3139	0.2875	0.3111	0.3643	0.3030	0.3408	0.2912	0.3681	0.3223	0.3160	0.3796	0.3004	0.3237	0.3065	0.6841	0.4053	0.3109	0.4095	0.3112	0.5791	0.6928	0.3544	0.3592	0.3268	0.3508	0.3257	0.3049	0.3316	0.3389	0.3173	0.3128	0.3239	0.3421	0.5739	0.3617	0.6646	0.3511	0.3916	0.3366	0.3843	1.0576	0.5629	0.6239	0.3342
11:09:10	30.3	0.3031	1.5007	0.6209	1.4455	0.3495	0.6076	0.3847	0.2892	1.5441	0.3460	0.2893	0.2849	1.4501	0.5848	0.3054	0.7639	0.4408	0.3022	0.3755	0.2901	0.6972	0.2935	0.2782	0.4348	0.8416	0.2917	0.3241	0.2999	0.2968	0.2908	0.3540	0.2959	0.3501	0.8138	0.2949	0.8244	0.3366	0.2904	0.3212	0.2969	0.5056	0.2813	0.7328	0.2950	0.8101	0.3015	0.2914	1.5934	0.3279	0.3220	0.3035	0.3288	0.3139	0.2874	0.3111	0.4090	0.3028	0.3496	0.2908	0.3754	0.3222	0.3159	0.4087	0.3004	0.3234	0.3064	0.6820	0.4206	0.3166	0.4772	0.3110	0.5893	0.7894	0.3608	0.3639	0.3268	0.3766	0.3255	0.3048	0.3328	0.3427	0.3172	0.3127	0.3240	0.3420	0.5988	0.3616	0.6861	0.3511	0.4096	0.3366	0.4207	1.0791	0.5952	0.6665	0.3343
11:19:10	30.3	0.3031	1.5247	0.6785	1.4637	0.4097	0.6270	0.4135	0.2891	1.5584	0.3548	0.2892	0.2849	1.4850	0.6024	0.3053	0.8047	0.4692	0.3021	0.3974	0.2904	0.7113	0.2935	0.2782	0.4822	0.9008	0.2917	0.3441	0.3000	0.2968	0.2907	0.3680	0.2960	0.3658	0.8543	0.2949	0.8455	0.3368	0.2904	0.3277	0.2971	0.5295	0.2813	0.7554	0.2951	0.8306	0.3015	0.2914	1.6080	0.3281	0.3341	0.3034	0.3370	0.3172	0.2874	0.3111	0.4415	0.3029	0.3791	0.2912	0.3850	0.3221	0.3159	0.4343	0.3003	0.3234	0.3065	0.7167	0.5292	0.3204	0.5076	0.3112	0.6434	0.8573	0.3661	0.3666	0.3267	0.3971	0.3255	0.3048	0.3352	0.3488	0.3172	0.3128	0.3237	0.3421	0.6212	0.3618	0.7061	0.3511	0.4224	0.3366	0.4541	1.1003	0.5934	0.7005	0.3343
11:29:10	30.3	0.3032	1.5341	0.7143	1.4830	0.4659	0.7153	0.4545	0.2894	1.5662	0.3633	0.2893	0.2849	1.5080	0.6154	0.3053	0.8311	0.4834	0.3022	0.4454	0.2905	0.7574	0.2937	0.2782	0.4707	0.9445	0.2918	0.3781	0.3000	0.2968	0.2907	0.4192	0.2959	0.4098	0.8639	0.2950	0.8707	0.3440	0.2903	0.3362	0.2970	0.5548	0.2812	0.7930	0.2951	0.8534	0.3015	0.2914	1.6235	0.3280	0.3470	0.3035	0.3536	0.3241	0.2874	0.3111	0.4549	0.3029	0.3939	0.2904	0.4260	0.3223	0.3159	0.4576	0.3003	0.3234	0.3064	0.7336	0.5486	0.3157	0.5801	0.3111	0.6697	0.9253	0.3759	0.3892	0.3269	0.4156	0.3255	0.3049	0.3389	0.3569	0.3173	0.3128	0.3238	0.3421	0.6507	0.3617	0.7344	0.3512	0.4356	0.3366	0.4645	1.1360	0.5878	0.7289	0.3342
11:39:10	30.3	0.3031	1.5518	0.7693	1.4869	0.4758	0.7641	0.4969	0.2891	1.5807	0.3653	0.2893	0.2850	1.5249	0.6795	0.3053	0.8451	0.5072	0.3022	0.4748	0.2905	0.8022	0.2936	0.2780	0.5045	0.9812	0.2917	0.4044	0.2999	0.2967	0.2906	0.4388	0.2959	0.4388	0.8896	0.2948	0.8766	0.3571	0.2902	0.3545	0.2970	0.5568	0.2813	0.8471	0.2950	0.8777	0.3014	0.2913	1.6322	0.3280	0.4037	0.3034	0.3737	0.3329	0.2873	0.3110	0.4683	0.3028	0.4753	0.2903	0.5187	0.3220	0.3159	0.4906	0.3002	0.3233	0.3063	0.7828	0.5947	0.3161	0.6070	0.3110	0.7139	0.9934	0.4029	0.4514	0.3267	0.4604	0.3253	0.3048	0.3421	0.3712	0.3171	0.3126	0.3238	0.3421	0.6734	0.3617	0.7766	0.3510	0.4524	0.3365	0.4878	1.1573	0.7044	0.7431	0.3343
11:49:10	30.3	0.3032	1.5719	0.8115	1.5044	0.4897	0.7912	0.5578	0.2892	1.5855	0.4763	0.2893	0.2850	1.5486	0.7026	0.3053	0.8732	0.5622	0.3023	0.5157	0.2908	0.8396	0.2936	0.2779	0.5659	1.0246	0.2917	0.4454	0.2999	0.2968	0.2906	0.4936	0.2959	0.4490	0.9172	0.2949	0.8854	0.3835	0.2903	0.3784	0.2970	0.5729	0.2814	0.9060	0.2951	0.8916	0.3015	0.2914	1.6629	0.3281	0.4322	0.3033	0.4226	0.3556	0.2874	0.3110	0.4887	0.3029	0.4829	0.2906	0.5039	0.3221	0.3159	0.5118	0.3003	0.3234	0.3065	0.8041	0.6274	0.3156	0.6186	0.3111	0.7383	1.0417	0.4446	0.4790	0.3267	0.4726	0.3255	0.3047	0.3482	0.4039	0.3172	0.3126	0.3239	0.3421	0.6992	0.3619	0.8125	0.3511	0.5174	0.3366	0.5400	1.1867	0.7535	0.7793	0.3341
11:59:10	30.3	0.3032	1.5815	0.8605	1.5206	0.5344	0.8217	0.5537	0.2891	1.5979	0.5086	0.2893	0.2849	1.5594	0.7124	0.3053	0.8797	0.5830	0.3020	0.5497	0.2906	0.8653	0.2935	0.2780	0.6093	1.0522	0.2918	0.4709	0.2999	0.2967	0.2907	0.5313	0.2959	0.4927	0.9388	0.2947	0.9035	0.4340	0.2903	0.4176	0.2970	0.5978	0.2813	0.9525	0.2951	0.9128	0.3016	0.2913	1.6661	0.3281	0.4730	0.3034	0.4542	0.3902	0.2874	0.3110	0.5402	0.3028	0.5188	0.2906	0.5291	0.3220	0.3158	0.5525	0.3002	0.3234	0.3064	0.8221	0.6618	0.3152	0.6466	0.3111	0.7419	1.0973	0.4746	0.4883	0.3268	0.5498	0.3254	0.3047	0.3547	0.4388	0.3173	0.3127	0.3239	0.3421	0.7648	0.3618	0.8659	0.3511	0.5798	0.3366	0.5972	1.2275	0.7907	0.7907	0.3342
12:09:10	30.3	0.3031	1.5985	0.8775	1.5266	0.5391	0.8574	0.5912	0.2892	1.6043	0.5506	0.2893	0.2849	1.5895	0.7797	0.3053	0.9074	0.5938	0.3024	0.5992	0.2905	0.8806	0.2935	0.2780	0.6510	1.0869	0.2916	0.5158	0.2998	0.2967	0.2905	0.5611	0.2959	0.5166	0.9752	0.2948	0.9048	0.4586	0.2903	0.4612	0.2970	0.6457	0.2814	0.9885	0.2951	0.9389	0.3013	0.2913	1.6980	0.3281	0.5219	0.3034	0.4932	0.4248	0.2873	0.3110	0.6287	0.3029	0.5579	0.2905	0.6690	0.3218	0.3159	0.5915	0.3003	0.3234	0.3064	0.8543	0.6710	0.3197	0.6634	0.3111	0.7907	1.1273	0.4931	0.5322	0.3267	0.6040	0.3254	0.3047	0.3671	0.4440	0.3172	0.3127	0.3240	0.3423	0.8173	0.3618	0.8843	0.3511	0.5962	0.3366	0.6224	1.2492	0.8162	0.8185	0.3343
12:19:10	30.3	0.3031	1.6074	0.9383	1.5411	0.6077	0.8737	0.6585	0.2890	1.6130	0.5633	0.2891	0.2848	1.5924	0.7981	0.3052	0.9310	0.5944	0.3020	0.6419	0.2905	0.8925	0.2934	0.2780	0.6889	1.1168	0.2917	0.5535	0.2998	0.2967	0.2904	0.6174	0.2958	0.5490	0.9935	0.2946	0.9165	0.4936	0.2903	0.4784	0.2968	0.6812	0.2813	1.0319	0.2950	0.9641	0.3014	0.2912	1.7063	0.3280	0.5440	0.3033	0.4993	0.4415	0.2873	0.3110	0.6297	0.3028	0.5725	0.2906	0.7661	0.3219	0.3158	0.6150	0.3001	0.3232	0.3064	0.8627	0.7000	0.3231	0.7016	0.3110	0.7963	1.1812	0.5444	0.5914	0.3266	0.6502	0.3254	0.3047	0.3794	0.4390	0.3171	0.3126	0.3242	0.3422	0.8368	0.3618	0.8683	0.3512	0.6636	0.3364	0.6527	1.2891	0.8382	0.8463	0.3341
12:29:10	30.3	0.3031	1.6173	0.9861	1.5493	0.6455	0.9025	0.7000	0.2892	1.6213	0.5976	0.2893	0.2849	1.5958	0.8149	0.3052	0.9632	0.6463	0.3022	0.6752	0.2905	0.8826	0.2935	0.2780	0.7295	1.1474	0.2917	0.5856	0.2997	0.2968	0.2905	0.6641	0.2959	0.5994	1.0300	0.2947	0.9282	0.5194	0.2903	0.5023	0.2969	0.7146	0.2812	1.0583	0.2951	0.9929	0.3014	0.2912	1.7100	0.3282	0.5744	0.3034	0.5320	0.4819	0.2874	0.3109	0.6709	0.3030	0.5968	0.2905	0.7932	0.3218	0.3159	0.6301	0.3001	0.3232	0.3063	0.8859	0.7248	0.3199	0.7504	0.3110	0.7980	1.2377	0.5805	0.6422	0.3266	0.6910	0.3254	0.3047	0.3908	0.4958	0.3171	0.3127	0.3240	0.3422	0.8363	0.3618	0.8928	0.3511	0.6925	0.3365	0.6962	1.3173	0.8520	0.8650	0.3341
12:39:10	30.3	0.3031	1.6265	1.0205	1.5563	0.6856	0.9152	0.7393	0.2891	1.6338	0.6267	0.2892	0.2848	1.6053	0.8440	0.3052	0.9798	0.6789	0.3025	0.7015	0.2905	0.9089	0.2935	0.2779	0.7400	1.1874	0.2916	0.6295	0.2997	0.2967	0.2904	0.6975	0.2958	0.6586	1.0503	0.2948	0.9401	0.5370	0.2902	0.5275	0.2969	0.7540	0.2811	1.0912	0.2950	1.0178	0.3012	0.2913	1.7219	0.3280	0.6021	0.3032	0.5925	0.5193	0.2873	0.3109	0.6922	0.3029	0.6338	0.2908	0.7872	0.3216	0.3159	0.6680	0.3001	0.3232	0.3062	0.9028	0.7613	0.3223	0.8004	0.3109	0.8225	1.2753	0.6110	0.6746	0.3266	0.7157	0.3253	0.3046	0.4454	0.5278	0.3172	0.3126	0.3238	0.3421	0.8496	0.3618	0.9182	0.3510	0.7375	0.3364	0.6992	1.3561	0.8650	0.8831	0.3340
12:49:10	30.3	0.3030	1.6424	1.0557	1.5677	0.7286	0.9537	0.7941	0.2891	1.6371	0.6315	0.2891	0.2850	1.6275	0.8775	0.3052	1.0237	0.7225	0.3026	0.7369	0.2906	0.9438	0.2936	0.2779	0.7680	1.2318	0.2916	0.6473	0.2997	0.2967	0.2906	0.7315	0.2959	0.7021	1.0973	0.2949	0.9306	0.5722	0.2903	0.5556	0.2969	0.7650	0.2812	1.1477	0.2950	1.0550	0.3014	0.2912	1.7239	0.3282	0.6243	0.3033	0.6304	0.5401	0.2872	0.3109	0.7442	0.3029	0.7073	0.2902	0.7873	0.3217	0.3158	0.7221	0.3001	0.3233	0.3064	0.9201	0.7761	0.3254	0.8061	0.3110	0.8326	1.3106	0.6318	0.7291	0.3266	0.7565	0.3253	0.3046	0.4881	0.5549	0.3172	0.3127	0.3238	0.3424	0.8902	0.3619	0.9708	0.3513	0.7797	0.3364	0.7656	1.3826	0.8748	0.8947	0.3341
12:59:10	30.3	0.3030	1.6476	1.0904	1.5774	0.7571	0.9757	0.8257	0.2892	1.6501	0.6944	0.2892	0.2848	1.6460	0.9178	0.3052	1.0478	0.7638	0.3022	0.7521	0.2904	0.9892	0.2934	0.2779	0.7857	1.2813	0.2917	0.7032	0.2996	0.2968	0.2905	0.7473	0.2958	0.7379	1.1362	0.2946	0.9490	0.5918	0.2903	0.5777	0.2969	0.8112	0.2812	1.1768	0.2950	1.0771	0.3013	0.2912	1.7521	0.3282	0.6727	0.3032	0.6488	0.5942	0.2872	0.3109	0.7627	0.3029	0.7497	0.2906	0.8042	0.3218	0.3157	0.7516	0.3001	0.3232	0.3063	0.9362	0.7964	0.3175	0.8172	0.3110	0.8366	1.3448	0.6778	0.7705	0.3266	0.7726	0.3254	0.3047	0.4884	0.5935	0.3171	0.3126	0.3239	0.3421	0.9298	0.3618	0.9974	0.3512	0.7895	0.3364	0.7993	1.4118	0.8848	0.9147	0.3341
13:09:10	30.3	0.3029	1.6617	1.1242	1.5893	0.7919	1.0056	0.8186	0.2890	1.6513	0.7168	0.2891	0.2849	1.6525	0.9454	0.3051	1.0757	0.7932	0.3019	0.7872	0.2904	0.9925	0.2936	0.2779	0.7982	1.3200	0.2915	0.7372	0.2997	0.2966	0.2904	0.7849	0.2957	0.7700	1.1644	0.2947	0.9611	0.6742	0.2901	0.6705	0.2967	0.8258	0.2811	1.2064	0.2950	1.1181	0.3014	0.2911	1.7591	0.3281	0.7050	0.3032	0.6838	0.6103	0.2872	0.3108	0.7673	0.3027	0.7863	0.2904	0.8290	0.3216	0.3157	0.7921	0.3000	0.3234	0.3063	0.9639	0.8074	0.3267	0.8490	0.3110	0.8601	1.3645	0.7376	0.8193	0.3265	0.7753	0.3253	0.3046	0.4909	0.6930	0.3171	0.3126	0.3239	0.3422	0.9693	0.3619	1.0133	0.3511	0.8223	0.3363	0.8269	1.4357	0.9077	0.9334	0.3339
13:19:10	30.3	0.3029	1.6694	1.1512	1.5998	0.8234	1.0395	0.8658	0.2890	1.6542	0.7533	0.2892	0.2849	1.6628	0.9789	0.3051	1.1208	0.8271	0.3022	0.8185	0.2905	1.0295	0.2936	0.2780	0.8153	1.3581	0.2917	0.7872	0.2997	0.2966	0.2906	0.8287	0.2958	0.7853	1.2008	0.2946	0.9688	0.6757	0.2903	0.7153	0.2969	0.8355	0.2813	1.2363	0.2951	1.1380	0.3012	0.2913	1.7667	0.3282	0.7162	0.3033	0.7134	0.6215	0.2873	0.3108	0.8082	0.3028	0.8374	0.2901	0.8355	0.3216	0.3158	0.8352	0.3001	0.3232	0.3063	0.9847	0.8353	0.3163	0.8575	0.3110	0.8655	1.3992	0.8027	0.8714	0.3265	0.7760	0.3254	0.3047	0.5187	0.7465	0.3171	0.3126	0.3240	0.3423	1.0095	0.3620	1.0362	0.3512	0.8346	0.3364	0.8354	1.4640	0.9164	0.9366	0.3341
13:29:10	30.3	0.3029	1.6808	1.1864	1.6052	0.8648	1.0693	0.8690	0.2889	1.6653	0.7757	0.2891	0.2848	1.6845	1.0264	0.3050	1.1652	0.8529	0.3023	0.8562	0.2905	1.0581	0.2933	0.2777	0.8406	1.3852	0.2915	0.8220	0.2996	0.2966	0.2908	0.8712	0.2957	0.8233	1.2319	0.2947	0.9778	0.7507	0.2902	0.7641	0.2968	0.8684	0.2811	1.2710	0.2950	1.1724	0.3012	0.2911	1.7741	0.3281	0.8002	0.3032	0.7510	0.6736	0.2871	0.3106	0.8293	0.3026	0.8524	0.2901	0.8461	0.3215	0.3158	0.8437	0.3000	0.3231	0.3062	1.0109	0.8394	0.3181	0.8742	0.3108	0.8767	1.4297	0.8682	0.9197	0.3264	0.7980	0.3252	0.3045	0.5980	0.8109	0.3170	0.3126	0.3240	0.3422	1.0633	0.3618	1.0659	0.3511	0.8646	0.3362	0.8521	1.4801	0.9228	0.9378	0.3339
13:39:10	30.2	0.3030	1.6835	1.2132	1.6160	0.8901	1.0881	0.9036	0.2890	1.6676	0.8096	0.2892	0.2849	1.6839	1.0465	0.3053	1.1770	0.8740	0.3025	0.8844	0.2905	1.1094	0.2935	0.2779	0.8478	1.4273	0.2917	0.8428	0.2997	0.2967	0.2910	0.9229	0.2959	0.8615	1.2658	0.2946	0.9788	0.7880	0.2903	0.8123	0.2968	0.8824	0.2812	1.3008	0.2950	1.1943	0.3013	0.2913	1.7878	0.3282	0.8251	0.3032	0.7753	0.7197	0.2874	0.3108	0.8331	0.3028	0.8675	0.2909	0.8578	0.3216	0.3159	0.8714	0.3001	0.3232	0.3064	1.0450	0.8530	0.3180	0.9092	0.3110	0.8748	1.4531	0.9273	0.9817	0.3265	0.8446	0.3253	0.3047	0.6509	0.8321	0.3172	0.3127	0.3240	0.3423	1.1156	0.3619	1.0896	0.3513	0.9025	0.3363	0.8597	1.5045	0.9301	0.9476	0.3341
13:49:10	30.3	0.3029	1.6901	1.2443	1.6236	0.9176	1.1152	0.9101	0.2890	1.6795	0.8244	0.2891	0.2848	1.6907	1.0777	0.3052	1.2041	0.9011	0.3026	0.9088	0.2905	1.1102	0.2934	0.2780	0.8621	1.4607	0.2916	0.8605	0.2997	0.2966	0.2911	0.9660	0.2958	0.8985	1.2987	0.2946	1.0084	0.8438	0.2901	0.8594	0.2968	0.9073	0.2811	1.3258	0.2950	1.2228	0.3013	0.2912	1.7912	0.3282	0.8574	0.3033	0.7856	0.7597	0.2872	0.3107	0.8364	0.3029	0.8939	0.2903	0.8695	0.3216	0.3158	0.8813	0.3000	0.3231	0.3063	1.0631	0.8610	0.3170	0.8954	0.3110	0.8884	1.4803	0.9919	1.0373	0.3264	0.8620	0.3253	0.3045	0.7008	0.8707	0.3171	0.3126	0.3240	0.3422	1.1510	0.3619	1.1135	0.3512	0.9380	0.3363	0.8815	1.5203	0.9399	0.9631	0.3341
13:59:10	30.3	0.3029	1.6969	1.2669	1.6295	0.9427	1.1367	0.9548	0.2890	1.6813	0.8399	0.2891	0.2848	1.7045	1.1243	0.3051	1.2465	0.9171	0.3024	0.9206	0.2904	1.1660	0.2936	0.2779	0.8866	1.4950	0.2916	0.9100	0.2997	0.2966	0.2910	1.0116	0.2957	0.9168	1.3208	0.2946	1.0236	0.8738	0.2902	0.8988	0.2967	0.9392	0.2812	1.3571	0.2950	1.2320	0.3012	0.2912	1.8012	0.3282	0.8912	0.3033	0.8299	0.7767	0.2872	0.3108	0.8775	0.3028	0.9193	0.2905	0.8799	0.3219	0.3158	0.9174	0.3000	0.3232	0.3062	1.0941	0.8722	0.3204	0.9409	0.3109	0.8660	1.5000	1.0501	1.0828	0.3264	0.8707	0.3252	0.3045	0.7660	0.8818	0.3171	0.3125	0.3239	0.3421	1.1904	0.3619	1.1460	0.3511	0.9646	0.3362	0.8812	1.5371	0.9513	0.9837	0.3341
14:09:10	30.2	0.3028	1.7069	1.2960	1.6380	0.9669	1.1616	0.9753	0.2889	1.6899	0.8573	0.2891	0.2848	1.7070	1.1507	0.3051	1.2673	0.9633	0.3022	0.9604	0.2903	1.1825	0.2933	0.2779	0.9020	1.5137	0.2915	0.9407	0.2996	0.2965	0.2910	1.0274	0.2958	0.9512	1.3279	0.2946	1.0440	0.9090	0.2901	0.9322	0.2966	0.9671	0.2811	1.3791	0.2950	1.2649	0.3013	0.2912	1.8099	0.3281	0.9210	0.3031	0.8481	0.8208	0.2871	0.3107	0.8916	0.3028	0.9559	0.2900	0.9035	0.3218	0.3158	0.9538	0.3000	0.3231	0.3061	1.1227	0.8970	0.3169	0.9416	0.3109	0.8929	1.5209	1.1059	1.1469	0.3264	0.8885	0.3252	0.3045	0.7899	0.9537	0.3170	0.3125	0.3238	0.3421	1.2222	0.3619	1.1732	0.3511	1.0005	0.3362	0.8979	1.5482	0.9648	1.0056	0.3339
14:19:10	30.2	0.3028	1.7076	1.3132	1.6489	1.0000	1.2088	0.9953	0.2888	1.7005	0.8657	0.2891	0.2849	1.7141	1.1882	0.3051	1.2911	0.9996	0.3026	0.9698	0.2904	1.1853	0.2934	0.2779	0.9084	1.5518	0.2916	0.9527	0.2997	0.2965	0.2910	1.0559	0.2957	0.9747	1.3563	0.2945	1.0702	0.9331	0.2902	0.9843	0.2967	1.0139	0.2811	1.4001	0.2949	1.2787	0.3013	0.2912	1.8172	0.3282	0.9478	0.3032	0.8551	0.8330	0.2871	0.3108	0.8975	0.3027	0.9909	0.2899	0.9017	0.3213	0.3157	0.9857	0.2999	0.3230	0.3062	1.1626	0.9168	0.3195	0.9477	0.3109	0.9031	1.5435	1.1492	1.1820	0.3264	0.9287	0.3252	0.3045	0.8091	0.9852	0.3171	0.3126	0.3242	0.3422	1.2632	0.3619	1.2102	0.3511	1.0288	0.3362	0.9123	1.5723	0.9954	1.0211	0.3338
14:29:10	30.2	0.3029	1.7158	1.3362	1.6511	1.0079	1.2111	1.0204	0.2885	1.6939	0.8825	0.2891	0.2848	1.7240	1.2183	0.3052	1.3230	1.0212	0.3024	0.9923	0.2904	1.2081	0.2934	0.2779	0.9302	1.5689	0.2916	0.9931	0.3003	0.2966	0.2911	1.0515	0.2959	0.9803	1.3593	0.2946	1.0947	0.9731	0.2902	1.0291	0.2967	1.0383	0.2812	1.4282	0.2949	1.2946	0.3011	0.2913	1.8252	0.3282	0.9874	0.3032	0.8973	0.8655	0.2871	0.3108	0.9388	0.3027	1.0162	0.2903	0.9166	0.3219	0.3157	1.0163	0.3000	0.3231	0.3063	1.1943	0.9561	0.3226	0.9691	0.3110	0.8955	1.5683	1.1900	1.2308	0.3265	0.9309	0.3253	0.3045	0.8726	1.0286	0.3171	0.3125	0.3238	0.3422	1.2943	0.3619	1.2429	0.3511	1.0486	0.3361	0.9271	1.5760	1.0177	1.0353	0.3338
14:39:10	30.2	0.3029	1.7255	1.3642	1.6626	1.0471	1.2450	1.0493	0.2886	1.7056	0.8953	0.2891	0.2849	1.7339	1.2453	0.3051	1.3458	1.0498	0.3025	1.0086	0.2905	1.2508	0.2935	0.2778	0.9475	1.5840	0.2916	1.0233	0.2996	0.2967	0.2910	1.0784	0.2959	0.9856	1.3865	0.2946	1.1205	1.0041	0.2902	1.0664	0.2968	1.0603	0.2812	1.4470	0.2950	1.3159	0.3013	0.2913	1.8293	0.3282	1.0262	0.3032	0.9338	0.8803	0.2872	0.3108	0.9577	0.3026	1.0453	0.2903	0.9316	0.3220	0.3158	1.0444	0.3000	0.3232	0.3062	1.2175	0.9809	0.3209	1.0050	0.3110	0.9319	1.5848	1.2166	1.2543	0.3263	0.9399	0.3252	0.3046	0.8947	1.0548	0.3171	0.3126	0.3238	0.3421	1.3140	0.3620	1.2737	0.3511	1.0574	0.3362	0.9244	1.5995	1.0408	1.0591	0.3338
14:49:10	30.2	0.3027	1.7278	1.3779	1.6684	1.0546	1.2665	1.0799	0.2888	1.7142	0.9153	0.2891	0.2847	1.7217	1.2685	0.3051	1.3702	1.0843	0.3025	1.0279	0.2904	1.2513	0.2934	0.2779	0.9622	1.6172	0.2915	1.0488	0.2996	0.2966	0.2908	1.1097	0.2958	0.9933	1.4150	0.2947	1.1333	1.0338	0.2901	1.1192	0.2968	1.0806	0.2811	1.4712	0.2950	1.3241	0.3011	0.2913	1.8320	0.3282	1.0491	0.3031	0.9360	0.8949	0.2871	0.3106	0.9795	0.3027	1.0868	0.2902	0.9526	0.3218	0.3157	1.0692	0.2999	0.3230	0.3062	1.2399	1.0016	0.3190	0.9909	0.3109	0.9070	1.5895	1.2455	1.2941	0.3263	0.9621	0.3252	0.3044	0.9190	1.0980	0.3170	0.3125	0.3240	0.3420	1.3560	0.3620	1.3017	0.3511	1.0945	0.3361	0.9418	1.6060	1.0785	1.0881	0.3338
14:59:10	30.2	0.3028	1.7330	1.3953	1.6735	1.1022	1.2845	1.0800	0.2889	1.7166	0.9462	0.2892	0.2848	1.7346	1.2973	0.3051	1.4058	1.1055	0.3020	1.0434	0.2903	1.2785	0.2935	0.2779	0.9723	1.6246	0.2915	1.0729	0.2997	0.2965	0.2909	1.0970	0.2958	1.0040	1.4469	0.2946	1.1521	1.0635	0.2902	1.1543	0.2967	1.1258	0.2811	1.4812	0.2950	1.3588	0.3013	0.2912	1.8450	0.3282	1.0628	0.3032	0.9507	0.9049	0.2872	0.3106	1.0189	0.3027	1.1180	0.2902	0.9538	0.3213	0.3158	1.0894	0.3000	0.3232	0.3063	1.2675	1.0208	0.3235	1.0066	0.3110	0.9140	1.6166	1.2614	1.3240	0.3263	0.9843	0.3251	0.3045	0.9463	1.1445	0.3171	0.3126	0.3238	0.3422	1.3854	0.3619	1.3301	0.3512	1.1019	0.3361	0.9641	1.6124	1.1012	1.1148	0.3340
15:09:10	30.2	0.3028	1.7384	1.4182	1.6830	1.1206	1.3063	1.1080	0.2890	1.7242	0.9608	0.2891	0.2849	1.7373	1.3186	0.3051	1.4233	1.1265	0.3025	1.0516	0.2899	1.3300	0.2938	0.2779	0.9616	1.6388	0.2916	1.1089	0.2996	0.2966	0.2910	1.1380	0.2958	0.9995	1.4625	0.2945	1.1683	1.0985	0.2901	1.2006	0.2968	1.1447	0.2812	1.5035	0.2951	1.3795	0.3013	0.2913	1.8527	0.3284	1.1034	0.3032	0.9716	0.9256	0.2872	0.3106	1.0267	0.3028	1.1443	0.2901	0.9666	0.3215	0.3159	1.1116	0.2999	0.3231	0.3062	1.2887	1.0422	0.3167	1.0326	0.3109	0.9243	1.6219	1.2769	1.3540	0.3264	1.0141	0.3252	0.3045	0.9653	1.1738	0.3171	0.3126	0.3239	0.3422	1.4084	0.3620	1.3497	0.3512	1.1135	0.3361	0.9802	1.6283	1.1241	1.1307	0.3338
15:19:10	30.2	0.3027	1.7405	1.4390	1.6876	1.1383	1.3253	1.1235	0.2888	1.7265	0.9672	0.2892	0.2849	1.7465	1.3458	0.3050	1.4385	1.1471	0.3025	1.0727	0.2900	1.3523	0.2935	0.2780	0.9783	1.6483	0.2915	1.1426	0.2996	0.2966	0.2908	1.1526	0.2958	1.0239	1.4811	0.2945	1.1867	1.1304	0.2901	1.2294	0.2967	1.1548	0.2811	1.5206	0.2950	1.4041	0.3012	0.2912	1.8525	0.3282	1.1396	0.3032	1.0177	0.9589	0.2872	0.3106	1.0475	0.3028	1.1740	0.2900	0.9468	0.3211	0.3158	1.1393	0.2999	0.3230	0.3062	1.3126	1.0586	0.3193	1.0570	0.3109	0.9433	1.6255	1.3056	1.3769	0.3262	1.0431	0.3251	0.3045	1.0013	1.1903	0.3171	0.3126	0.3237	0.3422	1.4376	0.3620	1.3718	0.3512	1.1436	0.3361	0.9997	1.6367	1.1517	1.1437	0.3338
15:29:10	30.2	0.3029	1.7504	1.4437	1.6921	1.1778	1.3484	1.1626	0.2886	1.7303	1.0122	0.2892	0.2849	1.7539	1.3810	0.3051	1.4528	1.1832	0.3024	1.0836	0.2899	1.3864	0.2936	0.2780	1.0286	1.6577	0.2916	1.1671	0.2997	0.2965	0.2908	1.1803	0.2958	1.0122	1.4911	0.2946	1.2243	1.1643	0.2902	1.2670	0.2967	1.1776	0.2812	1.5342	0.2950	1.4178	0.3012	0.2912	1.8649	0.3283	1.1576	0.3032	1.0506	0.9737	0.2872	0.3107	1.0703	0.3028	1.2026	0.2904	0.9769	0.3213	0.3158	1.1665	0.2999	0.3232	0.3063	1.3350	1.0911	0.3217	1.1163	0.3109	0.9613	1.6265	1.3201	1.4043	0.3264	1.0821	0.3252	0.3045	1.0382	1.2280	0.3171	0.3126	0.3238	0.3422	1.4655	0.3620	1.3919	0.3513	1.1578	0.3361	1.0414	1.6488	1.1712	1.1787	0.3338
15:39:10	30.2	0.3028	1.7515	1.4601	1.7005	1.1967	1.3633	1.1935	0.2886	1.7392	1.0418	0.2892	0.2848	1.7492	1.3863	0.3051	1.4649	1.1941	0.3025	1.0938	0.2898	1.4092	0.2940	0.2779	1.0264	1.6648	0.2916	1.1817	0.2996	0.2965	0.2907	1.2235	0.2958	1.0266	1.5138	0.2947	1.2640	1.1932	0.2901	1.3042	0.2967	1.1843	0.2812	1.5380	0.2951	1.4411	0.3011	0.2912	1.8743	0.3282	1.1816	0.3032	1.0488	0.9699	0.2871	0.3107	1.0995	0.3028	1.2351	0.2902	0.9866	0.3212	0.3158	1.1882	0.2998	0.3230	0.3062	1.3745	1.1219	0.3171	1.1161	0.3109	0.9751	1.6430	1.3262	1.4181	0.3263	1.1154	0.3251	0.3044	1.0593	1.2589	0.3170	0.3125	0.3237	0.3421	1.4860	0.3621	1.4189	0.3511	1.1821	0.3360	1.0793	1.6601	1.1902	1.1962	0.3338
15:49:10	30.2	0.3029	1.7605	1.4728	1.7044	1.2208	1.3829	1.2208	0.2887	1.7408	1.0525	0.2890	0.2849	1.7521	1.4287	0.3051	1.4907	1.2225	0.3024	1.1331	0.2899	1.4304	0.2939	0.2778	1.0554	1.6836	0.2915	1.2041	0.2996	0.2965	0.2907	1.2790	0.2958	1.0541	1.5288	0.2945	1.3013	1.2236	0.2901	1.3284	0.2968	1.2054	0.2811	1.5526	0.2950	1.4657	0.3012	0.2913	1.8784	0.3282	1.1966	0.3031	1.0793	1.0071	0.2870	0.3105	1.1279	0.3027	1.2604	0.2902	1.0013	0.3211	0.3158	1.2234	0.2999	0.3231	0.3063	1.4025	1.1464	0.3201	1.1470	0.3109	0.9807	1.6493	1.3496	1.4363	0.3262	1.1486	0.3251	0.3044	1.0920	1.2811	0.3171	0.3125	0.3237	0.3421	1.5100	0.3620	1.4529	0.3511	1.2105	0.3360	1.1164	1.6669	1.2099	1.2209	0.3337
15:59:10	30.2	0.3028	1.7661	1.4921	1.7140	1.2443	1.3958	1.2381	0.2889	1.7466	1.0905	0.2892	0.2848	1.7563	1.4331	0.3052	1.5177	1.2468	0.3025	1.1540	0.2902	1.4571	0.2938	0.2780	1.0666	1.6917	0.2916	1.2253	0.2997	0.2966	0.2909	1.3086	0.2957	1.0734	1.5465	0.2946	1.3410	1.2477	0.2902	1.3548	0.2967	1.2308	0.2812	1.5573	0.2951	1.4870	0.3013	0.2913	1.8848	0.3284	1.2152	0.3032	1.0966	1.0188	0.2872	0.3107	1.1549	0.3028	1.2853	0.2901	1.0047	0.3213	0.3158	1.2358	0.2999	0.3232	0.3062	1.4271	1.1535	0.3195	1.1895	0.3109	0.9974	1.6631	1.3699	1.4620	0.3264	1.1848	0.3252	0.3045	1.1304	1.3019	0.3171	0.3126	0.3241	0.3421	1.5320	0.3621	1.4779	0.3512	1.2364	0.3361	1.1438	1.6813	1.2383	1.2663	0.3338
16:09:10	30.3	0.3028	1.7686	1.5218	1.7149	1.2696	1.4182	1.2530	0.2888	1.7496	1.1125	0.2892	0.2848	1.7628	1.4309	0.3051	1.5355	1.2715	0.3026	1.1814	0.2899	1.4817	0.2937	0.2780	1.0844	1.6996	0.2916	1.2482	0.2996	0.2965	0.2907	1.3337	0.2958	1.1019	1.5560	0.2946	1.3816	1.2787	0.2900	1.3760	0.2967	1.2706	0.2812	1.5632	0.2951	1.5105	0.3013	0.2912	1.8888	0.3284	1.2398	0.3031	1.1372	1.0409	0.2872	0.3106	1.1891	0.3028	1.3097	0.2901	1.0327	0.3213	0.3158	1.2555	0.2998	0.3231	0.3063	1.4596	1.1679	0.3216	1.2108	0.3110	1.0387	1.6727	1.3889	1.4833	0.3263	1.2093	0.3251	0.3044	1.1589	1.3265	0.3171	0.3126	0.3238	0.3422	1.5507	0.3621	1.4980	0.3512	1.2618	0.3357	1.1708	1.6880	1.2792	1.2933	0.3338
16:19:10	30.2	0.3026	1.7754	1.5535	1.7236	1.2891	1.4416	1.2771	0.2884	1.7519	1.1405	0.2891	0.2848	1.7650	1.4748	0.3050	1.5550	1.3033	0.3024	1.2038	0.2897	1.5112	0.2936	0.2778	1.1148	1.7041	0.2915	1.2731	0.2996	0.2965	0.2904	1.3620	0.2957	1.1395	1.5815	0.2945	1.4201	1.3050	0.2901	1.3927	0.2967	1.3161	0.2811	1.5747	0.2950	1.5311	0.3012	0.2912	1.8849	0.3283	1.2689	0.3032	1.1688	1.0896	0.2872	0.3106	1.2193	0.3026	1.3423	0.2906	1.0625	0.3210	0.3157	1.2810	0.2998	0.3231	0.3062	1.4784	1.1938	0.3192	1.2890	0.3108	1.0602	1.6835	1.4127	1.5043	0.3262	1.2452	0.3251	0.3044	1.1780	1.3477	0.3171	0.3125	0.3237	0.3421	1.5669	0.3620	1.5148	0.3511	1.2821	0.3357	1.1873	1.6999	1.3094	1.3424	0.3338
16:29:10	30.3	0.3027	1.7788	1.5627	1.7258	1.3173	1.4555	1.3021	0.2889	1.7537	1.1650	0.2892	0.2847	1.7741	1.4818	0.3051	1.5768	1.3298	0.3023	1.2365	0.2901	1.5355	0.2936	0.2778	1.1397	1.7089	0.2916	1.2986	0.2996	0.2965	0.2904	1.3803	0.2957	1.1670	1.5890	0.2946	1.4548	1.3271	0.2902	1.4119	0.2967	1.3486	0.2811	1.5884	0.2950	1.5578	0.3013	0.2912	1.8937	0.3283	1.2989	0.3032	1.2101	1.1177	0.2871	0.3107	1.2667	0.3026	1.3680	0.2906	1.0813	0.3211	0.3158	1.3109	0.2997	0.3231	0.3061	1.5005	1.2161	0.3223	1.2985	0.3108	1.1096	1.6985	1.4440	1.5287	0.3262	1.2767	0.3251	0.3044	1.2103	1.3749	0.3170	0.3124	0.3237	0.3422	1.5855	0.3620	1.5323	0.3512	1.3083	0.3357	1.2310	1.7019	1.3598	1.3836	0.3336
16:39:10	30.2	0.3027	1.7836	1.5754	1.7328	1.3355	1.4712	1.3316	0.2885	1.7572	1.1922	0.2892	0.2848	1.7761	1.5049	0.3051	1.6047	1.3589	0.3025	1.2560	0.2897	1.5604	0.2937	0.2779	1.1711	1.7125	0.2915	1.3140	0.2996	0.2966	0.2905	1.3977	0.2957	1.2102	1.5961	0.2948	1.4822	1.3537	0.2902	1.4296	0.2967	1.3665	0.2811	1.6043	0.2951	1.5825	0.3013	0.2913	1.8947	0.3283	1.3250	0.3032	1.2528	1.1570	0.2872	0.3106	1.2845	0.3027	1.3916	0.2900	1.1399	0.3211	0.3158	1.3409	0.2997	0.3231	0.3062	1.5285	1.2414	0.3120	1.3131	0.3109	1.1545	1.7067	1.4704	1.5661	0.3262	1.3059	0.3251	0.3045	1.2314	1.3957	0.3171	0.3126	0.3238	0.3421	1.6003	0.3620	1.5600	0.3512	1.3343	0.3358	1.2692	1.7100	1.3910	1.4203	0.3337
16:49:10	30.2	0.3027	1.7891	1.6009	1.7346	1.3546	1.4775	1.3511	0.2887	1.7599	1.2203	0.2892	0.2849	1.7808	1.5225	0.3051	1.5996	1.3849	0.3023	1.2832	0.2896	1.5869	0.2938	0.2778	1.1969	1.7183	0.2916	1.3386	0.2996	0.2965	0.2907	1.4263	0.2958	1.2384	1.6149	0.2946	1.5094	1.3784	0.2902	1.4440	0.2968	1.3838	0.2811	1.6219	0.2951	1.5892	0.3013	0.2913	1.8995	0.3282	1.3480	0.3033	1.2848	1.1717	0.2871	0.3106	1.3074	0.3027	1.4152	0.2903	1.1669	0.3211	0.3158	1.3421	0.2997	0.3231	0.3062	1.5481	1.2646	0.3240	1.3454	0.3110	1.1889	1.7189	1.4914	1.5916	0.3262	1.3354	0.3251	0.3044	1.2504	1.4213	0.3171	0.3125	0.3238	0.3421	1.6137	0.3621	1.5694	0.3511	1.3628	0.3357	1.3057	1.7144	1.4259	1.4529	0.3337
16:59:10	30.2	0.3027	1.7930	1.6119	1.7390	1.3752	1.4995	1.3691	0.2888	1.7615	1.2456	0.2893	0.2849	1.7844	1.5498	0.3051	1.6294	1.4059	0.3027	1.3104	0.2898	1.5927	0.2934	0.2779	1.2239	1.7202	0.2917	1.3608	0.2998	0.2966	0.2910	1.4572	0.2960	1.2709	1.6382	0.2947	1.5425	1.4062	0.2902	1.4590	0.2968	1.4161	0.2812	1.6416	0.2952	1.6114	0.3014	0.2912	1.9082	0.3284	1.3631	0.3033	1.3020	1.2077	0.2872	0.3108	1.3273	0.3028	1.4412	0.2901	1.1976	0.3211	0.3159	1.3581	0.2998	0.3231	0.3062	1.5709	1.3059	0.3248	1.3861	0.3110	1.2140	1.7251	1.5130	1.5992	0.3263	1.3637	0.3252	0.3045	1.2753	1.4412	0.3172	0.3127	0.3238	0.3422	1.6218	0.3622	1.5878	0.3513	1.3781	0.3358	1.3405	1.7219	1.4546	1.4819	0.3338
17:09:10	30.2	0.3027	1.7984	1.6167	1.7434	1.3973	1.5311	1.3811	0.2884	1.7675	1.2741	0.2893	0.2849	1.7902	1.5703	0.3051	1.6481	1.4227	0.3022	1.3371	0.2894	1.6150	0.2934	0.2777	1.2507	1.7259	0.2916	1.3797	0.2996	0.2966	0.2908	1.4795	0.2959	1.2973	1.6492	0.2946	1.5592	1.4265	0.2901	1.4713	0.2967	1.4397	0.2812	1.6590	0.2950	1.6273	0.3014	0.2913	1.9041	0.3283	1.3839	0.3032	1.3326	1.2217	0.2871	0.3107	1.3464	0.3028	1.4616	0.2900	1.2205	0.3210	0.3159	1.3814	0.2997	0.3230	0.3062	1.5853	1.3381	0.3171	1.3987	0.3109	1.2473	1.7384	1.5351	1.6007	0.3262	1.3910	0.3251	0.3044	1.3030	1.4607	0.3171	0.3125	0.3237	0.3421	1.6337	0.3621	1.6055	0.3512	1.4030	0.3356	1.3745	1.7283	1.4815	1.5032	0.3335
17:19:10	30.2	0.3027	1.8005	1.6322	1.7475	1.4158	1.5492	1.4033	0.2884	1.7696	1.2981	0.2892	0.2849	1.7914	1.5921	0.3052	1.6614	1.4448	0.3023	1.3678	0.2895	1.6315	0.2936	0.2779	1.2825	1.7328	0.2916	1.3957	0.2997	0.2966	0.2910	1.4998	0.2959	1.3267	1.6652	0.2947	1.5865	1.4423	0.2902	1.4844	0.2967	1.4525	0.2813	1.6736	0.2952	1.6408	0.3013	0.2914	1.9080	0.3284	1.4241	0.3033	1.3445	1.2575	0.2872	0.3106	1.3851	0.3029	1.4768	0.2904	1.2465	0.3211	0.3159	1.4016	0.2997	0.3231	0.3063	1.6007	1.3724	0.3186	1.4332	0.3110	1.2813	1.7489	1.5520	1.6149	0.3263	1.4142	0.3252	0.3045	1.3311	1.4786	0.3172	0.3126	0.3238	0.3421	1.6505	0.3621	1.6241	0.3512	1.4183	0.3357	1.3919	1.7358	1.5059	1.5352	0.3337
17:29:10	30.2	0.3028	1.8068	1.6498	1.7499	1.4259	1.5674	1.4203	0.2887	1.7736	1.3219	0.2892	0.2848	1.7932	1.6137	0.3051	1.6714	1.4654	0.3027	1.3965	0.2894	1.6580	0.2934	0.2779	1.3112	1.7417	0.2916	1.4180	0.2997	0.2967	0.2909	1.5276	0.2958	1.3719	1.6760	0.2945	1.5941	1.4582	0.2902	1.5001	0.2967	1.4738	0.2812	1.6807	0.2951	1.6503	0.3012	0.2914	1.9067	0.3285	1.4443	0.3033	1.3767	1.2900	0.2871	0.3106	1.4107	0.3029	1.4894	0.2902	1.2662	0.3210	0.3158	1.4181	0.2997	0.3232	0.3062	1.6194	1.3955	0.3222	1.4567	0.3110	1.3072	1.7617	1.5717	1.6330	0.3262	1.4352	0.3251	0.3045	1.3546	1.5030	0.3171	0.3126	0.3238	0.3422	1.6646	0.3621	1.6402	0.3513	1.4436	0.3357	1.4201	1.7403	1.5317	1.5590	0.3336
17:39:10	30.2	0.3028	1.8097	1.6709	1.7561	1.4410	1.5887	1.4540	0.2887	1.7760	1.3401	0.2893	0.2850	1.7965	1.6289	0.3051	1.6958	1.4874	0.3026	1.4158	0.2895	1.6633	0.2935	0.2780	1.3421	1.7453	0.2917	1.4645	0.2998	0.2966	0.2910	1.5379	0.2959	1.3892	1.6926	0.2947	1.6192	1.4696	0.2902	1.5266	0.2968	1.4920	0.2814	1.6920	0.2952	1.6720	0.3014	0.2913	1.9070	0.3284	1.4513	0.3033	1.3942	1.3170	0.2872	0.3107	1.4333	0.3031	1.4971	0.2905	1.2902	0.3210	0.3160	1.4422	0.2997	0.3231	0.3062	1.6332	1.4078	0.3182	1.4782	0.3110	1.3394	1.7714	1.5855	1.6434	0.3263	1.4633	0.3252	0.3046	1.3780	1.5304	0.3172	0.3126	0.3238	0.3423	1.6742	0.3623	1.6541	0.3513	1.4583	0.3357	1.4481	1.7470	1.5543	1.5797	0.3336
17:49:10	30.2	0.3026	1.8140	1.6914	1.7603	1.4522	1.6057	1.4829	0.2884	1.7797	1.3636	0.2892	0.2849	1.7970	1.6456	0.3052	1.7039	1.5028	0.3025	1.4341	0.2899	1.6804	0.2935	0.2778	1.3809	1.7466	0.2917	1.4508	0.2996	0.2965	0.2910	1.5593	0.2959	1.4231	1.7097	0.2947	1.6316	1.4816	0.2902	1.5610	0.2967	1.5147	0.2812	1.7052	0.2952	1.6846	0.3014	0.2913	1.9052	0.3284	1.4674	0.3033	1.4485	1.3394	0.2872	0.3107	1.4632	0.3029	1.5182	0.2903	1.3158	0.3211	0.3159	1.4743	0.2996	0.3231	0.3062	1.6462	1.4430	0.3176	1.4993	0.3110	1.3646	1.7810	1.5967	1.6617	0.3263	1.4862	0.3251	0.3045	1.4052	1.5813	0.3172	0.3126	0.3238	0.3423	1.6880	0.3621	1.6675	0.3512	1.4790	0.3356	1.4687	1.7540	1.5742	1.6022	0.3336
17:59:10	30.2	0.3026	1.8170	1.6991	1.7613	1.4668	1.6217	1.5110	0.2885	1.7836	1.3752	0.2891	0.2848	1.8030	1.6553	0.3051	1.7237	1.5229	0.3024	1.4618	0.2899	1.6822	0.2934	0.2779	1.4113	1.7512	0.2915	1.4661	0.2996	0.2965	0.2907	1.5701	0.2958	1.4411	1.7277	0.2945	1.6466	1.4935	0.2901	1.5809	0.2967	1.5392	0.2812	1.7153	0.2951	1.7005	0.3013	0.2913	1.8970	0.3283	1.4845	0.3032	1.4417	1.3705	0.2871	0.3105	1.4839	0.3026	1.5435	0.2902	1.3495	0.3209	0.3159	1.4821	0.2995	0.3230	0.3062	1.6639	1.4690	0.3231	1.5241	0.3109	1.4005	1.7880	1.6182	1.6744	0.3261	1.5080	0.3250	0.3043	1.4397	1.5773	0.3172	0.3124	0.3237	0.3421	1.6992	0.3621	1.6812	0.3511	1.4949	0.3355	1.4903	1.7596	1.5948	1.6216	0.3334
18:09:10	30.2	0.3026	1.8195	1.7157	1.7690	1.4846	1.6373	1.5331	0.2885	1.7880	1.4021	0.2892	0.2849	1.8030	1.6714	0.3052	1.7360	1.5442	0.3027	1.4762	0.2901	1.7124	0.2934	0.2779	1.4431	1.7506	0.2916	1.4843	0.3035	0.2966	0.2908	1.5915	0.2959	1.4606	1.7336	0.2948	1.6696	1.5070	0.2902	1.5884	0.2968	1.5606	0.2813	1.7270	0.2953	1.7126	0.3014	0.2914	1.8978	0.3284	1.5063	0.3034	1.4632	1.3987	0.2871	0.3107	1.5063	0.3031	1.5673	0.2906	1.3807	0.3209	0.3159	1.4976	0.2996	0.3231	0.3063	1.6792	1.4891	0.3238	1.5404	0.3110	1.4309	1.7998	1.6330	1.6895	0.3262	1.5319	0.3252	0.3044	1.4952	1.6041	0.3172	0.3125	0.3238	0.3422	1.7135	0.3621	1.6962	0.3512	1.5090	0.3355	1.5149	1.7647	1.6115	1.6398	0.3337
18:19:10	30.3	0.3025	1.8249	1.7228	1.7717	1.5108	1.6552	1.5534	0.2882	1.7897	1.4241	0.2892	0.2847	1.8115	1.6909	0.3050	1.7504	1.5653	0.3021	1.5014	0.2907	1.7253	0.2935	0.2778	1.4546	1.7588	0.2915	1.5053	0.2995	0.2964	0.2907	1.6001	0.2957	1.4811	1.7438	0.2946	1.6820	1.5292	0.2900	1.5928	0.2966	1.5820	0.2811	1.7422	0.2951	1.7324	0.3012	0.2912	1.8941	0.3284	1.5292	0.3031	1.4850	1.4134	0.2870	0.3105	1.5239	0.3027	1.5671	0.2904	1.4023	0.3207	0.3158	1.5151	0.2994	0.3230	0.3061	1.6957	1.5143	0.3233	1.5520	0.3108	1.4578	1.8089	1.6461	1.6922	0.3260	1.5445	0.3249	0.3044	1.5061	1.6208	0.3172	0.3125	0.3236	0.3420	1.7278	0.3620	1.7105	0.3511	1.5219	0.3354	1.5352	1.7683	1.6256	1.6597	0.3334
18:29:10	30.2	0.3026	1.8261	1.7317	1.7775	1.5360	1.6681	1.5743	0.2886	1.7962	1.4498	0.2891	0.2849	1.8133	1.7011	0.3050	1.7652	1.5903	0.3027	1.5160	0.2871	1.7313	0.2936	0.2780	1.4858	1.7612	0.2916	1.5291	0.2996	0.2967	0.2908	1.6201	0.2958	1.5085	1.7539	0.2947	1.6995	1.5393	0.2902	1.6058	0.2967	1.6040	0.2813	1.7500	0.2951	1.7414	0.3012	0.2913	1.8886	0.3284	1.5461	0.3032	1.4997	1.4323	0.2871	0.3107	1.5433	0.3027	1.5810	0.2902	1.4403	0.3210	0.3159	1.5328	0.2995	0.3230	0.3062	1.7075	1.5350	0.3262	1.5771	0.3109	1.4786	1.8142	1.6546	1.7003	0.3262	1.5692	0.3250	0.3044	1.5158	1.6185	0.3171	0.3126	0.3237	0.3422	1.7432	0.3621	1.7259	0.3512	1.5333	0.3355	1.5594	1.7724	1.6422	1.6769	0.3335
18:39:10	30.2	0.3028	1.8328	1.7465	1.7819	1.5541	1.6825	1.5924	0.2888	1.7974	1.4815	0.2892	0.2849	1.8215	1.7159	0.3051	1.7757	1.6049	0.3026	1.5387	0.2923	1.7423	0.2935	0.2779	1.5145	1.7677	0.2917	1.5453	0.2997	0.2966	0.2907	1.6248	0.2958	1.5212	1.7745	0.2946	1.7133	1.5588	0.2901	1.6031	0.2966	1.6168	0.2812	1.7628	0.2951	1.7576	0.3014	0.2912	1.8970	0.3284	1.5654	0.3032	1.5169	1.4532	0.2871	0.3105	1.5651	0.3025	1.5934	0.2901	1.4591	0.3209	0.3158	1.5513	0.2994	0.3231	0.3062	1.7266	1.5544	0.3232	1.5966	0.3109	1.5016	1.8244	1.6731	1.7069	0.3261	1.5884	0.3251	0.3044	1.5390	1.6203	0.3171	0.3126	0.3237	0.3422	1.7588	0.3622	1.7384	0.3512	1.5531	0.3355	1.5809	1.7773	1.6553	1.6954	0.3335
18:49:10	30.2	0.3025	1.8335	1.7618	1.7828	1.5737	1.6971	1.6084	0.2889	1.8026	1.5036	0.2892	0.2849	1.8183	1.7239	0.3051	1.7846	1.6178	0.3025	1.5491	0.2901	1.7515	0.2935	0.2778	1.5270	1.7683	0.2916	1.5617	0.2996	0.2966	0.2908	1.6444	0.2959	1.5448	1.7840	0.2946	1.7293	1.5734	0.2902	1.6158	0.2968	1.6377	0.2812	1.7710	0.2952	1.7678	0.3014	0.2913	1.8928	0.3284	1.5864	0.3033	1.5344	1.4784	0.2871	0.3107	1.5855	0.3026	1.6057	0.2902	1.4795	0.3210	0.3160	1.5698	0.2993	0.3231	0.3062	1.7371	1.5742	0.3186	1.6159	0.3110	1.5312	1.8312	1.6780	1.7174	0.3262	1.6082	0.3251	0.3044	1.5428	1.6497	0.3173	0.3125	0.3238	0.3422	1.7674	0.3621	1.7526	0.3512	1.5653	0.3355	1.5974	1.7791	1.6740	1.7110	0.3336
18:59:10	30.2	0.3026	1.8371	1.7691	1.7886	1.5881	1.7029	1.6226	0.2887	1.8031	1.5281	0.2892	0.2848	1.8249	1.7405	0.3052	1.7978	1.6446	0.3028	1.5650	0.2903	1.7648	0.2935	0.2779	1.5573	1.7662	0.2917	1.5857	0.2996	0.2966	0.2907	1.6537	0.2959	1.5644	1.7860	0.2947	1.7399	1.5872	0.2901	1.6301	0.2967	1.6555	0.2811	1.7799	0.2951	1.7785	0.3014	0.2913	1.8809	0.3284	1.5997	0.3032	1.5508	1.4931	0.2872	0.3107	1.6022	0.3027	1.6331	0.2905	1.4924	0.3208	0.3159	1.5839	0.2992	0.3231	0.3062	1.7494	1.5915	0.3199	1.6319	0.3109	1.5495	1.8416	1.6953	1.7256	0.3261	1.6245	0.3250	0.3044	1.5697	1.6590	0.3171	0.3126	0.3237	0.3422	1.7829	0.3621	1.7699	0.3512	1.5788	0.3355	1.6148	1.7816	1.6844	1.7266	0.3335
19:09:10	30.2	0.3026	1.8416	1.7775	1.7920	1.6072	1.7261	1.6248	0.2885	1.8053	1.5525	0.2892	0.2849	1.8286	1.7489	0.3052	1.8091	1.6607	0.3028	1.5770	0.2908	1.7798	0.2934	0.2779	1.5678	1.7695	0.2917	1.6015	0.2997	0.2964	0.2907	1.6600	0.2959	1.5735	1.8012	0.2948	1.7493	1.6074	0.2902	1.6419	0.2969	1.6718	0.2813	1.7908	0.2952	1.7901	0.3012	0.2914	1.8826	0.3285	1.6138	0.3033	1.5704	1.5039	0.2872	0.3106	1.6146	0.3028	1.6405	0.2902	1.5040	0.3209	0.3159	1.5972	0.2992	0.3231	0.3062	1.7603	1.6118	0.3149	1.6462	0.3110	1.5702	1.8464	1.7106	1.7317	0.3261	1.6375	0.3250	0.3045	1.5860	1.6671	0.3172	0.3125	0.3239	0.3422	1.7952	0.3622	1.7830	0.3512	1.6005	0.3355	1.6292	1.7861	1.7028	1.7380	0.3335
19:19:10	30.2	0.3026	1.8431	1.7904	1.7957	1.6250	1.7296	1.6513	0.2885	1.8107	1.5746	0.2892	0.2848	1.8314	1.7596	0.3051	1.8228	1.6663	0.3027	1.5910	0.2906	1.7873	0.2934	0.2779	1.6044	1.7788	0.2916	1.6092	0.2997	0.2966	0.2907	1.6743	0.2958	1.5703	1.8107	0.2946	1.7670	1.6178	0.2902	1.6550	0.2968	1.6881	0.2812	1.8000	0.2952	1.8014	0.3013	0.2913	1.8815	0.3285	1.6327	0.3033	1.5883	1.5209	0.2872	0.3106	1.6333	0.3030	1.6538	0.2903	1.5311	0.3209	0.3159	1.6109	0.2991	0.3231	0.3062	1.7700	1.6319	0.3227	1.6623	0.3110	1.5815	1.8581	1.7249	1.7469	0.3262	1.6537	0.3250	0.3044	1.6082	1.6843	0.3172	0.3125	0.3239	0.3422	1.8087	0.3622	1.7967	0.3513	1.6140	0.3354	1.6518	1.7883	1.7223	1.7547	0.3334
19:29:10	30.2	0.3026	1.8478	1.8012	1.8019	1.6412	1.7416	1.6703	0.2886	1.8146	1.5915	0.2891	0.2849	1.8341	1.7717	0.3052	1.8305	1.6705	0.3027	1.6192	0.2901	1.8082	0.2933	0.2779	1.6327	1.7761	0.2916	1.6404	0.2997	0.2965	0.2907	1.6838	0.2958	1.5989	1.8224	0.2947	1.7768	1.6359	0.2901	1.6629	0.2967	1.7035	0.2813	1.8107	0.2952	1.8093	0.3014	0.2914	1.8792	0.3285	1.6474	0.3033	1.6060	1.5464	0.2871	0.3106	1.6436	0.3030	1.6704	0.2903	1.5551	0.3207	0.3160	1.6283	0.2991	0.3231	0.3062	1.7866	1.6452	0.3157	1.6767	0.3110	1.6072	1.8651	1.7358	1.7553	0.3261	1.6723	0.3250	0.3044	1.6132	1.6948	0.3171	0.3126	0.3240	0.3422	1.8214	0.3621	1.8091	0.3512	1.6257	0.3354	1.6676	1.7927	1.7306	1.7709	0.3334
19:39:10	30.3	0.3026	1.8477	1.8108	1.8015	1.6607	1.7591	1.6820	0.2886	1.8170	1.6107	0.2892	0.2849	1.8369	1.7879	0.3053	1.8337	1.6963	0.3026	1.6290	0.2898	1.8122	0.2933	0.2780	1.6537	1.7890	0.2917	1.6560	0.2998	0.2966	0.2908	1.7016	0.2960	1.6106	1.8369	0.2947	1.7858	1.6548	0.2902	1.6749	0.2968	1.7168	0.2812	1.8200	0.2952	1.8209	0.3014	0.2914	1.8762	0.3285	1.6639	0.3033	1.6248	1.5637	0.2872	0.3107	1.6663	0.3030	1.6851	0.2902	1.5754	0.3207	0.3160	1.6439	0.2991	0.3231	0.3062	1.7942	1.6608	0.3199	1.6902	0.3110	1.6343	1.8721	1.7478	1.7635	0.3261	1.6916	0.3251	0.3045	1.6239	1.7061	0.3172	0.3126	0.3238	0.3422	1.8329	0.3622	1.8168	0.3512	1.6363	0.3354	1.6867	1.7970	1.7494	1.7812	0.3335
19:49:10	30.2	0.3025	1.8508	1.8155	1.8048	1.6659	1.7624	1.6994	0.2884	1.8211	1.6312	0.2891	0.2848	1.8369	1.7966	0.3051	1.8473	1.7074	0.3028	1.6444	0.2901	1.8187	0.2933	0.2778	1.6605	1.7890	0.2917	1.6693	0.2997	0.2966	0.2906	1.7167	0.2958	1.6309	1.8372	0.2945	1.8015	1.6682	0.2902	1.6813	0.2968	1.7321	0.2813	1.8273	0.2952	1.8337	0.3014	0.2915	1.8744	0.3285	1.6749	0.3034	1.6403	1.5852	0.2872	0.3106	1.6757	0.3030	1.6914	0.2904	1.5983	0.3207	0.3160	1.6608	0.2990	0.3231	0.3062	1.7997	1.6779	0.3224	1.7055	0.3110	1.6537	1.8808	1.7537	1.7710	0.3261	1.7071	0.3251	0.3044	1.6344	1.7155	0.3173	0.3125	0.3238	0.3423	1.8445	0.3622	1.8250	0.3513	1.6505	0.3354	1.7015	1.8006	1.7633	1.7948	0.3334
19:59:10	30.2	0.3025	1.8539	1.8167	1.8091	1.6740	1.7828	1.7182	0.2885	1.8244	1.6496	0.2891	0.2848	1.8393	1.8089	0.3052	1.8479	1.7283	0.3025	1.6552	0.2905	1.8273	0.2933	0.2780	1.6751	1.7969	0.2917	1.6849	0.2997	0.2966	0.2907	1.7262	0.2959	1.6421	1.8454	0.2946	1.8149	1.6807	0.2901	1.6936	0.2968	1.7398	0.2813	1.8389	0.2954	1.8397	0.3014	0.2917	1.8734	0.3285	1.6886	0.3033	1.6532	1.6038	0.2872	0.3106	1.6870	0.3030	1.7057	0.2903	1.6207	0.3207	0.3160	1.6745	0.2989	0.3232	0.3063	1.8168	1.6928	0.3220	1.7193	0.3110	1.6678	1.8875	1.7654	1.7792	0.3261	1.7222	0.3250	0.3044	1.6512	1.7250	0.3172	0.3126	0.3237	0.3422	1.8529	0.3622	1.8364	0.3513	1.6691	0.3354	1.7167	1.8045	1.7759	1.8063	0.3335
20:09:10	30.2	0.3026	1.8542	1.8249	1.8117	1.6907	1.7994	1.7183	0.2886	1.8282	1.6569	0.2892	0.2850	1.8412	1.8098	0.3052	1.8582	1.7402	0.3026	1.6624	0.2906	1.8570	0.2933	0.2780	1.6846	1.7896	0.2917	1.6943	0.2998	0.2966	0.2907	1.7347	0.2959	1.6667	1.8549	0.2948	1.8307	1.6940	0.2902	1.7063	0.2968	1.7582	0.2813	1.8464	0.2952	1.8533	0.3013	0.2914	1.8781	0.3286	1.7042	0.3033	1.6702	1.6252	0.2873	0.3106	1.7006	0.3030	1.7174	0.2903	1.6434	0.3207	0.3159	1.6876	0.2989	0.3232	0.3063	1.8283	1.7085	0.3277	1.7294	0.3110	1.6860	1.8917	1.7753	1.7854	0.3261	1.7345	0.3251	0.3045	1.6635	1.7398	0.3172	0.3126	0.3238	0.3423	1.8651	0.3622	1.8464	0.3513	1.6789	0.3354	1.7322	1.8063	1.7823	1.8152	0.3335
20:19:10	30.2	0.3026	1.8609	1.8332	1.8146	1.6951	1.7990	1.7525	0.2886	1.8306	1.6723	0.2892	0.2847	1.8469	1.8197	0.3052	1.8632	1.7477	0.3026	1.6776	0.2907	1.8663	0.2934	0.2779	1.7079	1.7994	0.2917	1.7106	0.2996	0.2966	0.2906	1.7447	0.2958	1.6658	1.8561	0.2946	1.8316	1.7064	0.2902	1.7177	0.2968	1.7689	0.2813	1.8470	0.2953	1.8546	0.3013	0.2914	1.8699	0.3285	1.7154	0.3033	1.6917	1.6370	0.2872	0.3106	1.7155	0.3029	1.7261	0.2902	1.6582	0.3208	0.3160	1.7040	0.2989	0.3232	0.3063	1.8384	1.7166	0.3192	1.7450	0.3110	1.7066	1.8971	1.7862	1.7994	0.3260	1.7476	0.3251	0.3044	1.6729	1.7443	0.3173	0.3125	0.3238	0.3422	1.8766	0.3622	1.8555	0.3512	1.6869	0.3354	1.7497	1.8112	1.7961	1.8294	0.3333
20:29:10	30.2	0.3024	1.8669	1.8397	1.8164	1.7222	1.8117	1.7600	0.2887	1.8350	1.6966	0.2891	0.2848	1.8471	1.8229	0.3052	1.8736	1.7652	0.3026	1.6939	0.2907	1.8645	0.2937	0.2780	1.7188	1.8049	0.2917	1.7289	0.2997	0.2966	0.2906	1.7538	0.2959	1.6746	1.8666	0.2945	1.8424	1.7168	0.2901	1.7290	0.2968	1.7779	0.2812	1.8526	0.2953	1.8634	0.3014	0.2913	1.8703	0.3285	1.7281	0.3032	1.7047	1.6513	0.2871	0.3107	1.7255	0.3029	1.7399	0.2904	1.6753	0.3206	0.3160	1.7191	0.2987	0.3231	0.3062	1.8541	1.7375	0.3240	1.7604	0.3109	1.7176	1.9034	1.7999	1.8078	0.3261	1.7637	0.3250	0.3044	1.6852	1.7568	0.3173	0.3125	0.3238	0.3422	1.8895	0.3622	1.8656	0.3512	1.7031	0.3353	1.7637	1.8146	1.8079	1.8410	0.3334
20:39:10	30.2	0.3024	1.8669	1.8547	1.8182	1.7308	1.8132	1.7617	0.2885	1.8361	1.7063	0.2892	0.2849	1.8519	1.8394	0.3052	1.8798	1.7718	0.3028	1.7002	0.2907	1.8763	0.2937	0.2780	1.7286	1.8076	0.2917	1.7382	0.2997	0.2966	0.2907	1.7599	0.2958	1.6885	1.8720	0.2947	1.8506	1.7292	0.2902	1.7395	0.2968	1.7909	0.2813	1.8616	0.2952	1.8691	0.3015	0.2914	1.8710	0.3285	1.7429	0.3034	1.7154	1.6677	0.2872	0.3106	1.7394	0.3029	1.7491	0.2903	1.6855	0.3207	0.3160	1.7314	0.2987	0.3231	0.3062	1.8538	1.7497	0.3200	1.7671	0.3110	1.7314	1.9084	1.8096	1.8142	0.3260	1.7793	0.3250	0.3045	1.6953	1.7658	0.3172	0.3126	0.3238	0.3422	1.8996	0.3622	1.8765	0.3512	1.7143	0.3354	1.7777	1.8174	1.8180	1.8513	0.3334
20:49:10	30.2	0.3024	1.8721	1.8560	1.8194	1.7461	1.8294	1.7810	0.2885	1.8424	1.7357	0.2891	0.2847	1.8491	1.8539	0.3051	1.8804	1.7872	0.3027	1.7134	0.2907	1.8793	0.2936	0.2779	1.7563	1.8167	0.2917	1.7525	0.2997	0.2966	0.2907	1.7709	0.2959	1.7031	1.8769	0.2947	1.8529	1.7415	0.2901	1.7507	0.2968	1.8037	0.2812	1.8641	0.2952	1.8665	0.3013	0.2914	1.8705	0.3286	1.7560	0.3032	1.7312	1.6821	0.2872	0.3106	1.7533	0.3028	1.7614	0.2906	1.7031	0.3208	0.3159	1.7456	0.2986	0.3231	0.3062	1.8652	1.7666	0.3255	1.7855	0.3110	1.7331	1.9093	1.8192	1.8235	0.3261	1.7932	0.3251	0.3044	1.7100	1.7808	0.3172	0.3125	0.3237	0.3423	1.9043	0.3622	1.8876	0.3512	1.7238	0.3353	1.7909	1.8211	1.8312	1.8595	0.3334
20:59:10	30.2	0.3024	1.8718	1.8772	1.8238	1.7405	1.8443	1.7988	0.2886	1.8488	1.7318	0.2893	0.2848	1.8561	1.8490	0.3052	1.8902	1.7837	0.3028	1.7261	0.2906	1.8856	0.2934	0.2780	1.7548	1.8123	0.2917	1.7543	0.2998	0.2966	0.2907	1.7778	0.2959	1.7231	1.8837	0.2946	1.8556	1.7540	0.2901	1.7582	0.2968	1.8097	0.2814	1.8841	0.2953	1.8815	0.3015	0.2916	1.8648	0.3286	1.7627	0.3033	1.7429	1.6955	0.2872	0.3106	1.7634	0.3027	1.7716	0.2902	1.7162	0.3206	0.3160	1.7555	0.2987	0.3231	0.3063	1.8714	1.7763	0.3295	1.7942	0.3110	1.7457	1.9165	1.8232	1.8326	0.3261	1.8020	0.3252	0.3045	1.7214	1.7905	0.3172	0.3126	0.3238	0.3422	1.9088	0.3623	1.8980	0.3512	1.7366	0.3354	1.8012	1.8238	1.8375	1.8753	0.3335
21:09:10	30.2	0.3024	1.8780	1.8784	1.8285	1.7718	1.8399	1.8107	0.2885	1.8539	1.7690	0.2892	0.2847	1.8598	1.8610	0.3052	1.8949	1.7964	0.3025	1.7326	0.2906	1.8854	0.2936	0.2780	1.7598	1.8169	0.2917	1.7811	0.2997	0.2966	0.2907	1.7838	0.2957	1.7170	1.8893	0.2946	1.8642	1.7673	0.2901	1.7698	0.2967	1.8195	0.2812	1.8828	0.2952	1.8834	0.3014	0.2914	1.8615	0.3285	1.7780	0.3033	1.7556	1.7094	0.2872	0.3106	1.7734	0.3027	1.7817	0.2904	1.7273	0.3206	0.3160	1.7664	0.2986	0.3231	0.3062	1.8785	1.7855	0.3237	1.8029	0.3110	1.7588	1.9197	1.8301	1.8380	0.3260	1.8149	0.3251	0.3043	1.7373	1.8016	0.3172	0.3126	0.3238	0.3422	1.9124	0.3622	1.9047	0.3512	1.7420	0.3354	1.8129	1.8270	1.8541	1.8889	0.3333
21:19:10	30.2	0.3026	1.8844	1.8821	1.8359	1.7749	1.8493	1.8166	0.2888	1.8558	1.7654	0.2892	0.2849	1.8674	1.8579	0.3052	1.9039	1.8152	0.3028	1.7447	0.2908	1.8978	0.2938	0.2779	1.7722	1.8233	0.2918	1.7824	0.2998	0.2966	0.2908	1.7993	0.2960	1.7445	1.8976	0.2946	1.8719	1.7769	0.2902	1.7779	0.2969	1.8331	0.2813	1.8847	0.2953	1.8836	0.3015	0.2913	1.8551	0.3286	1.7908	0.3033	1.7678	1.7239	0.2872	0.3106	1.7839	0.3027	1.7898	0.2901	1.7396	0.3206	0.3161	1.7785	0.2986	0.3234	0.3063	1.8862	1.8004	0.3256	1.8168	0.3110	1.7580	1.9242	1.8350	1.8469	0.3261	1.8256	0.3251	0.3045	1.7468	1.8103	0.3174	0.3125	0.3238	0.3423	1.9149	0.3623	1.9140	0.3512	1.7603	0.3354	1.8207	1.8308	1.8627	1.8962	0.3334
21:29:10	30.2	0.3027	1.8872	1.8813	1.8433	1.7861	1.8535	1.8271	0.2886	1.8552	1.7789	0.2892	0.2849	1.8680	1.8637	0.3052	1.9010	1.8202	0.3027	1.7543	0.2905	1.8999	0.2934	0.2778	1.7812	1.8221	0.2917	1.7958	0.2997	0.2966	0.2907	1.8062	0.2959	1.7501	1.8985	0.2946	1.8744	1.7877	0.2902	1.7870	0.2968	1.8456	0.2813	1.8841	0.2954	1.8910	0.3013	0.2914	1.8502	0.3284	1.7975	0.3033	1.7774	1.7334	0.2872	0.3106	1.7935	0.3026	1.8015	0.2903	1.7438	0.3205	0.3159	1.7911	0.2985	0.3232	0.3062	1.8927	1.8104	0.3210	1.8286	0.3110	1.7661	1.9322	1.8493	1.8550	0.3259	1.8362	0.3251	0.3045	1.7612	1.8215	0.3173	0.3125	0.3238	0.3422	1.9213	0.3622	1.9171	0.3512	1.7675	0.3354	1.8327	1.8339	1.8703	1.9022	0.3332
21:39:10	30.2	0.3024	1.8860	1.8841	1.8410	1.8008	1.8806	1.8266	0.2885	1.8517	1.7808	0.2892	0.2847	1.8763	1.8721	0.3051	1.9161	1.8321	0.3028	1.7610	0.2908	1.9064	0.2934	0.2779	1.8157	1.8331	0.2917	1.8047	0.2997	0.2966	0.2907	1.8105	0.2959	1.7570	1.9086	0.2947	1.8780	1.7964	0.2902	1.8001	0.2968	1.8525	0.2814	1.9025	0.2953	1.8959	0.3014	0.2914	1.8537	0.3286	1.8125	0.3033	1.7880	1.7493	0.2871	0.3105	1.8074	0.3026	1.8081	0.2905	1.7574	0.3204	0.3160	1.7954	0.2985	0.3231	0.3062	1.8971	1.8153	0.3184	1.8370	0.3109	1.7734	1.9344	1.8524	1.8619	0.3261	1.8467	0.3250	0.3044	1.7732	1.8298	0.3173	0.3125	0.3237	0.3422	1.9244	0.3623	1.9218	0.3511	1.7765	0.3353	1.8481	1.8361	1.8808	1.9059	0.3332
21:49:10	30.2	0.3024	1.8905	1.8911	1.8501	1.8104	1.8694	1.8349	0.2885	1.8609	1.8101	0.2893	0.2848	1.8837	1.8760	0.3053	1.9175	1.8421	0.3027	1.7745	0.2908	1.9015	0.2935	0.2780	1.8342	1.8405	0.2918	1.8131	0.2997	0.2967	0.2908	1.8191	0.2960	1.7693	1.9110	0.2947	1.8846	1.8048	0.2902	1.8053	0.2969	1.8569	0.2813	1.9004	0.2953	1.9007	0.3014	0.2915	1.8418	0.3286	1.8255	0.3034	1.8042	1.7625	0.2873	0.3106	1.8184	0.3027	1.8191	0.2901	1.7682	0.3205	0.3160	1.8085	0.2986	0.3232	0.3063	1.8964	1.8279	0.3215	1.8482	0.3110	1.7773	1.9414	1.8634	1.8700	0.3261	1.8600	0.3251	0.3044	1.7844	1.8420	0.3173	0.3126	0.3238	0.3422	1.9294	0.3623	1.9268	0.3513	1.7843	0.3354	1.8572	1.8395	1.8851	1.9119	0.3332
21:59:10	30.2	0.3024	1.8880	1.9002	1.8452	1.8081	1.8824	1.8527	0.2886	1.8716	1.8218	0.2892	0.2847	1.8828	1.8819	0.3051	1.9152	1.8511	0.3028	1.7800	0.2907	1.9152	0.2932	0.2780	1.8199	1.8467	0.2917	1.8213	0.2997	0.2966	0.2908	1.8201	0.2959	1.7785	1.9196	0.2946	1.8901	1.8145	0.2902	1.8158	0.2968	1.8627	0.2813	1.9058	0.2953	1.9073	0.3013	0.2914	1.8412	0.3285	1.8328	0.3033	1.8112	1.7719	0.2872	0.3106	1.8281	0.3028	1.8317	0.2901	1.7757	0.3204	0.3160	1.8124	0.2985	0.3231	0.3062	1.9055	1.8414	0.3241	1.8573	0.3110	1.7899	1.9379	1.8731	1.8769	0.3260	1.8675	0.3250	0.3045	1.7952	1.8479	0.3173	0.3125	0.3237	0.3423	1.9352	0.3623	1.9331	0.3513	1.7964	0.3353	1.8631	1.8421	1.8870	1.9222	0.3333
22:09:10	30.2	0.3025	1.8868	1.9049	1.8431	1.8223	1.8830	1.8604	0.2888	1.8867	1.8241	0.2893	0.2849	1.8814	1.8865	0.3053	1.9234	1.8558	0.3028	1.7900	0.2908	1.9194	0.2935	0.2780	1.8264	1.8454	0.2919	1.8365	0.2998	0.2968	0.2910	1.8307	0.2961	1.7897	1.9191	0.2948	1.8990	1.8248	0.2903	1.8264	0.2970	1.8653	0.2814	1.9092	0.2955	1.9180	0.3017	0.2915	1.8404	0.3287	1.8431	0.3035	1.8215	1.7865	0.2873	0.3107	1.8341	0.3028	1.8478	0.2906	1.7805	0.3209	0.3161	1.8306	0.2986	0.3232	0.3064	1.9079	1.8499	0.3273	1.8630	0.3111	1.7904	1.9417	1.8813	1.8830	0.3262	1.8731	0.3252	0.3046	1.8066	1.8567	0.3174	0.3127	0.3239	0.3424	1.9402	0.3624	1.9355	0.3513	1.8114	0.3354	1.8756	1.8451	1.8921	1.9232	0.3333

