

Software Version	3.14.03



Experiment File Path:	C:\Users\Public\Documents\Experiments\Hermina\serial_passage\8July24\day1--8July24.xpt
Protocol File Path:	C:\Users\Public\Documents\Protocols\rough_growth_curve.prt



Plate Number	Plate 1
Date	08/07/2024
Time	11:59:28
Reader Type:	Epoch 2
Reader Serial Number:	23053024
Reading Type	Reader

Procedure Details

Plate Type	96 WELL PLATE (Use plate lid)
Well Selection	Runtime
Eject plate on completion	
Set Temperature	Setpoint 30°C, Gradient 1 °C
	Preheat before moving to next step
Read	OD 600
	Absorbance Endpoint
	Full Plate
	Wavelengths:  600
	Read Speed: Normal,  Delay: 100 msec,  Measurements/Data Point: 8
Start Kinetic	Runtime 24:00:00 (HH:MM:SS), Interval 0:10:00, 145 Reads
    Shake	Double Orbital: Continuous
	Frequency: 205 cpm (5 mm)
    Read	Absorbance Endpoint
	Full Plate
	Wavelengths:  600
	Read Speed: Normal,  Delay: 100 msec,  Measurements/Data Point: 8
End Kinetic	

OD 600:600

0:09:16	30.1	0.2831	0.3428	0.6944	0.3324	0.4431	0.5058	0.9037	0.6119	0.3223	0.3820	0.2698	0.2736	0.3343	1.2390	0.3508	1.2285	0.4097	0.2692	0.3204	0.5338	0.5669	0.2681	0.2781	0.4006	0.3138	0.3799	0.5493	0.3802	0.3235	0.2682	0.3287	0.6142	0.3128	0.4299	0.2667	0.4525	0.6655	0.3364	0.5060	0.3388	0.4221	0.2621	0.7655	0.3927	0.8457	0.3215	0.2576	0.3162	0.3276	1.1489	0.3101	1.0977	0.3774	0.2720	0.3149	0.2605	0.3223	0.4655	0.2723	0.4026	0.3106	0.3286	0.5098	0.3308	0.2643	0.2607	0.8771	0.2592	0.3127	0.3805	0.2516	0.4430	0.7571	0.3071	0.3938	0.3178	0.5674	0.2551	0.3264	0.2500	0.7897	0.3078	0.2640	0.3377	0.2707	0.8218	0.2570	0.6908	0.3341	0.3351	0.3224	0.2879	0.3356	0.4192	1.0641	0.2817
0:19:16	30.1	0.2833	0.3490	0.6994	0.3441	0.4594	0.5291	0.8718	0.6522	0.3285	0.3936	0.2697	0.2738	0.3359	1.2795	0.3477	1.2311	0.4268	0.2691	0.3250	0.5435	0.5661	0.2680	0.2782	0.3926	0.3196	0.3762	0.5292	0.3790	0.3253	0.2681	0.3343	0.6450	0.3234	0.4484	0.2669	0.4373	0.6469	0.3442	0.4887	0.3431	0.4716	0.2620	0.7687	0.4331	0.8916	0.3253	0.2576	0.3189	0.3317	1.1505	0.3129	1.0969	0.3969	0.2719	0.3282	0.2604	0.3241	0.4743	0.2722	0.4022	0.3110	0.3323	0.5292	0.3329	0.2650	0.2605	0.8645	0.2586	0.3155	0.3935	0.2517	0.4415	0.7755	0.3105	0.3978	0.3226	0.5630	0.2550	0.3282	0.2500	0.7145	0.3110	0.2640	0.3404	0.2708	0.8076	0.2570	0.6885	0.3369	0.3385	0.3265	0.2879	0.3396	0.4430	1.0670	0.2814
0:29:16	30.1	0.2834	0.3722	0.7412	0.3545	0.5015	0.5888	0.9046	0.6774	0.3340	0.4192	0.2697	0.2738	0.3430	1.3022	0.3451	1.2614	0.4875	0.2689	0.3302	0.5828	0.5886	0.2679	0.2780	0.3972	0.3255	0.3696	0.5575	0.3762	0.3300	0.2681	0.3420	0.6326	0.3413	0.5717	0.2669	0.4356	0.6987	0.3549	0.5418	0.3524	0.5295	0.2621	0.7827	0.4809	0.9009	0.3303	0.2576	0.3228	0.3402	1.2049	0.3125	1.1220	0.4275	0.2717	0.3487	0.2604	0.3265	0.4821	0.2721	0.4295	0.3150	0.3308	0.5595	0.3334	0.2646	0.2606	0.8868	0.2608	0.3186	0.4502	0.2516	0.4591	0.8039	0.3189	0.4107	0.3297	0.6214	0.2549	0.3292	0.2500	0.7387	0.3152	0.2639	0.3420	0.2704	0.8216	0.2568	0.7057	0.3399	0.3518	0.3297	0.2880	0.3445	0.4986	1.0988	0.2813
0:39:16	30.2	0.2834	0.3926	0.7848	0.3871	0.5204	0.6261	0.8853	0.6566	0.3428	0.4992	0.2697	0.2737	0.3471	1.3208	0.3455	1.2947	0.5276	0.2689	0.3360	0.5664	0.6232	0.2677	0.2779	0.4260	0.3275	0.3653	0.6010	0.3756	0.3332	0.2680	0.3491	0.6590	0.3571	0.5939	0.2669	0.5194	0.7454	0.3572	0.5673	0.3594	0.5512	0.2619	0.7959	0.5231	0.9534	0.3340	0.2575	0.3284	0.3437	1.2277	0.3133	1.1518	0.4807	0.2715	0.3807	0.2603	0.3290	0.5211	0.2718	0.4698	0.3167	0.3314	0.5950	0.3349	0.2640	0.2606	0.9046	0.2595	0.3211	0.5045	0.2516	0.4816	0.8307	0.3216	0.4305	0.3339	0.6537	0.2547	0.3252	0.2498	0.7619	0.3197	0.2639	0.3453	0.2704	0.8529	0.2568	0.7263	0.3423	0.3605	0.3331	0.2880	0.3491	0.5292	1.1403	0.2813
0:49:16	30.2	0.2835	0.4353	0.7983	0.4382	0.5500	0.6138	0.9002	0.6605	0.3499	0.5328	0.2695	0.2736	0.3500	1.3270	0.3470	1.3025	0.5305	0.2689	0.3445	0.5709	0.6115	0.2677	0.2778	0.4649	0.3315	0.3625	0.6298	0.3744	0.3386	0.2680	0.3595	0.6524	0.3776	0.5973	0.2668	0.4891	0.7524	0.3668	0.6100	0.3621	0.5485	0.2617	0.8173	0.5561	0.9688	0.3366	0.2577	0.3314	0.3459	1.2486	0.3164	1.1762	0.4888	0.2714	0.4138	0.2602	0.3300	0.5334	0.2717	0.5061	0.3162	0.3325	0.6125	0.3393	0.2645	0.2605	0.9091	0.2604	0.3235	0.5117	0.2515	0.5132	0.8632	0.3301	0.4563	0.3425	0.6740	0.2545	0.3210	0.2497	0.7665	0.3240	0.2636	0.3472	0.2704	0.8734	0.2568	0.7496	0.3431	0.3726	0.3415	0.2878	0.3556	0.5286	1.1711	0.2811
0:59:16	30.2	0.2836	0.4687	0.8266	0.4364	0.5547	0.6383	0.9022	0.6599	0.3593	0.5385	0.2696	0.2740	0.3615	1.3475	0.3511	1.3109	0.5618	0.2689	0.3588	0.5906	0.6059	0.2676	0.2779	0.4781	0.3415	0.3615	0.6297	0.3758	0.3456	0.2681	0.3734	0.6676	0.4004	0.5890	0.2670	0.5198	0.7539	0.3744	0.6303	0.3705	0.5652	0.2619	0.8150	0.5480	0.9707	0.3390	0.2574	0.3370	0.3492	1.2578	0.3233	1.1937	0.5059	0.2716	0.4480	0.2604	0.3315	0.5381	0.2718	0.5269	0.3174	0.3421	0.6361	0.3472	0.2659	0.2603	0.9282	0.2580	0.3268	0.5218	0.2516	0.5508	0.8903	0.3416	0.4831	0.3598	0.7193	0.2547	0.3208	0.2498	0.8000	0.3297	0.2637	0.3497	0.2705	0.8975	0.2567	0.7656	0.3453	0.3878	0.3439	0.2880	0.3624	0.5362	1.1962	0.2811
1:09:16	30.2	0.2836	0.4859	0.8475	0.4764	0.5743	0.6585	0.9159	0.6673	0.3710	0.5246	0.2694	0.2735	0.3725	1.3693	0.3550	1.3284	0.5755	0.2688	0.3838	0.6054	0.6135	0.2677	0.2777	0.4984	0.3485	0.3637	0.6320	0.3771	0.3535	0.2681	0.3914	0.6598	0.4243	0.6062	0.2668	0.5509	0.7557	0.3882	0.6447	0.3789	0.5723	0.2618	0.8144	0.5514	1.0003	0.3426	0.2576	0.3432	0.3545	1.2649	0.3307	1.2293	0.5282	0.2714	0.4701	0.2604	0.3327	0.5260	0.2717	0.5500	0.3184	0.3514	0.6730	0.3581	0.2654	0.2602	0.9343	0.2587	0.3328	0.5286	0.2515	0.5630	0.9315	0.3644	0.5096	0.3819	0.7722	0.2545	0.3222	0.2498	0.8189	0.3376	0.2637	0.3525	0.2703	0.9232	0.2566	0.7852	0.3480	0.4372	0.3457	0.2882	0.3738	0.5750	1.2154	0.2810
1:19:16	30.2	0.2836	0.5095	0.8811	0.5078	0.6219	0.6632	0.9267	0.6952	0.3870	0.5303	0.2696	0.2735	0.3900	1.3867	0.3609	1.3451	0.5903	0.2690	0.4159	0.6170	0.6243	0.2675	0.2777	0.5099	0.3626	0.3682	0.6431	0.3788	0.3637	0.2682	0.4128	0.6808	0.4577	0.6123	0.2669	0.5619	0.8029	0.4031	0.6691	0.3914	0.5871	0.2619	0.8293	0.5537	1.0289	0.3476	0.2575	0.3530	0.3637	1.2866	0.3392	1.2332	0.5374	0.2716	0.4919	0.2604	0.3358	0.5367	0.2717	0.5569	0.3194	0.3922	0.6941	0.3931	0.2645	0.2603	0.9526	0.2596	0.3375	0.5444	0.2517	0.5772	0.9535	0.4039	0.5326	0.4114	0.7873	0.2547	0.3247	0.2498	0.8154	0.3467	0.2637	0.3572	0.2704	0.9452	0.2567	0.8019	0.3525	0.4917	0.3545	0.2889	0.3798	0.5743	1.2382	0.2809
1:29:16	30.2	0.2834	0.5393	0.8939	0.5332	0.6515	0.6759	0.9523	0.7355	0.4139	0.5417	0.2694	0.2736	0.4050	1.3981	0.3672	1.3525	0.6026	0.2689	0.4591	0.6130	0.6414	0.2674	0.2775	0.5160	0.3919	0.3737	0.6751	0.3816	0.3729	0.2680	0.4463	0.7047	0.4906	0.6507	0.2668	0.5782	0.8274	0.4242	0.6818	0.4036	0.6067	0.2617	0.8505	0.5586	1.0606	0.3536	0.2572	0.3662	0.3719	1.2996	0.3470	1.2473	0.5533	0.2715	0.5000	0.2603	0.3393	0.5612	0.2715	0.5857	0.3221	0.4431	0.7146	0.4278	0.2640	0.2602	0.9804	0.2599	0.3448	0.5688	0.2514	0.5837	0.9726	0.4390	0.5444	0.4412	0.8168	0.2546	0.3280	0.2496	0.8427	0.3632	0.2637	0.3624	0.2702	0.9688	0.2565	0.8253	0.3584	0.5251	0.3598	0.2894	0.4074	0.5930	1.2620	0.2809
1:39:16	30.2	0.2836	0.5794	0.9180	0.5535	0.6399	0.6840	0.9565	0.7553	0.4462	0.5623	0.2693	0.2735	0.4391	1.3909	0.3757	1.3579	0.6171	0.2689	0.4692	0.6149	0.6538	0.2675	0.2775	0.5354	0.4392	0.3800	0.6965	0.3849	0.3873	0.2681	0.4962	0.7176	0.5091	0.6709	0.2668	0.5917	0.8444	0.4371	0.7079	0.4237	0.6260	0.2617	0.8658	0.5733	1.0849	0.3627	0.2573	0.3819	0.3898	1.3134	0.3777	1.2559	0.5770	0.2715	0.5167	0.2604	0.3448	0.5706	0.2715	0.5842	0.3246	0.4653	0.7320	0.4475	0.2660	0.2602	1.0076	0.2609	0.3555	0.5721	0.2515	0.5927	1.0060	0.4691	0.5641	0.4653	0.8288	0.2547	0.3328	0.2496	0.8583	0.3867	0.2637	0.3685	0.2704	0.9952	0.2565	0.8358	0.3654	0.5463	0.3706	0.2896	0.4392	0.6110	1.2852	0.2808
1:49:16	30.2	0.2836	0.6117	0.9302	0.5824	0.6598	0.6952	0.9750	0.7809	0.4870	0.5662	0.2693	0.2733	0.4844	1.4153	0.3843	1.3722	0.6413	0.2687	0.4980	0.6420	0.6656	0.2676	0.2776	0.5597	0.4588	0.3888	0.7026	0.3919	0.4156	0.2680	0.5294	0.7370	0.5423	0.7026	0.2667	0.6057	0.8739	0.4736	0.7272	0.4447	0.6506	0.2617	0.8767	0.5906	1.1044	0.3718	0.2575	0.4074	0.4073	1.3289	0.4080	1.2628	0.6000	0.2713	0.5432	0.2603	0.3522	0.6029	0.2714	0.6002	0.3277	0.4882	0.7486	0.4664	0.2656	0.2602	1.0310	0.2605	0.3659	0.5988	0.2517	0.5911	1.0282	0.4896	0.5933	0.4840	0.8540	0.2547	0.3391	0.2497	0.8771	0.4102	0.2637	0.3752	0.2703	1.0247	0.2563	0.8571	0.3750	0.5726	0.3814	0.2897	0.4689	0.6234	1.3029	0.2806
1:59:16	30.2	0.2837	0.6522	0.9446	0.6335	0.6824	0.7156	0.9862	0.8050	0.5163	0.5889	0.2694	0.2736	0.4927	1.4328	0.3945	1.3803	0.6549	0.2689	0.5348	0.6523	0.6869	0.2676	0.2775	0.5762	0.4805	0.3991	0.7166	0.3988	0.4509	0.2680	0.5499	0.7570	0.5662	0.7303	0.2668	0.6134	0.9105	0.5040	0.7392	0.4708	0.6767	0.2619	0.8893	0.6199	1.1266	0.3829	0.2577	0.4387	0.4330	1.3429	0.4441	1.2724	0.6082	0.2715	0.5723	0.2605	0.3603	0.6434	0.2715	0.6062	0.3286	0.5020	0.7499	0.4813	0.2647	0.2603	1.0590	0.2603	0.3812	0.6067	0.2517	0.6011	1.0577	0.5121	0.6152	0.5045	0.8647	0.2546	0.3471	0.2498	0.8969	0.4278	0.2637	0.3848	0.2702	1.0507	0.2565	0.8778	0.3860	0.6146	0.3933	0.2900	0.4941	0.6334	1.3199	0.2807
2:09:16	30.2	0.2836	0.6899	0.9648	0.6673	0.7046	0.7397	1.0126	0.8180	0.5309	0.5809	0.2694	0.2736	0.5447	1.4372	0.4102	1.3918	0.6751	0.2689	0.5585	0.6651	0.7034	0.2674	0.2776	0.5900	0.5468	0.4081	0.7432	0.4094	0.4974	0.2682	0.5713	0.7849	0.5960	0.7402	0.2668	0.6221	0.9391	0.5302	0.7613	0.5095	0.6954	0.2618	0.9220	0.6469	1.1477	0.3954	0.2573	0.4642	0.4600	1.3516	0.4709	1.2892	0.6266	0.2716	0.6155	0.2605	0.3717	0.6261	0.2715	0.6176	0.3451	0.5299	0.7644	0.5071	0.2638	0.2603	1.0877	0.2613	0.4016	0.6342	0.2517	0.6177	1.0873	0.5465	0.6382	0.5426	0.8564	0.2547	0.3595	0.2497	0.9032	0.4546	0.2638	0.4009	0.2703	1.0699	0.2565	0.9040	0.3964	0.6707	0.4047	0.2901	0.5217	0.6638	1.3365	0.2807
2:19:16	30.2	0.2835	0.7289	0.9770	0.6658	0.7262	0.7497	1.0271	0.8345	0.5655	0.6263	0.2692	0.2735	0.5610	1.4424	0.4304	1.3982	0.6883	0.2687	0.5829	0.6643	0.7030	0.2676	0.2773	0.6105	0.5532	0.4248	0.7416	0.4213	0.5241	0.2682	0.5964	0.7978	0.6205	0.7645	0.2668	0.6419	0.9647	0.5693	0.7817	0.5449	0.7070	0.2618	0.9340	0.6636	1.1673	0.4092	0.2572	0.4961	0.4941	1.3654	0.4985	1.3020	0.6493	0.2713	0.6572	0.2605	0.3860	0.6483	0.2713	0.6373	0.3610	0.5513	0.7845	0.5257	0.2637	0.2599	1.1052	0.2588	0.4241	0.6335	0.2514	0.6214	1.1043	0.5749	0.6492	0.5695	0.8773	0.2547	0.3641	0.2497	0.9423	0.4677	0.2636	0.4127	0.2703	1.1006	0.2565	0.9229	0.4106	0.7281	0.4233	0.2902	0.5390	0.6683	1.3494	0.2807
2:29:16	30.2	0.2838	0.7625	0.9936	0.7138	0.7622	0.7654	1.0581	0.8610	0.5856	0.6413	0.2694	0.2737	0.5839	1.4592	0.4471	1.4072	0.7170	0.2689	0.6176	0.6879	0.7214	0.2676	0.2774	0.6268	0.5683	0.4417	0.7698	0.4345	0.5405	0.2682	0.6156	0.8284	0.6481	0.7905	0.2669	0.6543	0.9994	0.6083	0.8094	0.5855	0.7265	0.2619	0.9536	0.7020	1.1858	0.4277	0.2572	0.5126	0.5321	1.3784	0.5128	1.3156	0.6651	0.2716	0.6984	0.2605	0.4062	0.6641	0.2715	0.6288	0.3796	0.5755	0.8018	0.5571	0.2664	0.2598	1.1304	0.2569	0.4475	0.6653	0.2518	0.6421	1.1303	0.6233	0.6698	0.6101	0.8964	0.2548	0.3776	0.2496	0.9548	0.4859	0.2637	0.4318	0.2703	1.1177	0.2564	0.9411	0.4286	0.7796	0.4404	0.2904	0.5942	0.6885	1.3637	0.2806
2:39:16	30.2	0.2838	0.8098	1.0265	0.7766	0.7977	0.7903	1.0928	0.8824	0.6156	0.6475	0.2694	0.2736	0.6195	1.4714	0.4615	1.4200	0.7329	0.2688	0.6536	0.7230	0.7466	0.2676	0.2774	0.6380	0.6007	0.4557	0.8040	0.4518	0.5560	0.2682	0.6505	0.8629	0.6747	0.8158	0.2668	0.6617	1.0235	0.6517	0.8363	0.6231	0.7570	0.2620	0.9829	0.7283	1.2064	0.4448	0.2574	0.5275	0.5712	1.3910	0.5246	1.3290	0.6861	0.2713	0.7425	0.2605	0.4214	0.7022	0.2713	0.6590	0.4018	0.5918	0.8255	0.5904	0.2658	0.2600	1.1600	0.2581	0.4764	0.6966	0.2517	0.6592	1.1567	0.6804	0.7067	0.6580	0.9150	0.2548	0.3977	0.2496	0.9683	0.5067	0.2637	0.4511	0.2704	1.1399	0.2564	0.9638	0.4461	0.8393	0.4688	0.2904	0.6220	0.7207	1.3782	0.2807
2:49:16	30.2	0.2836	0.8433	1.0447	0.8138	0.8443	0.8146	1.1175	0.9087	0.6411	0.6581	0.2693	0.2737	0.6585	1.4790	0.4723	1.4262	0.7589	0.2687	0.6979	0.7565	0.7609	0.2676	0.2774	0.6414	0.6164	0.4695	0.8351	0.4646	0.5777	0.2682	0.6652	0.9007	0.6906	0.8401	0.2669	0.6762	1.0535	0.6945	0.8704	0.6608	0.7835	0.2620	1.0064	0.7335	1.2223	0.4566	0.2574	0.5443	0.6161	1.4024	0.5564	1.3436	0.7138	0.2713	0.7864	0.2606	0.4366	0.7102	0.2714	0.6752	0.4228	0.6275	0.8444	0.6314	0.2640	0.2601	1.1819	0.2591	0.5115	0.7069	0.2517	0.6604	1.1978	0.7389	0.7412	0.7077	0.9161	0.2547	0.4057	0.2495	1.0073	0.5273	0.2638	0.4674	0.2703	1.1731	0.2565	0.9879	0.4619	0.9105	0.4933	0.2905	0.6414	0.7547	1.3957	0.2806
2:59:16	30.2	0.2839	0.8894	1.0635	0.8479	0.8782	0.8313	1.1331	0.9308	0.6488	0.6874	0.2694	0.2738	0.7031	1.4870	0.4887	1.4349	0.7855	0.2687	0.7365	0.7825	0.7848	0.2676	0.2775	0.6672	0.6486	0.4915	0.8609	0.4774	0.6043	0.2684	0.7027	0.9280	0.6988	0.8653	0.2669	0.6831	1.0767	0.7249	0.9014	0.7009	0.8075	0.2620	1.0313	0.7685	1.2420	0.4709	0.2577	0.5723	0.6477	1.4158	0.5907	1.3547	0.7407	0.2716	0.8369	0.2607	0.4523	0.7370	0.2716	0.7074	0.4494	0.6676	0.8713	0.6788	0.2638	0.2602	1.2052	0.2608	0.5430	0.7323	0.2517	0.6825	1.2117	0.7983	0.7665	0.7618	0.9398	0.2548	0.4153	0.2496	1.0345	0.5517	0.2639	0.4811	0.2705	1.1908	0.2565	1.0214	0.4759	0.9842	0.5524	0.2907	0.6965	0.7784	1.4113	0.2807
3:09:16	30.2	0.2838	0.9473	1.0825	0.8939	0.9177	0.8510	1.1497	0.9512	0.6698	0.7170	0.2692	0.2736	0.7300	1.4955	0.5012	1.4448	0.8118	0.2689	0.7876	0.8058	0.7971	0.2677	0.2774	0.6895	0.6793	0.5083	0.8855	0.4924	0.6380	0.2683	0.7472	0.9568	0.7120	0.8929	0.2668	0.7103	1.1066	0.7618	0.9358	0.7405	0.8441	0.2619	1.0604	0.8158	1.2586	0.4838	0.2574	0.5817	0.6903	1.4304	0.6301	1.3672	0.7730	0.2717	0.8988	0.2605	0.4682	0.7858	0.2712	0.7355	0.4728	0.7024	0.9051	0.7260	0.2639	0.2600	1.2280	0.2606	0.5767	0.7586	0.2517	0.7020	1.2377	0.8583	0.8003	0.8168	0.9739	0.2547	0.4313	0.2495	1.0594	0.5635	0.2637	0.4982	0.2703	1.2193	0.2564	1.0508	0.4904	1.0513	0.5530	0.2907	0.7259	0.8062	1.4225	0.2805
3:19:16	30.2	0.2838	1.0078	1.1152	0.9466	0.9306	0.8820	1.1952	0.9716	0.6952	0.7114	0.2693	0.2736	0.7757	1.5054	0.5119	1.4547	0.8342	0.2687	0.8484	0.8347	0.8104	0.2676	0.2772	0.6988	0.7149	0.5211	0.9056	0.5053	0.6832	0.2682	0.7729	0.9755	0.7254	0.9196	0.2669	0.7343	1.1275	0.8098	0.9601	0.7787	0.8755	0.2620	1.0789	0.8344	1.2727	0.4969	0.2573	0.5936	0.7337	1.4404	0.6739	1.3849	0.7947	0.2714	0.9394	0.2605	0.4825	0.8143	0.2714	0.7522	0.4922	0.7385	0.9152	0.7848	0.2647	0.2600	1.2555	0.2604	0.6180	0.7884	0.2516	0.7337	1.2449	0.9235	0.8331	0.8676	0.9890	0.2547	0.4459	0.2496	1.0894	0.5797	0.2637	0.5107	0.2703	1.2452	0.2564	1.0794	0.5040	1.1043	0.5902	0.2904	0.7570	0.8558	1.4359	0.2805
3:29:16	30.2	0.2838	1.0627	1.1372	0.9921	0.9675	0.9010	1.2259	1.0087	0.7148	0.7355	0.2692	0.2737	0.8256	1.5188	0.5288	1.4661	0.8694	0.2688	0.8920	0.8656	0.8292	0.2675	0.2775	0.7202	0.7394	0.5481	0.9419	0.5235	0.7168	0.2684	0.8094	1.0019	0.7395	0.9509	0.2669	0.7517	1.1503	0.8486	0.9920	0.8182	0.9058	0.2620	1.1054	0.8640	1.2922	0.5071	0.2574	0.6076	0.7859	1.4497	0.7171	1.3927	0.8232	0.2715	0.9947	0.2606	0.4937	0.8616	0.2714	0.7771	0.5243	0.7834	0.9359	0.8469	0.2650	0.2601	1.2772	0.2609	0.6568	0.8290	0.2517	0.7621	1.2657	0.9881	0.8546	0.9246	1.0252	0.2548	0.4572	0.2497	1.1175	0.5904	0.2639	0.5225	0.2703	1.2598	0.2564	1.1101	0.5213	1.1543	0.6197	0.2907	0.7961	0.8732	1.4448	0.2806
3:39:16	30.2	0.2837	1.1076	1.1633	1.0400	1.0050	0.9275	1.2397	1.0274	0.7336	0.7826	0.2692	0.2738	0.8484	1.5261	0.5436	1.4727	0.8983	0.2688	0.9610	0.8903	0.8591	0.2677	0.2773	0.7414	0.7606	0.5584	0.9674	0.5364	0.7505	0.2683	0.8230	1.0288	0.7575	0.9812	0.2670	0.7799	1.1755	0.8901	1.0201	0.8609	0.9281	0.2617	1.1328	0.9173	1.3102	0.5238	0.2572	0.6122	0.8169	1.4590	0.7587	1.4085	0.8495	0.2711	1.0374	0.2606	0.5149	0.9075	0.2714	0.8018	0.5404	0.8429	0.9585	0.9001	0.2639	0.2600	1.2899	0.2613	0.7031	0.8535	0.2516	0.7902	1.2837	1.0505	0.8930	0.9791	1.0506	0.2547	0.4674	0.2495	1.1317	0.6052	0.2637	0.5417	0.2702	1.2861	0.2564	1.1359	0.5397	1.1903	0.6645	0.2905	0.8450	0.8954	1.4641	0.2805
3:49:16	30.2	0.2839	1.1467	1.1863	1.0675	1.0353	0.9669	1.2666	1.0542	0.7690	0.8183	0.2693	0.2736	0.8790	1.5358	0.5631	1.4849	0.9278	0.2689	1.0050	0.9237	0.8871	0.2675	0.2775	0.7613	0.8052	0.5778	1.0026	0.5494	0.7886	0.2683	0.8655	1.0624	0.7718	1.0171	0.2669	0.7926	1.1951	0.9203	1.0514	0.8925	0.9660	0.2620	1.1585	0.9378	1.3279	0.5375	0.2574	0.6266	0.8625	1.4694	0.8014	1.4254	0.8856	0.2715	1.0805	0.2607	0.5261	0.9450	0.2714	0.8615	0.5663	0.9081	0.9851	0.9566	0.2653	0.2601	1.3132	0.2598	0.7627	0.9002	0.2518	0.8386	1.3085	1.0994	0.9351	1.0285	1.0919	0.2548	0.4866	0.2496	1.1636	0.6220	0.2638	0.5579	0.2704	1.3008	0.2565	1.1596	0.5569	1.2181	0.7128	0.2907	0.8970	0.9452	1.4725	0.2806
3:59:16	30.2	0.2839	1.1852	1.2106	1.1188	1.0403	0.9787	1.2788	1.0698	0.7732	0.8348	0.2693	0.2736	0.9181	1.5422	0.5770	1.4919	0.9598	0.2688	1.0518	0.9481	0.9006	0.2676	0.2774	0.7834	0.8443	0.5844	1.0220	0.5582	0.8200	0.2683	0.8867	1.0857	0.7902	1.0478	0.2669	0.8137	1.2226	0.9656	1.0769	0.9330	0.9974	0.2620	1.1815	0.9789	1.3466	0.5556	0.2575	0.6313	0.8962	1.4787	0.8518	1.4332	0.9134	0.2714	1.1154	0.2606	0.5384	0.9566	0.2714	0.8749	0.5783	0.9709	1.0144	1.0026	0.2647	0.2600	1.3294	0.2609	0.8297	0.9115	0.2519	0.8736	1.3238	1.1442	0.9682	1.0738	1.1143	0.2547	0.4937	0.2496	1.1843	0.6520	0.2638	0.5726	0.2704	1.3182	0.2564	1.1834	0.5734	1.2506	0.7721	0.2906	0.9567	0.9733	1.4870	0.2805
4:09:16	30.2	0.2839	1.2131	1.2376	1.1451	1.0707	0.9885	1.2998	1.0944	0.7867	0.8458	0.2692	0.2736	0.9609	1.5529	0.5927	1.4988	0.9853	0.2687	1.0934	0.9784	0.9181	0.2675	0.2774	0.8057	0.9101	0.5972	1.0419	0.5699	0.8606	0.2683	0.9294	1.1052	0.8053	1.0792	0.2669	0.8259	1.2434	0.9970	1.1019	0.9611	1.0167	0.2619	1.1996	1.0041	1.3583	0.5696	0.2575	0.6428	0.9295	1.4888	0.9022	1.4401	0.9421	0.2713	1.1430	0.2607	0.5481	1.0145	0.2714	0.9313	0.5949	1.0239	1.0457	1.0462	0.2637	0.2601	1.3457	0.2612	0.8690	0.9378	0.2517	0.9230	1.3419	1.1835	1.0027	1.1137	1.1416	0.2547	0.5024	0.2496	1.2030	0.6734	0.2638	0.5847	0.2703	1.3368	0.2563	1.2082	0.5841	1.2762	0.8304	0.2907	1.0065	1.0031	1.4953	0.2805
4:19:16	30.2	0.2840	1.2437	1.2627	1.1789	1.1041	1.0223	1.3175	1.1197	0.8124	0.8946	0.2693	0.2737	1.0096	1.5626	0.6059	1.5097	1.0124	0.2688	1.1263	1.0011	0.9362	0.2677	0.2774	0.8185	0.9621	0.5938	1.0652	0.5721	0.9003	0.2683	0.9758	1.1302	0.8348	1.1109	0.2669	0.8362	1.2686	1.0319	1.1221	0.9941	1.0498	0.2620	1.2222	1.0146	1.3645	0.5808	0.2576	0.6586	0.9589	1.4956	0.9495	1.4506	0.9727	0.2715	1.1728	0.2607	0.5557	1.0345	0.2713	0.9651	0.6037	1.0652	1.0781	1.0804	0.2640	0.2602	1.3640	0.2615	0.9129	0.9781	0.2518	0.9548	1.3608	1.2169	1.0361	1.1443	1.1688	0.2549	0.5145	0.2497	1.2270	0.6957	0.2638	0.5962	0.2705	1.3623	0.2565	1.2283	0.5946	1.3036	0.8868	0.2907	1.0479	1.0258	1.5068	0.2805
4:29:16	30.2	0.2839	1.2666	1.2836	1.2062	1.1170	1.0538	1.3420	1.1452	0.8206	0.9153	0.2692	0.2736	1.0475	1.5637	0.6228	1.5157	1.0438	0.2687	1.1503	1.0378	0.9572	0.2678	0.2774	0.8422	1.0120	0.6099	1.0924	0.5880	0.9472	0.2684	1.0101	1.1549	0.8611	1.1416	0.2669	0.8622	1.2865	1.0602	1.1562	1.0269	1.0742	0.2619	1.2402	1.0536	1.3886	0.5936	0.2575	0.6705	1.0003	1.5047	0.9954	1.4621	1.0042	0.2714	1.1958	0.2607	0.5634	1.0714	0.2714	0.9962	0.6178	1.1073	1.1075	1.1143	0.2660	0.2602	1.3868	0.2601	0.9466	1.0171	0.2519	0.9903	1.3754	1.2445	1.0663	1.1771	1.1960	0.2547	0.5229	0.2497	1.2512	0.7273	0.2638	0.6105	0.2703	1.3721	0.2565	1.2498	0.6116	1.3204	0.9128	0.2907	1.0896	1.0475	1.5129	0.2806
4:39:16	30.2	0.2839	1.2876	1.3013	1.2438	1.1443	1.0871	1.3525	1.1708	0.8443	0.9464	0.2693	0.2736	1.0719	1.5757	0.6410	1.5242	1.0693	0.2687	1.1736	1.0527	0.9780	0.2676	0.2775	0.8637	1.0580	0.6159	1.1180	0.5918	0.9896	0.2685	1.0352	1.1819	0.8998	1.1689	0.2670	0.8822	1.3073	1.0931	1.1797	1.0538	1.1069	0.2621	1.2604	1.0944	1.4056	0.6031	0.2575	0.6853	1.0325	1.5128	1.0415	1.4714	1.0308	0.2715	1.2206	0.2607	0.5677	1.0821	0.2714	1.0236	0.6293	1.1407	1.1284	1.1462	0.2644	0.2602	1.4009	0.2578	0.9800	1.0411	0.2519	1.0105	1.3927	1.2681	1.0842	1.2042	1.2251	0.2548	0.5280	0.2496	1.2756	0.7651	0.2637	0.6194	0.2704	1.3899	0.2565	1.2723	0.6287	1.3370	0.9596	0.2908	1.1182	1.0815	1.5236	0.2805
4:49:16	30.2	0.2840	1.3102	1.3209	1.2592	1.1711	1.1228	1.3608	1.1984	0.8511	0.9888	0.2693	0.2736	1.1092	1.5775	0.6564	1.5347	1.0822	0.2687	1.1952	1.0877	1.0044	0.2676	0.2774	0.8670	1.0994	0.6325	1.1451	0.6054	1.0388	0.2684	1.0770	1.2081	0.9388	1.1955	0.2671	0.9120	1.3209	1.1124	1.1944	1.0803	1.1383	0.2621	1.2832	1.1157	1.4192	0.6169	0.2575	0.7126	1.0641	1.5232	1.0821	1.4820	1.0619	0.2716	1.2489	0.2608	0.5788	1.1163	0.2714	1.0501	0.6428	1.1711	1.1522	1.1684	0.2637	0.2602	1.4147	0.2613	1.0095	1.0691	0.2520	1.0342	1.4068	1.2900	1.1140	1.2284	1.2507	0.2549	0.5444	0.2496	1.2939	0.8133	0.2640	0.6333	0.2704	1.3995	0.2565	1.2958	0.6438	1.3526	0.9927	0.2909	1.1513	1.1129	1.5367	0.2804
4:59:16	30.2	0.2840	1.3235	1.3329	1.2779	1.1857	1.1336	1.3816	1.2133	0.8689	1.0047	0.2692	0.2736	1.1474	1.5849	0.6740	1.5353	1.1088	0.2688	1.2190	1.1075	1.0257	0.2676	0.2773	0.8920	1.1347	0.6484	1.1650	0.6184	1.0739	0.2685	1.1120	1.2297	0.9742	1.2140	0.2669	0.9319	1.3532	1.1436	1.2112	1.1097	1.1639	0.2620	1.2963	1.1461	1.4316	0.6346	0.2572	0.7210	1.0891	1.5281	1.1103	1.4875	1.0825	0.2716	1.2685	0.2607	0.5921	1.1382	0.2714	1.0744	0.6532	1.2013	1.1725	1.1947	0.2660	0.2600	1.4225	0.2583	1.0345	1.0918	0.2518	1.0669	1.4266	1.3105	1.1321	1.2443	1.2655	0.2547	0.5488	0.2497	1.3070	0.8690	0.2638	0.6467	0.2702	1.4093	0.2565	1.3095	0.6578	1.3709	1.0152	0.2909	1.1757	1.1368	1.5494	0.2803
5:09:16	30.2	0.2840	1.3460	1.3483	1.3056	1.1957	1.1573	1.3898	1.2247	0.8969	1.0159	0.2692	0.2736	1.1730	1.5859	0.6847	1.5387	1.1282	0.2688	1.2294	1.1262	1.0594	0.2675	0.2775	0.8982	1.1650	0.6552	1.1745	0.6251	1.1060	0.2684	1.1337	1.2435	1.0056	1.2322	0.2670	0.9514	1.3523	1.1693	1.2292	1.1338	1.1869	0.2620	1.3114	1.1612	1.4364	0.6468	0.2573	0.7426	1.1082	1.5334	1.1390	1.4971	1.0964	0.2714	1.2784	0.2607	0.6069	1.1502	0.2714	1.0906	0.6572	1.2308	1.1939	1.2176	0.2649	0.2602	1.4356	0.2574	1.0633	1.1183	0.2520	1.0883	1.4385	1.3312	1.1521	1.2664	1.2838	0.2547	0.5708	0.2497	1.3212	0.9029	0.2639	0.6607	0.2703	1.4183	0.2564	1.3255	0.6681	1.3878	1.0567	0.2909	1.2020	1.1694	1.5574	0.2803
5:19:16	30.2	0.2840	1.3580	1.3616	1.3335	1.2046	1.1817	1.3997	1.2474	0.9112	1.0523	0.2692	0.2736	1.2080	1.5900	0.7057	1.5459	1.1332	0.2688	1.2586	1.1461	1.0804	0.2676	0.2774	0.9302	1.1945	0.6703	1.1930	0.6371	1.1398	0.2684	1.1653	1.2623	1.0360	1.2505	0.2670	0.9672	1.3509	1.1988	1.2425	1.1614	1.2040	0.2621	1.3301	1.1813	1.4445	0.6617	0.2575	0.7440	1.1443	1.5386	1.1682	1.5031	1.1229	0.2716	1.2944	0.2607	0.6115	1.1705	0.2715	1.1100	0.6758	1.2612	1.2168	1.2375	0.2642	0.2602	1.4427	0.2592	1.0806	1.1349	0.2521	1.1121	1.4527	1.3447	1.1745	1.2849	1.2977	0.2547	0.5699	0.2497	1.3327	0.9482	0.2640	0.6697	0.2704	1.4287	0.2565	1.3431	0.6779	1.3941	1.0828	0.2910	1.2222	1.1966	1.5600	0.2804
5:29:16	30.2	0.2840	1.3768	1.3739	1.3460	1.2298	1.2122	1.4099	1.2476	0.9451	1.0690	0.2692	0.2736	1.2166	1.5941	0.7195	1.5471	1.1642	0.2689	1.2759	1.1661	1.1120	0.2676	0.2773	0.9336	1.2223	0.6708	1.2185	0.6467	1.1602	0.2684	1.1798	1.2810	1.0611	1.2652	0.2670	0.9922	1.4084	1.2240	1.2618	1.1868	1.2273	0.2620	1.3417	1.1985	1.4603	0.6798	0.2575	0.7691	1.1594	1.5422	1.1961	1.5075	1.1411	0.2716	1.3135	0.2607	0.6267	1.1945	0.2713	1.1389	0.6776	1.2789	1.2329	1.2585	0.2665	0.2602	1.4565	0.2580	1.1144	1.1452	0.2519	1.1290	1.4630	1.3641	1.1991	1.2983	1.3141	0.2548	0.5966	0.2495	1.3466	0.9738	0.2638	0.6850	0.2703	1.4389	0.2564	1.3548	0.6961	1.4123	1.1133	0.2907	1.2471	1.2058	1.5692	0.2805
5:39:16	30.2	0.2843	1.3882	1.3843	1.3630	1.2432	1.2386	1.4218	1.2583	0.9616	1.0788	0.2692	0.2737	1.2496	1.5998	0.7394	1.5502	1.1894	0.2688	1.2919	1.1855	1.1344	0.2673	0.2775	0.9490	1.2468	0.6789	1.2518	0.6582	1.1885	0.2686	1.2020	1.2999	1.0906	1.2875	0.2671	1.0018	1.4231	1.2447	1.2791	1.2139	1.2394	0.2621	1.3545	1.2205	1.4701	0.6992	0.2575	0.7834	1.1888	1.5473	1.2194	1.5107	1.1631	0.2717	1.3255	0.2609	0.6378	1.2128	0.2715	1.1628	0.6907	1.2952	1.2487	1.2771	0.2664	0.2602	1.4651	0.2619	1.1434	1.1606	0.2520	1.1471	1.4747	1.3771	1.2146	1.3119	1.3276	0.2549	0.6073	0.2497	1.3611	1.0052	0.2639	0.6998	0.2704	1.4497	0.2565	1.3662	0.7025	1.4266	1.1436	0.2909	1.2716	1.2275	1.5824	0.2805
5:49:16	30.2	0.2841	1.4018	1.3978	1.3821	1.2612	1.2465	1.4175	1.2852	0.9984	1.1116	0.2693	0.2737	1.2657	1.5969	0.7544	1.5564	1.1887	0.2687	1.3059	1.2018	1.1666	0.2676	0.2773	0.9623	1.2621	0.6933	1.2627	0.6661	1.2175	0.2686	1.2267	1.3117	1.1162	1.3008	0.2670	1.0369	1.4015	1.2755	1.2906	1.2353	1.2582	0.2620	1.3721	1.2355	1.4750	0.7121	0.2575	0.8005	1.2152	1.5492	1.2475	1.5159	1.1838	0.2715	1.3468	0.2609	0.6436	1.2265	0.2713	1.1724	0.7054	1.3135	1.2642	1.2952	0.2639	0.2602	1.4780	0.2578	1.1619	1.1868	0.2522	1.1688	1.4801	1.3902	1.2282	1.3290	1.3452	0.2549	0.6030	0.2497	1.3739	1.0239	0.2640	0.7141	0.2704	1.4563	0.2565	1.3770	0.7253	1.4347	1.1665	0.2908	1.2853	1.2490	1.5860	0.2804
5:59:16	30.2	0.2840	1.4133	1.4080	1.3877	1.2751	1.2586	1.4314	1.3069	1.0219	1.1336	0.2693	0.2735	1.2804	1.6007	0.7672	1.5581	1.2046	0.2688	1.3229	1.2192	1.1893	0.2676	0.2774	0.9911	1.2837	0.7035	1.2847	0.6772	1.2353	0.2685	1.2493	1.3265	1.1429	1.3176	0.2671	1.0494	1.4020	1.2950	1.3038	1.2553	1.2702	0.2619	1.3827	1.2488	1.4774	0.7217	0.2575	0.8234	1.2350	1.5538	1.2650	1.5182	1.2066	0.2715	1.3551	0.2607	0.6556	1.2544	0.2713	1.1917	0.7125	1.3301	1.2771	1.3150	0.2666	0.2598	1.4881	0.2606	1.1856	1.1986	0.2520	1.1870	1.4871	1.4004	1.2395	1.3380	1.3547	0.2548	0.6198	0.2497	1.3836	1.0560	0.2638	0.7222	0.2704	1.4651	0.2565	1.3844	0.7313	1.4473	1.1931	0.2910	1.3056	1.2688	1.5967	0.2804
6:09:16	30.2	0.2839	1.4232	1.4138	1.4038	1.2871	1.2854	1.4459	1.3333	1.0447	1.1467	0.2690	0.2734	1.3150	1.6048	0.7780	1.5595	1.2224	0.2686	1.3381	1.2361	1.1966	0.2672	0.2772	1.0238	1.3080	0.7117	1.2832	0.6857	1.2624	0.2682	1.2686	1.3408	1.1648	1.3301	0.2668	1.1036	1.4076	1.3142	1.3106	1.2755	1.2854	0.2620	1.3863	1.2674	1.4868	0.7336	0.2574	0.8537	1.2547	1.5537	1.2829	1.5211	1.2225	0.2714	1.3681	0.2607	0.6667	1.2654	0.2713	1.2009	0.7118	1.3477	1.2874	1.3313	0.2636	0.2600	1.5007	0.2612	1.2031	1.2203	0.2518	1.2153	1.4994	1.4163	1.2531	1.3552	1.3630	0.2546	0.6234	0.2494	1.3941	1.0796	0.2639	0.7298	0.2703	1.4702	0.2565	1.3970	0.7352	1.4602	1.2171	0.2911	1.3266	1.2771	1.6036	0.2803
6:19:16	30.2	0.2842	1.4368	1.4217	1.4148	1.3012	1.2970	1.4523	1.3218	1.0829	1.1608	0.2694	0.2734	1.3211	1.6105	0.7895	1.5653	1.2341	0.2688	1.3531	1.2492	1.2160	0.2677	0.2775	1.0380	1.3287	0.7127	1.3083	0.6965	1.2799	0.2686	1.2807	1.3554	1.1884	1.3442	0.2672	1.1089	1.4218	1.3293	1.3241	1.2977	1.2892	0.2621	1.3963	1.2768	1.5048	0.7426	0.2576	0.8999	1.2737	1.5567	1.2978	1.5273	1.2387	0.2716	1.3788	0.2607	0.6756	1.2729	0.2717	1.2271	0.7225	1.3654	1.3055	1.3442	0.2640	0.2603	1.5106	0.2587	1.2265	1.2307	0.2521	1.2142	1.5051	1.4293	1.2777	1.3606	1.3765	0.2549	0.6475	0.2494	1.4090	1.1141	0.2639	0.7404	0.2705	1.4817	0.2565	1.4101	0.7514	1.4745	1.2394	0.2912	1.3437	1.3005	1.6077	0.2805
6:29:16	30.2	0.2844	1.4499	1.4253	1.4333	1.3174	1.3199	1.4587	1.3500	1.1055	1.1776	0.2693	0.2734	1.3349	1.6151	0.8071	1.5697	1.2459	0.2688	1.3690	1.2594	1.2342	0.2676	0.2774	1.0759	1.3478	0.7144	1.3070	0.7049	1.2961	0.2686	1.2985	1.3618	1.2132	1.3447	0.2672	1.1363	1.4303	1.3526	1.3363	1.3169	1.3153	0.2621	1.4062	1.2837	1.5154	0.7528	0.2577	0.9316	1.2937	1.5612	1.3169	1.5333	1.2590	0.2716	1.3933	0.2609	0.6861	1.2884	0.2714	1.2444	0.7328	1.3816	1.3122	1.3661	0.2659	0.2602	1.5117	0.2598	1.2477	1.2457	0.2523	1.2388	1.5156	1.4404	1.2896	1.3723	1.3853	0.2549	0.6429	0.2497	1.4149	1.1357	0.2640	0.7488	0.2705	1.4849	0.2566	1.4214	0.7594	1.4817	1.2582	0.2911	1.3586	1.3114	1.6128	0.2805
6:39:16	30.2	0.2841	1.4593	1.4370	1.4429	1.3304	1.3344	1.4499	1.3485	1.1377	1.2019	0.2693	0.2734	1.3441	1.6211	0.8190	1.5800	1.2577	0.2687	1.3798	1.2744	1.2478	0.2673	0.2774	1.0955	1.3598	0.7312	1.3216	0.7111	1.3160	0.2685	1.3157	1.3746	1.2350	1.3622	0.2670	1.1579	1.4419	1.3589	1.3468	1.3248	1.3231	0.2620	1.4190	1.3042	1.5191	0.7613	0.2576	0.9607	1.3142	1.5632	1.3356	1.5351	1.2683	0.2715	1.4050	0.2607	0.6948	1.2958	0.2713	1.2559	0.7331	1.3917	1.3290	1.3751	0.2668	0.2599	1.5247	0.2613	1.2695	1.2598	0.2520	1.2583	1.5221	1.4452	1.3002	1.3819	1.3980	0.2548	0.6556	0.2494	1.4277	1.1525	0.2638	0.7584	0.2705	1.4896	0.2565	1.4318	0.7636	1.4925	1.2782	0.2911	1.3780	1.3246	1.6233	0.2803
6:49:16	30.2	0.2842	1.4675	1.4475	1.4500	1.3399	1.3387	1.4673	1.3742	1.1600	1.2157	0.2692	0.2734	1.3613	1.6249	0.8333	1.5845	1.2745	0.2689	1.3918	1.2911	1.2658	0.2675	0.2773	1.1223	1.3798	0.7412	1.3368	0.7191	1.3299	0.2684	1.3286	1.3847	1.2557	1.3803	0.2671	1.1794	1.4457	1.3710	1.3532	1.3359	1.3375	0.2620	1.4264	1.3178	1.5346	0.7690	0.2576	0.9925	1.3283	1.5676	1.3445	1.5445	1.2814	0.2714	1.4206	0.2608	0.7032	1.3118	0.2713	1.2739	0.7362	1.4078	1.3373	1.3910	0.2647	0.2601	1.5314	0.2604	1.2785	1.2781	0.2522	1.2828	1.5228	1.4588	1.3132	1.3972	1.4123	0.2548	0.6571	0.2495	1.4403	1.1729	0.2639	0.7691	0.2704	1.5019	0.2565	1.4438	0.7715	1.5003	1.2922	0.2910	1.3926	1.3369	1.6295	0.2805
6:59:16	30.2	0.2843	1.4803	1.4572	1.4682	1.3503	1.3543	1.4801	1.3927	1.1905	1.2339	0.2691	0.2734	1.3738	1.6327	0.8516	1.5873	1.2868	0.2689	1.4078	1.3028	1.2845	0.2674	0.2773	1.1513	1.3972	0.7479	1.3441	0.7294	1.3489	0.2686	1.3446	1.3995	1.2764	1.3888	0.2670	1.1990	1.4452	1.3838	1.3609	1.3536	1.3492	0.2622	1.4344	1.3264	1.5353	0.7792	0.2577	1.0374	1.3491	1.5713	1.3618	1.5518	1.2994	0.2717	1.4288	0.2608	0.7118	1.3212	0.2714	1.2851	0.7436	1.4155	1.3506	1.4016	0.2641	0.2601	1.5372	0.2596	1.2932	1.2927	0.2521	1.2839	1.5347	1.4675	1.3215	1.4061	1.4242	0.2548	0.6767	0.2494	1.4410	1.1912	0.2640	0.7772	0.2705	1.5110	0.2565	1.4534	0.7899	1.5149	1.3076	0.2910	1.4038	1.3465	1.6338	0.2804
7:09:16	30.2	0.2842	1.4901	1.4637	1.4765	1.3575	1.3638	1.4875	1.3944	1.2117	1.2477	0.2691	0.2734	1.3934	1.6349	0.8661	1.5923	1.2936	0.2689	1.4195	1.3144	1.2813	0.2675	0.2772	1.1772	1.4088	0.7649	1.3488	0.7386	1.3627	0.2684	1.3622	1.4102	1.2948	1.4054	0.2672	1.2205	1.4558	1.3929	1.3679	1.3572	1.3577	0.2621	1.4482	1.3401	1.5475	0.7906	0.2575	1.0752	1.3576	1.5739	1.3755	1.5571	1.3101	0.2716	1.4438	0.2608	0.7165	1.3343	0.2713	1.2986	0.7504	1.4301	1.3636	1.4196	0.2644	0.2601	1.5515	0.2595	1.3041	1.2979	0.2519	1.3045	1.5380	1.4792	1.3336	1.4148	1.4370	0.2548	0.6858	0.2494	1.4612	1.2160	0.2638	0.7879	0.2704	1.5199	0.2564	1.4659	0.7950	1.5219	1.3219	0.2910	1.4132	1.3693	1.6400	0.2804
7:19:16	30.2	0.2845	1.5027	1.4703	1.4917	1.3675	1.3710	1.4901	1.4177	1.2380	1.2639	0.2693	0.2735	1.4128	1.6390	0.8841	1.6065	1.3060	0.2688	1.4282	1.3292	1.3083	0.2675	0.2774	1.1944	1.4212	0.7687	1.3616	0.7481	1.3743	0.2687	1.3722	1.4219	1.3121	1.4143	0.2672	1.2357	1.4622	1.4008	1.3788	1.3695	1.3654	0.2622	1.4590	1.3487	1.5518	0.7968	0.2577	1.1097	1.3717	1.5754	1.3897	1.5621	1.3274	0.2716	1.4510	0.2610	0.7246	1.3442	0.2715	1.3096	0.7648	1.4398	1.3743	1.4329	0.2665	0.2602	1.5551	0.2570	1.3156	1.3177	0.2523	1.3107	1.5514	1.4880	1.3466	1.4252	1.4485	0.2549	0.6929	0.2495	1.4661	1.2349	0.2641	0.7946	0.2705	1.5266	0.2566	1.4783	0.8108	1.5322	1.3341	0.2913	1.4282	1.3735	1.6458	0.2804
7:29:16	30.2	0.2841	1.5122	1.4789	1.4983	1.3736	1.3814	1.4941	1.4130	1.2632	1.2740	0.2693	0.2735	1.4140	1.6424	0.9027	1.6084	1.3178	0.2687	1.4367	1.3393	1.3162	0.2676	0.2775	1.2137	1.4365	0.7822	1.3687	0.7588	1.3872	0.2685	1.3888	1.4314	1.3307	1.4222	0.2673	1.2464	1.4706	1.4008	1.3856	1.3797	1.3796	0.2622	1.4687	1.3552	1.5576	0.8102	0.2577	1.1473	1.3795	1.5790	1.4046	1.5668	1.3348	0.2713	1.4629	0.2609	0.7378	1.3546	0.2715	1.3217	0.7696	1.4490	1.3852	1.4402	0.2655	0.2602	1.5703	0.2580	1.3297	1.3273	0.2522	1.3220	1.5550	1.4950	1.3557	1.4382	1.4571	0.2549	0.6989	0.2495	1.4790	1.2543	0.2639	0.8067	0.2704	1.5335	0.2566	1.4798	0.8188	1.5398	1.3451	0.2910	1.4355	1.3896	1.6480	0.2804
7:39:16	30.2	0.2842	1.5196	1.4861	1.5061	1.3842	1.3965	1.5110	1.4383	1.2772	1.2936	0.2692	0.2735	1.4347	1.6459	0.9175	1.6121	1.3331	0.2687	1.4469	1.3487	1.3444	0.2675	0.2773	1.2228	1.4468	0.7909	1.3769	0.7668	1.4000	0.2684	1.4029	1.4395	1.3429	1.4325	0.2672	1.2744	1.4698	1.4134	1.3910	1.3890	1.3945	0.2620	1.4722	1.3657	1.5640	0.8141	0.2575	1.1719	1.3898	1.5866	1.4218	1.5776	1.3509	0.2715	1.4734	0.2608	0.7375	1.3748	0.2713	1.3351	0.7768	1.4636	1.3996	1.4491	0.2639	0.2603	1.5793	0.2579	1.3340	1.3413	0.2520	1.3355	1.5606	1.5048	1.3678	1.4435	1.4714	0.2548	0.7162	0.2493	1.4864	1.2690	0.2639	0.8149	0.2704	1.5406	0.2565	1.5022	0.8376	1.5439	1.3565	0.2908	1.4534	1.4000	1.6575	0.2804
7:49:16	30.2	0.2844	1.5271	1.4964	1.5117	1.3919	1.4077	1.5108	1.4395	1.3036	1.3034	0.2693	0.2737	1.4412	1.6489	0.9373	1.6164	1.3407	0.2689	1.4552	1.3653	1.3588	0.2675	0.2774	1.2340	1.4586	0.8061	1.3864	0.7794	1.4098	0.2686	1.4104	1.4463	1.3559	1.4399	0.2673	1.2837	1.4798	1.4115	1.4009	1.3929	1.4123	0.2622	1.4885	1.3675	1.5769	0.8277	0.2576	1.1985	1.3904	1.5885	1.4249	1.5792	1.3577	0.2716	1.4808	0.2611	0.7530	1.3781	0.2716	1.3346	0.7861	1.4696	1.4083	1.4635	0.2668	0.2602	1.5803	0.2587	1.3455	1.3474	0.2524	1.3536	1.5694	1.5124	1.3742	1.4511	1.4808	0.2550	0.7215	0.2497	1.4950	1.2905	0.2640	0.8257	0.2705	1.5379	0.2567	1.5041	0.8468	1.5534	1.3643	0.2909	1.4635	1.4130	1.6630	0.2803
7:59:16	30.2	0.2845	1.5343	1.5001	1.5180	1.4051	1.4259	1.5254	1.4452	1.3143	1.3186	0.2691	0.2735	1.4535	1.6518	0.9554	1.6204	1.3565	0.2688	1.4665	1.3794	1.3690	0.2673	0.2773	1.2511	1.4709	0.8187	1.3944	0.7900	1.4254	0.2686	1.4241	1.4548	1.3698	1.4537	0.2671	1.2948	1.4849	1.4148	1.4055	1.3892	1.4152	0.2620	1.4963	1.3800	1.5763	0.8339	0.2575	1.2218	1.3963	1.5977	1.4389	1.5866	1.3699	0.2716	1.4894	0.2610	0.7588	1.3857	0.2714	1.3595	0.7905	1.4785	1.4190	1.4703	0.2643	0.2600	1.5915	0.2616	1.3496	1.3663	0.2523	1.3627	1.5781	1.5235	1.3858	1.4637	1.4888	0.2548	0.7294	0.2495	1.5035	1.3076	0.2639	0.8370	0.2704	1.5506	0.2565	1.5139	0.8565	1.5627	1.3708	0.2907	1.4725	1.4250	1.6672	0.2804
8:09:16	30.2	0.2845	1.5450	1.5067	1.5256	1.4080	1.4403	1.5342	1.4415	1.3304	1.3361	0.2693	0.2736	1.4626	1.6565	0.9726	1.6277	1.3690	0.2688	1.4788	1.3879	1.3872	0.2675	0.2775	1.2656	1.4820	0.8277	1.4046	0.8077	1.4358	0.2687	1.4357	1.4682	1.3841	1.4612	0.2673	1.3312	1.4902	1.4273	1.4206	1.4048	1.4244	0.2623	1.4979	1.3957	1.5840	0.8437	0.2576	1.2494	1.4062	1.6048	1.4461	1.5950	1.3793	0.2717	1.5009	0.2611	0.7611	1.3958	0.2715	1.3646	0.7969	1.4881	1.4331	1.4770	0.2652	0.2603	1.5992	0.2613	1.3529	1.3774	0.2524	1.3689	1.5840	1.5287	1.3975	1.4740	1.4982	0.2550	0.7422	0.2497	1.5060	1.3250	0.2642	0.8459	0.2707	1.5554	0.2567	1.5227	0.8846	1.5691	1.3772	0.2908	1.4824	1.4350	1.6733	0.2805
8:19:16	30.2	0.2845	1.5501	1.5159	1.5360	1.4148	1.4462	1.5400	1.4667	1.3528	1.3479	0.2695	0.2738	1.4651	1.6582	0.9914	1.6319	1.3742	0.2688	1.4894	1.4040	1.3985	0.2675	0.2774	1.2836	1.4896	0.8452	1.4129	0.8238	1.4438	0.2687	1.4407	1.4735	1.3982	1.4696	0.2673	1.3236	1.5035	1.4217	1.4240	1.4043	1.4430	0.2623	1.5110	1.3978	1.5937	0.8586	0.2576	1.2685	1.4059	1.6058	1.4545	1.5983	1.3923	0.2718	1.5056	0.2609	0.7759	1.4112	0.2715	1.3742	0.8084	1.4962	1.4408	1.4818	0.2668	0.2603	1.6044	0.2600	1.3602	1.3849	0.2523	1.3817	1.5913	1.5338	1.4095	1.4770	1.5072	0.2551	0.7514	0.2496	1.5185	1.3367	0.2642	0.8592	0.2706	1.5519	0.2567	1.5205	0.8995	1.5766	1.3785	0.2910	1.4890	1.4409	1.6764	0.2806
8:29:16	30.2	0.2845	1.5561	1.5217	1.5428	1.4245	1.4709	1.5424	1.4746	1.3602	1.3681	0.2693	0.2736	1.4856	1.6617	1.0155	1.6321	1.3921	0.2689	1.4928	1.4085	1.3926	0.2675	0.2775	1.2817	1.5000	0.8628	1.4202	0.8438	1.4545	0.2688	1.4549	1.4836	1.4086	1.4774	0.2674	1.3494	1.5109	1.4339	1.4375	1.4170	1.4499	0.2622	1.5122	1.4132	1.5994	0.8647	0.2576	1.2869	1.4206	1.6145	1.4653	1.5993	1.4056	0.2717	1.5125	0.2610	0.7793	1.4187	0.2716	1.3855	0.8147	1.5037	1.4515	1.4907	0.2640	0.2602	1.6173	0.2601	1.3602	1.3971	0.2524	1.3842	1.5993	1.5403	1.4225	1.4894	1.5140	0.2550	0.7670	0.2495	1.5203	1.3537	0.2641	0.8710	0.2704	1.5591	0.2567	1.5361	0.9173	1.5837	1.3840	0.2908	1.5034	1.4521	1.6840	0.2805
8:39:16	30.2	0.2844	1.5602	1.5271	1.5445	1.4353	1.4780	1.5440	1.4797	1.3852	1.3707	0.2694	0.2736	1.4902	1.6646	1.0356	1.6418	1.3988	0.2688	1.5044	1.4189	1.4234	0.2675	0.2775	1.3072	1.5063	0.8783	1.4257	0.8646	1.4616	0.2687	1.4602	1.4881	1.4220	1.4825	0.2672	1.3642	1.5140	1.4337	1.4429	1.4199	1.4552	0.2622	1.5231	1.4245	1.6044	0.8812	0.2576	1.3065	1.4149	1.6111	1.4726	1.6027	1.4147	0.2716	1.5163	0.2610	0.7928	1.4276	0.2714	1.3938	0.8232	1.5082	1.4607	1.4953	0.2643	0.2603	1.6238	0.2575	1.3688	1.4036	0.2523	1.3977	1.6057	1.5497	1.4273	1.4950	1.5183	0.2550	0.7725	0.2496	1.5280	1.3603	0.2640	0.8839	0.2706	1.5644	0.2566	1.5302	0.9341	1.5884	1.3857	0.2906	1.5047	1.4635	1.6879	0.2806
8:49:16	30.2	0.2845	1.5657	1.5337	1.5483	1.4363	1.4935	1.5529	1.4906	1.3902	1.3770	0.2692	0.2735	1.4937	1.6665	1.0570	1.6415	1.3984	0.2689	1.5077	1.4358	1.4282	0.2675	0.2775	1.3165	1.5116	0.8976	1.4357	0.8896	1.4702	0.2688	1.4660	1.4976	1.4317	1.4945	0.2673	1.3837	1.5201	1.4386	1.4484	1.4296	1.4671	0.2622	1.5311	1.4237	1.6084	0.8936	0.2576	1.3192	1.4201	1.6157	1.4803	1.6066	1.4192	0.2717	1.5232	0.2610	0.7998	1.4342	0.2715	1.3989	0.8315	1.5152	1.4705	1.5000	0.2657	0.2603	1.6263	0.2617	1.3771	1.4181	0.2523	1.4109	1.6101	1.5540	1.4352	1.5030	1.5322	0.2549	0.7839	0.2495	1.5358	1.3722	0.2641	0.9009	0.2705	1.5706	0.2566	1.5400	0.9526	1.5972	1.3883	0.2908	1.5108	1.4717	1.6911	0.2806
8:59:16	30.2	0.2845	1.5723	1.5423	1.5622	1.4451	1.4928	1.5615	1.4750	1.3999	1.3929	0.2694	0.2736	1.5102	1.6709	1.0787	1.6467	1.4254	0.2689	1.5076	1.4400	1.4424	0.2676	0.2774	1.3316	1.5237	0.9193	1.4451	0.9168	1.4788	0.2687	1.4787	1.5051	1.4417	1.5024	0.2674	1.3971	1.5315	1.4501	1.4585	1.4366	1.4780	0.2623	1.5324	1.4441	1.6161	0.9011	0.2578	1.3347	1.4354	1.6226	1.4847	1.6155	1.4337	0.2717	1.5256	0.2611	0.8056	1.4404	0.2715	1.4117	0.8367	1.5196	1.4810	1.5079	0.2658	0.2601	1.6323	0.2579	1.3779	1.4250	0.2524	1.4127	1.6189	1.5577	1.4473	1.5127	1.5322	0.2550	0.8016	0.2495	1.5436	1.3841	0.2642	0.9101	0.2706	1.5825	0.2566	1.5416	0.9587	1.6051	1.3927	0.2910	1.5201	1.4830	1.7010	0.2806
9:09:16	30.2	0.2847	1.5791	1.5459	1.5584	1.4616	1.5042	1.5697	1.4881	1.4185	1.4127	0.2694	0.2735	1.5168	1.6744	1.1016	1.6544	1.4268	0.2689	1.5160	1.4620	1.4447	0.2675	0.2775	1.3347	1.5235	0.9407	1.4570	0.9414	1.4848	0.2688	1.4847	1.5123	1.4523	1.5045	0.2673	1.4047	1.5367	1.4499	1.4668	1.4436	1.4831	0.2624	1.5380	1.4514	1.6181	0.9182	0.2579	1.3463	1.4317	1.6253	1.4911	1.6191	1.4409	0.2718	1.5342	0.2611	0.8187	1.4501	0.2716	1.4203	0.8498	1.5251	1.4838	1.5101	0.2646	0.2602	1.6360	0.2619	1.3868	1.4304	0.2525	1.4249	1.6239	1.5635	1.4522	1.5115	1.5417	0.2552	0.8094	0.2496	1.5431	1.3936	0.2643	0.9234	0.2706	1.5875	0.2568	1.5539	0.9752	1.6083	1.3970	0.2909	1.5212	1.4876	1.7029	0.2805
9:19:16	30.1	0.2848	1.5826	1.5529	1.5709	1.4665	1.5062	1.5687	1.5032	1.4286	1.4169	0.2693	0.2735	1.5214	1.6768	1.1196	1.6524	1.4392	0.2688	1.5141	1.4680	1.4573	0.2676	0.2774	1.3624	1.5322	0.9646	1.4614	0.9679	1.4889	0.2687	1.4986	1.5174	1.4560	1.5166	0.2675	1.4168	1.5431	1.4632	1.4717	1.4519	1.4853	0.2622	1.5471	1.4541	1.6234	0.9296	0.2578	1.3606	1.4451	1.6300	1.4940	1.6225	1.4539	0.2717	1.5376	0.2611	0.8259	1.4527	0.2715	1.4211	0.8605	1.5293	1.4945	1.5167	0.2655	0.2601	1.6462	0.2575	1.3876	1.4378	0.2526	1.4275	1.6321	1.5664	1.4642	1.5225	1.5473	0.2550	0.8275	0.2496	1.5547	1.4051	0.2641	0.9397	0.2705	1.5897	0.2566	1.5608	0.9930	1.6151	1.4031	0.2907	1.5261	1.4985	1.7099	0.2806
9:29:16	30.2	0.2845	1.5895	1.5525	1.5725	1.4740	1.5143	1.5791	1.5140	1.4422	1.4329	0.2692	0.2734	1.5283	1.6797	1.1408	1.6596	1.4475	0.2688	1.5198	1.4830	1.4629	0.2674	0.2774	1.3735	1.5339	0.9929	1.4693	0.9952	1.5010	0.2686	1.5019	1.5284	1.4670	1.5240	0.2672	1.4326	1.5497	1.4615	1.4804	1.4611	1.4994	0.2622	1.5511	1.4683	1.6307	0.9468	0.2576	1.3683	1.4432	1.6315	1.4984	1.6266	1.4602	0.2717	1.5420	0.2610	0.8421	1.4656	0.2714	1.4353	0.8762	1.5315	1.5020	1.5169	0.2661	0.2600	1.6474	0.2582	1.3989	1.4512	0.2523	1.4435	1.6455	1.5755	1.4671	1.5238	1.5548	0.2548	0.8389	0.2495	1.5629	1.4144	0.2640	0.9547	0.2704	1.6047	0.2566	1.5702	1.0148	1.6196	1.4087	0.2906	1.5305	1.5098	1.7115	0.2804
9:39:16	30.2	0.2846	1.5917	1.5641	1.5736	1.4708	1.5237	1.5838	1.5231	1.4520	1.4436	0.2693	0.2736	1.5322	1.6845	1.1566	1.6666	1.4563	0.2688	1.5204	1.4900	1.4667	0.2676	0.2774	1.3817	1.5403	1.0126	1.4766	1.0186	1.5022	0.2687	1.5046	1.5365	1.4775	1.5302	0.2674	1.4408	1.5523	1.4643	1.4846	1.4637	1.5093	0.2622	1.5603	1.4755	1.6326	0.9675	0.2577	1.3793	1.4457	1.6332	1.5031	1.6288	1.4719	0.2715	1.5454	0.2610	0.8628	1.4704	0.2715	1.4348	0.8930	1.5362	1.5173	1.5225	0.2665	0.2601	1.6536	0.2612	1.4052	1.4538	0.2523	1.4503	1.6460	1.5766	1.4725	1.5233	1.5593	0.2550	0.8572	0.2496	1.5681	1.4252	0.2641	0.9702	0.2706	1.6127	0.2566	1.5744	1.0344	1.6212	1.4099	0.2907	1.5300	1.5218	1.7110	0.2805
9:49:16	30.2	0.2846	1.5937	1.5676	1.5826	1.4853	1.5399	1.5914	1.5270	1.4611	1.4451	0.2692	0.2734	1.5432	1.6918	1.1729	1.6655	1.4615	0.2688	1.5163	1.5076	1.4763	0.2674	0.2775	1.3947	1.5433	1.0362	1.4875	1.0413	1.5038	0.2688	1.5114	1.5351	1.4822	1.5373	0.2673	1.4454	1.5591	1.4734	1.4900	1.4651	1.5116	0.2621	1.5584	1.4832	1.6396	0.9775	0.2576	1.3867	1.4545	1.6352	1.5013	1.6327	1.4777	0.2717	1.5528	0.2612	0.8796	1.4756	0.2716	1.4439	0.9111	1.5399	1.5161	1.5268	0.2640	0.2601	1.6598	0.2584	1.4064	1.4608	0.2524	1.4536	1.6560	1.5790	1.4825	1.5343	1.5639	0.2550	0.8786	0.2495	1.5706	1.4297	0.2641	0.9801	0.2705	1.6131	0.2566	1.5744	1.0444	1.6199	1.4140	0.2909	1.5349	1.5273	1.7214	0.2805
9:59:16	30.2	0.2845	1.5978	1.5782	1.5829	1.4916	1.5392	1.5953	1.5313	1.4629	1.4541	0.2692	0.2735	1.5484	1.6887	1.1905	1.6697	1.4675	0.2688	1.5191	1.5168	1.4905	0.2675	0.2773	1.4040	1.5432	1.0584	1.4939	1.0642	1.5092	0.2687	1.5191	1.5497	1.4917	1.5429	0.2673	1.4619	1.5632	1.4741	1.4963	1.4660	1.5164	0.2622	1.5679	1.4884	1.6432	0.9941	0.2576	1.3851	1.4541	1.6426	1.5031	1.6353	1.4898	0.2717	1.5540	0.2610	0.9049	1.4806	0.2716	1.4526	0.9338	1.5401	1.5251	1.5251	0.2667	0.2601	1.6663	0.2585	1.4168	1.4716	0.2524	1.4608	1.6613	1.5819	1.4953	1.5393	1.5699	0.2549	0.8995	0.2495	1.5762	1.4332	0.2642	0.9925	0.2705	1.6129	0.2566	1.5749	1.0686	1.6246	1.4197	0.2907	1.5358	1.5382	1.7229	0.2804
10:09:16	30.1	0.2847	1.6011	1.5771	1.5808	1.4997	1.5573	1.5944	1.5406	1.4737	1.4606	0.2693	0.2737	1.5515	1.6941	1.2079	1.6806	1.4805	0.2690	1.5204	1.5264	1.5060	0.2675	0.2775	1.4081	1.5444	1.0831	1.5043	1.0853	1.5109	0.2689	1.5277	1.5584	1.4974	1.5476	0.2674	1.4643	1.5712	1.4854	1.5009	1.4765	1.5231	0.2624	1.5786	1.4939	1.6464	1.0145	0.2576	1.3897	1.4606	1.6436	1.5053	1.6374	1.4928	0.2718	1.5516	0.2611	0.9337	1.4920	0.2716	1.4609	0.9564	1.5412	1.5372	1.5251	0.2646	0.2602	1.6746	0.2604	1.4203	1.4783	0.2525	1.4674	1.6699	1.5888	1.4976	1.5441	1.5747	0.2550	0.9230	0.2495	1.5808	1.4387	0.2642	1.0089	0.2706	1.6128	0.2567	1.5766	1.0922	1.6297	1.4247	0.2907	1.5407	1.5358	1.7248	0.2807
10:19:16	30.2	0.2846	1.6005	1.5831	1.5831	1.4997	1.5594	1.6020	1.5484	1.4783	1.4684	0.2693	0.2736	1.5572	1.6961	1.2240	1.6844	1.4817	0.2689	1.5250	1.5233	1.5066	0.2676	0.2775	1.4182	1.5434	1.1034	1.5054	1.1060	1.5204	0.2687	1.5309	1.5625	1.5040	1.5580	0.2672	1.4751	1.5736	1.4810	1.5117	1.4753	1.5251	0.2623	1.5816	1.5000	1.6494	1.0382	0.2576	1.4034	1.4591	1.6452	1.5093	1.6400	1.4981	0.2717	1.5551	0.2610	0.9643	1.4985	0.2714	1.4651	0.9793	1.5439	1.5430	1.5297	0.2641	0.2602	1.6782	0.2569	1.4209	1.4844	0.2524	1.4743	1.6674	1.5919	1.5064	1.5462	1.5821	0.2550	0.9480	0.2495	1.5803	1.4452	0.2641	1.0228	0.2704	1.6153	0.2566	1.5814	1.1114	1.6259	1.4265	0.2907	1.5409	1.5404	1.7255	0.2805
10:29:16	30.2	0.2848	1.6061	1.5873	1.5884	1.5038	1.5636	1.6056	1.5463	1.4869	1.4783	0.2694	0.2734	1.5612	1.7015	1.2344	1.6865	1.4876	0.2689	1.5176	1.5347	1.5131	0.2676	0.2775	1.4305	1.5442	1.1230	1.5087	1.1249	1.5231	0.2688	1.5352	1.5685	1.5132	1.5614	0.2673	1.4817	1.5795	1.4913	1.5165	1.4838	1.5374	0.2623	1.5831	1.5097	1.6558	1.0539	0.2577	1.4062	1.4642	1.6450	1.5164	1.6477	1.5025	0.2717	1.5666	0.2611	0.9959	1.4986	0.2715	1.4722	1.0048	1.5423	1.5467	1.5307	0.2666	0.2600	1.6810	0.2580	1.4281	1.4946	0.2524	1.4771	1.6752	1.5921	1.5112	1.5481	1.5881	0.2550	0.9696	0.2496	1.5841	1.4476	0.2641	1.0356	0.2706	1.6233	0.2566	1.5936	1.1400	1.6264	1.4311	0.2908	1.5415	1.5527	1.7285	0.2805
10:39:16	30.2	0.2847	1.6034	1.5957	1.5817	1.5153	1.5715	1.6109	1.5669	1.4940	1.4895	0.2693	0.2736	1.5589	1.6987	1.2548	1.6847	1.4933	0.2687	1.5234	1.5354	1.5261	0.2676	0.2774	1.4449	1.5457	1.1418	1.5162	1.1441	1.5268	0.2687	1.5406	1.5738	1.5133	1.5667	0.2673	1.4925	1.5818	1.4853	1.5197	1.4864	1.5360	0.2625	1.5900	1.5160	1.6583	1.0761	0.2577	1.3892	1.4622	1.6492	1.5139	1.6497	1.5055	0.2718	1.5633	0.2611	1.0238	1.5094	0.2715	1.4778	1.0295	1.5441	1.5484	1.5251	0.2656	0.2603	1.6879	0.2588	1.4292	1.4949	0.2523	1.4885	1.6738	1.5956	1.5118	1.5501	1.5990	0.2551	0.9918	0.2495	1.5888	1.4587	0.2640	1.0521	0.2705	1.6244	0.2567	1.5969	1.1654	1.6242	1.4338	0.2907	1.5486	1.5509	1.7350	0.2805
10:49:16	30.2	0.2848	1.6048	1.5953	1.5881	1.5195	1.5773	1.6143	1.5677	1.4998	1.4980	0.2694	0.2737	1.5659	1.6999	1.2681	1.6961	1.4938	0.2688	1.5242	1.5370	1.5306	0.2677	0.2775	1.4527	1.5504	1.1592	1.5246	1.1602	1.5260	0.2689	1.5445	1.5834	1.4927	1.5740	0.2675	1.4908	1.5842	1.4885	1.5263	1.4850	1.5474	0.2625	1.5937	1.5237	1.6573	1.0960	0.2578	1.3817	1.4647	1.6546	1.5208	1.6497	1.5161	0.2718	1.5609	0.2612	1.0509	1.5132	0.2715	1.4813	1.0528	1.5468	1.5514	1.5238	0.2641	0.2604	1.6906	0.2620	1.4377	1.5031	0.2525	1.4936	1.6810	1.5985	1.5168	1.5539	1.6022	0.2551	1.0135	0.2496	1.5912	1.4578	0.2642	1.0689	0.2707	1.6244	0.2567	1.5985	1.1856	1.6303	1.4369	0.2910	1.5510	1.5464	1.7374	0.2806
10:59:15	30.2	0.2848	1.6020	1.5996	1.5902	1.5250	1.5780	1.6149	1.5690	1.5033	1.5057	0.2692	0.2735	1.5735	1.7066	1.2819	1.6924	1.5043	0.2688	1.5265	1.5510	1.5281	0.2677	0.2774	1.4632	1.5411	1.1779	1.5300	1.1735	1.5244	0.2689	1.5522	1.5880	1.4903	1.5729	0.2673	1.4986	1.5913	1.5044	1.5230	1.4939	1.5498	0.2623	1.5983	1.5203	1.6630	1.1131	0.2578	1.3989	1.4734	1.6550	1.5165	1.6480	1.5183	0.2716	1.5709	0.2612	1.0760	1.5139	0.2715	1.4852	1.0733	1.5453	1.5534	1.5316	0.2667	0.2602	1.6820	0.2613	1.4430	1.5068	0.2524	1.4980	1.6805	1.5987	1.5163	1.5587	1.6024	0.2552	1.0375	0.2495	1.5956	1.4483	0.2642	1.0835	0.2706	1.6249	0.2566	1.6026	1.2019	1.6366	1.4385	0.2908	1.5531	1.5591	1.7390	0.2805
11:09:16	30.2	0.2847	1.5963	1.6048	1.5759	1.5299	1.5842	1.6198	1.5782	1.5065	1.5012	0.2693	0.2737	1.5837	1.7032	1.2988	1.6941	1.5094	0.2687	1.5274	1.5559	1.5306	0.2676	0.2773	1.4634	1.5383	1.1920	1.5342	1.1865	1.5274	0.2688	1.5600	1.5891	1.5006	1.5781	0.2674	1.5127	1.5989	1.5090	1.5365	1.4993	1.5510	0.2623	1.6018	1.5281	1.6631	1.1256	0.2579	1.3936	1.4776	1.6577	1.5177	1.6540	1.5234	0.2717	1.5755	0.2612	1.0996	1.5168	0.2717	1.4903	1.0931	1.5441	1.5576	1.5396	0.2646	0.2603	1.6860	0.2613	1.4415	1.5086	0.2523	1.5045	1.6852	1.5966	1.5283	1.5570	1.6063	0.2552	1.0597	0.2495	1.5996	1.4440	0.2642	1.0946	0.2706	1.6253	0.2567	1.6024	1.2303	1.6427	1.4421	0.2908	1.5562	1.5609	1.7459	0.2806
11:19:16	30.2	0.2848	1.5896	1.6074	1.5953	1.5314	1.5882	1.6226	1.5787	1.5006	1.5088	0.2693	0.2737	1.5814	1.7084	1.3173	1.6956	1.5122	0.2688	1.5336	1.5575	1.5330	0.2677	0.2775	1.4711	1.5414	1.2041	1.5374	1.2014	1.5212	0.2688	1.5395	1.5909	1.5008	1.5853	0.2674	1.5214	1.6015	1.5086	1.5446	1.4983	1.5540	0.2623	1.5997	1.5253	1.6695	1.1501	0.2579	1.4061	1.4737	1.6619	1.5153	1.6611	1.5292	0.2720	1.5792	0.2613	1.1209	1.5275	0.2717	1.4975	1.1125	1.5439	1.5608	1.5354	0.2639	0.2605	1.6905	0.2592	1.4476	1.5149	0.2525	1.5082	1.6883	1.6025	1.5314	1.5584	1.6048	0.2551	1.0776	0.2497	1.6055	1.4506	0.2641	1.1113	0.2707	1.6294	0.2567	1.6076	1.2488	1.6412	1.4477	0.2909	1.5579	1.5667	1.7437	0.2806
11:29:16	30.2	0.2848	1.5952	1.6102	1.5801	1.5398	1.5910	1.6232	1.5765	1.5147	1.5145	0.2695	0.2737	1.5758	1.7098	1.3346	1.6988	1.5185	0.2690	1.5379	1.5564	1.5411	0.2676	0.2775	1.4780	1.5346	1.2159	1.5412	1.2152	1.5183	0.2688	1.5564	1.5923	1.5054	1.5872	0.2675	1.5223	1.6071	1.4953	1.5439	1.4923	1.5543	0.2624	1.6062	1.5328	1.6714	1.1721	0.2580	1.4088	1.4716	1.6626	1.5165	1.6564	1.5298	0.2719	1.5905	0.2611	1.1415	1.5293	0.2717	1.5004	1.1276	1.5414	1.5648	1.5370	0.2656	0.2601	1.6921	0.2597	1.4504	1.5169	0.2525	1.5072	1.6886	1.5989	1.5317	1.5581	1.6121	0.2552	1.0949	0.2496	1.6046	1.4539	0.2642	1.1302	0.2706	1.6294	0.2568	1.6108	1.2700	1.6436	1.4477	0.2908	1.5602	1.5714	1.7454	0.2806
11:39:16	30.1	0.2849	1.5907	1.6130	1.5938	1.5411	1.5954	1.6277	1.5833	1.5128	1.5104	0.2693	0.2735	1.5815	1.7096	1.3455	1.7011	1.5222	0.2689	1.5393	1.5647	1.5431	0.2676	0.2774	1.4828	1.5361	1.2264	1.5409	1.2270	1.5212	0.2689	1.5342	1.5991	1.5078	1.5851	0.2674	1.5284	1.6050	1.5076	1.5482	1.5024	1.5643	0.2625	1.6092	1.5385	1.6703	1.1909	0.2580	1.4059	1.4676	1.6652	1.5163	1.6602	1.5375	0.2716	1.5888	0.2614	1.1620	1.5385	0.2717	1.5007	1.1449	1.5416	1.5689	1.5344	0.2641	0.2602	1.6932	0.2563	1.4532	1.5225	0.2525	1.5136	1.6921	1.6070	1.5388	1.5665	1.6120	0.2552	1.1116	0.2496	1.6087	1.4660	0.2642	1.1546	0.2706	1.6282	0.2567	1.6110	1.2885	1.6454	1.4497	0.2908	1.5593	1.5818	1.7471	0.2806
11:49:16	30.2	0.2848	1.5937	1.6125	1.5962	1.5481	1.5998	1.6288	1.5836	1.5008	1.5256	0.2693	0.2737	1.5780	1.7115	1.3584	1.7000	1.5280	0.2688	1.5398	1.5670	1.5484	0.2675	0.2774	1.4908	1.5381	1.2358	1.5428	1.2394	1.5222	0.2689	1.5338	1.6009	1.4906	1.5909	0.2675	1.5352	1.6094	1.5090	1.5467	1.4966	1.5716	0.2624	1.6136	1.5449	1.6741	1.2219	0.2581	1.4001	1.4734	1.6655	1.5222	1.6605	1.5417	0.2717	1.5903	0.2613	1.1819	1.5322	0.2716	1.5091	1.1579	1.5419	1.5738	1.5366	0.2669	0.2602	1.6989	0.2579	1.4635	1.5260	0.2523	1.5161	1.6950	1.6028	1.5432	1.5641	1.6195	0.2552	1.1295	0.2497	1.6094	1.4658	0.2642	1.1909	0.2707	1.6388	0.2567	1.6195	1.3099	1.6495	1.4523	0.2908	1.5623	1.5867	1.7506	0.2806
11:59:16	30.1	0.2848	1.5987	1.6167	1.5912	1.5462	1.6033	1.6297	1.5801	1.4860	1.5203	0.2692	0.2737	1.5847	1.7122	1.3724	1.7056	1.5311	0.2687	1.5354	1.5664	1.5524	0.2675	0.2775	1.4973	1.5332	1.2436	1.5493	1.2481	1.5661	0.2688	1.5342	1.6001	1.4970	1.5888	0.2674	1.5331	1.6061	1.5186	1.5506	1.5147	1.5751	0.2623	1.6120	1.5483	1.6751	1.2405	0.2578	1.4160	1.4856	1.6652	1.5167	1.6641	1.5419	0.2716	1.5944	0.2611	1.1981	1.5413	0.2714	1.5091	1.1714	1.5468	1.5706	1.5370	0.2641	0.2602	1.6991	0.2597	1.4618	1.5291	0.2523	1.5238	1.6914	1.6072	1.5435	1.5611	1.6184	0.2550	1.1432	0.2496	1.6057	1.4656	0.2642	1.2146	0.2707	1.6363	0.2565	1.6189	1.3220	1.6488	1.4574	0.2907	1.5594	1.5859	1.7507	0.2806
12:09:16	30.2	0.2848	1.5989	1.6189	1.6047	1.5490	1.6033	1.6361	1.5910	1.4851	1.5254	0.2693	0.2736	1.5876	1.7137	1.3811	1.7045	1.5349	0.2688	1.5350	1.5751	1.5584	0.2676	0.2774	1.4964	1.5427	1.2497	1.5530	1.2573	1.5253	0.2688	1.5259	1.6043	1.5023	1.5982	0.2673	1.5413	1.6123	1.5260	1.5534	1.5143	1.5814	0.2624	1.6152	1.5502	1.6809	1.2642	0.2578	1.3988	1.4882	1.6674	1.5186	1.6693	1.5461	0.2716	1.5880	0.2610	1.2124	1.5430	0.2714	1.5153	1.1808	1.5486	1.5726	1.5347	0.2650	0.2603	1.7046	0.2616	1.4672	1.5329	0.2525	1.5280	1.6991	1.6035	1.5469	1.5572	1.6254	0.2552	1.1574	0.2496	1.6155	1.4758	0.2641	1.2381	0.2706	1.6438	0.2566	1.6193	1.3323	1.6486	1.4587	0.2908	1.5589	1.5886	1.7552	0.2805
12:19:16	30.2	0.2849	1.6118	1.6230	1.6002	1.5502	1.6087	1.6324	1.5885	1.4921	1.5307	0.2694	0.2736	1.5868	1.7156	1.3932	1.7084	1.5366	0.2688	1.5335	1.5700	1.5621	0.2676	0.2775	1.4973	1.5396	1.2526	1.5530	1.2648	1.5359	0.2689	1.5371	1.6067	1.5094	1.5995	0.2674	1.5366	1.6139	1.5229	1.5577	1.5092	1.5832	0.2623	1.6211	1.5539	1.6782	1.2828	0.2578	1.4106	1.4920	1.6700	1.5167	1.6652	1.5469	0.2718	1.5897	0.2611	1.2277	1.5492	0.2715	1.5127	1.1893	1.5494	1.5760	1.5364	0.2640	0.2600	1.7032	0.2621	1.4714	1.5317	0.2525	1.5303	1.6998	1.6053	1.5527	1.5552	1.6249	0.2551	1.1697	0.2496	1.6149	1.4756	0.2642	1.2605	0.2706	1.6466	0.2567	1.6197	1.3497	1.6481	1.4618	0.2908	1.5597	1.5902	1.7539	0.2805
12:29:16	30.1	0.2849	1.6129	1.6216	1.6097	1.5544	1.6143	1.6345	1.5934	1.5951	1.5367	0.2693	0.2737	1.5887	1.7172	1.4017	1.7094	1.5388	0.2689	1.5321	1.5756	1.5613	0.2677	0.2776	1.4967	1.5378	1.2550	1.5573	1.2700	1.5366	0.2690	1.5587	1.6096	1.5123	1.6005	0.2674	1.5423	1.6184	1.5221	1.5606	1.5180	1.5871	0.2625	1.6195	1.5549	1.6810	1.3014	0.2577	1.4502	1.4869	1.6700	1.5166	1.6687	1.5484	0.2716	1.5942	0.2612	1.2415	1.5532	0.2716	1.5173	1.1965	1.5489	1.5772	1.5367	0.2647	0.2601	1.7066	0.2578	1.4741	1.5358	0.2524	1.5361	1.7010	1.6034	1.5536	1.5553	1.6271	0.2551	1.1837	0.2497	1.6195	1.4798	0.2642	1.2796	0.2707	1.6492	0.2568	1.6239	1.3571	1.6507	1.4635	0.2909	1.5592	1.5923	1.7559	0.2805
12:39:16	30.1	0.2849	1.6081	1.6230	1.6106	1.5576	1.6150	1.6375	1.5941	1.5342	1.5374	0.2694	0.2736	1.5796	1.7169	1.4095	1.7083	1.5429	0.2689	1.5297	1.5761	1.5688	0.2674	0.2776	1.5007	1.5454	1.2559	1.5559	1.2755	1.5338	0.2689	1.5274	1.6089	1.5096	1.6070	0.2674	1.5455	1.6186	1.5264	1.5608	1.5084	1.5875	0.2624	1.6229	1.5584	1.6860	1.3203	0.2576	1.4925	1.4922	1.6721	1.5194	1.6728	1.5500	0.2719	1.5786	0.2612	1.2536	1.5539	0.2714	1.5177	1.2025	1.5518	1.5850	1.5363	0.2644	0.2600	1.7083	0.2571	1.4776	1.5387	0.2525	1.5366	1.7050	1.6024	1.5515	1.5542	1.6261	0.2551	1.1922	0.2497	1.6195	1.5078	0.2643	1.2968	0.2706	1.6474	0.2567	1.6296	1.3685	1.6492	1.4639	0.2909	1.5583	1.5958	1.7607	0.2810
12:49:16	30.1	0.2848	1.6047	1.6298	1.6039	1.5596	1.6168	1.6381	1.5997	1.5317	1.5421	0.2695	0.2737	1.5797	1.7211	1.4178	1.7090	1.5394	0.2690	1.5248	1.5809	1.5715	0.2676	0.2774	1.5079	1.5421	1.2551	1.5588	1.2792	1.5505	0.2689	1.5493	1.6119	1.5040	1.6082	0.2674	1.5523	1.6223	1.5338	1.5656	1.5165	1.5836	0.2624	1.6226	1.5599	1.6879	1.3366	0.2575	1.4681	1.4930	1.6738	1.5188	1.6736	1.5515	0.2718	1.5939	0.2612	1.2649	1.5513	0.2717	1.5293	1.2064	1.5517	1.5908	1.5351	0.2639	0.2602	1.7050	0.2628	1.4828	1.5426	0.2526	1.5374	1.7041	1.5952	1.5558	1.5472	1.6291	0.2552	1.2064	0.2497	1.6216	1.4841	0.2642	1.3113	0.2707	1.6516	0.2568	1.6275	1.3757	1.6483	1.4681	0.2912	1.5588	1.6007	1.7625	0.2807
12:59:16	30.2	0.2851	1.5964	1.6274	1.6154	1.5646	1.6230	1.6429	1.6021	1.5450	1.5348	0.2695	0.2738	1.5785	1.7211	1.4229	1.7112	1.5459	0.2690	1.5272	1.5843	1.5727	0.2676	0.2776	1.4961	1.5590	1.2519	1.5690	1.2826	1.5339	0.2690	1.5393	1.6140	1.5331	1.6118	0.2676	1.5484	1.6234	1.5334	1.5666	1.5218	1.5932	0.2626	1.6283	1.5638	1.6883	1.3546	0.2576	1.4933	1.4962	1.6737	1.5187	1.6743	1.5578	0.2722	1.5887	0.2613	1.2732	1.5622	0.2716	1.5228	1.2084	1.5534	1.5959	1.5335	0.2659	0.2604	1.7137	0.2604	1.4856	1.5466	0.2529	1.5413	1.7062	1.5985	1.5601	1.5448	1.6370	0.2552	1.2151	0.2498	1.6228	1.5020	0.2643	1.3283	0.2707	1.6572	0.2567	1.6331	1.3875	1.6466	1.4728	0.2909	1.5588	1.6031	1.7613	0.2806
13:09:16	30.2	0.2852	1.6063	1.6300	1.6054	1.5652	1.6230	1.6460	1.5990	1.5091	1.5459	0.2694	0.2737	1.5695	1.7219	1.4279	1.7106	1.5482	0.2690	1.5225	1.5844	1.5771	0.2677	0.2776	1.5037	1.5357	1.2490	1.5638	1.2838	1.5393	0.2689	1.5411	1.6156	1.5244	1.6128	0.2676	1.5516	1.6246	1.5372	1.5627	1.5242	1.5915	0.2624	1.6291	1.5648	1.6895	1.3676	0.2576	1.4607	1.5100	1.6785	1.5174	1.6763	1.5576	0.2718	1.5794	0.2612	1.2840	1.5635	0.2716	1.5259	1.2065	1.5465	1.5951	1.5286	0.2642	0.2604	1.7153	0.2611	1.4908	1.5479	0.2527	1.5423	1.7110	1.5977	1.5598	1.5495	1.6371	0.2552	1.2254	0.2497	1.6258	1.5005	0.2644	1.3393	0.2707	1.6570	0.2567	1.6332	1.3965	1.6478	1.4769	0.2909	1.5578	1.6017	1.7633	0.2805
13:19:16	30.1	0.2851	1.6046	1.6349	1.6047	1.5660	1.6260	1.6448	1.6001	1.4974	1.5451	0.2694	0.2737	1.5673	1.7256	1.4331	1.7116	1.5487	0.2690	1.5208	1.5851	1.5786	0.2675	0.2776	1.5034	1.5393	1.2478	1.5702	1.2847	1.5363	0.2689	1.5484	1.6190	1.4938	1.6191	0.2675	1.5579	1.6258	1.5416	1.5668	1.5327	1.5908	0.2625	1.6313	1.5646	1.6926	1.3805	0.2576	1.4568	1.5028	1.6774	1.5155	1.6773	1.5603	0.2718	1.5822	0.2611	1.2925	1.5603	0.2717	1.5291	1.2066	1.5483	1.5994	1.5291	0.2640	0.2600	1.7120	0.2570	1.4908	1.5498	0.2526	1.5465	1.7107	1.6009	1.5630	1.5448	1.6368	0.2551	1.2336	0.2496	1.6281	1.5070	0.2642	1.3485	0.2707	1.6559	0.2566	1.6323	1.4030	1.6469	1.4773	0.2908	1.5558	1.6067	1.7666	0.2808
13:29:16	30.1	0.2851	1.6028	1.6363	1.6090	1.5691	1.6315	1.6536	1.6024	1.5296	1.5457	0.2694	0.2736	1.5753	1.7245	1.4354	1.7128	1.5557	0.2689	1.5198	1.5902	1.5820	0.2675	0.2775	1.5114	1.5383	1.2452	1.5704	1.2855	1.5545	0.2690	1.5494	1.6213	1.4945	1.6203	0.2675	1.5581	1.6250	1.5435	1.5685	1.5278	1.5976	0.2624	1.6367	1.5684	1.6967	1.3953	0.2576	1.4566	1.5069	1.6815	1.5161	1.6770	1.5656	0.2719	1.5931	0.2613	1.2996	1.5563	0.2715	1.5243	1.2027	1.5461	1.6022	1.5281	0.2670	0.2601	1.7155	0.2587	1.4989	1.5539	0.2527	1.5513	1.7117	1.5843	1.5676	1.5479	1.6413	0.2550	1.2424	0.2495	1.6288	1.5089	0.2642	1.3598	0.2707	1.6561	0.2566	1.6340	1.4046	1.6441	1.4814	0.2908	1.5552	1.6091	1.7677	0.2807
13:39:16	30.1	0.2850	1.6070	1.6398	1.6099	1.5682	1.6336	1.6499	1.6016	1.5296	1.5511	0.2693	0.2736	1.5808	1.7231	1.4378	1.7124	1.5532	0.2690	1.5117	1.5915	1.5846	0.2683	0.2775	1.5201	1.5294	1.2415	1.5658	1.2845	1.5363	0.2689	1.6520	1.6233	1.5047	1.6232	0.2675	1.5573	1.6301	1.5505	1.5721	1.5218	1.5960	0.2624	1.6336	1.5702	1.6950	1.4036	0.2577	1.4522	1.5043	1.6802	1.5225	1.6812	1.5668	0.2719	1.5944	0.2612	1.3067	1.5597	0.2715	1.5274	1.1987	1.5493	1.6002	1.5273	0.2655	0.2600	1.7157	0.2604	1.4986	1.5499	0.2525	1.5532	1.7139	1.6247	1.5688	1.5699	1.6403	0.2552	1.2490	0.2495	1.6253	1.5155	0.2642	1.3689	0.2706	1.6562	0.2567	1.6333	1.4120	1.6464	1.4890	0.2909	1.5537	1.6111	1.7686	0.2808
13:49:16	30.2	0.2851	1.6298	1.6376	1.6063	1.5704	1.6346	1.6526	1.6057	1.5493	1.5568	0.2694	0.2736	1.5765	1.7270	1.4401	1.7145	1.5589	0.2690	1.4996	1.5952	1.5892	0.2675	0.2775	1.5126	1.5284	1.2333	1.5703	1.2807	1.5322	0.2690	1.5637	1.6227	1.5001	1.6216	0.2676	1.5631	1.6310	1.5576	1.5733	1.5452	1.5997	0.2624	1.6376	1.5730	1.6951	1.4110	0.2577	1.4746	1.5258	1.6830	1.5173	1.6828	1.5705	0.2718	1.5901	0.2611	1.3120	1.5668	0.2715	1.5361	1.1952	1.5452	1.6111	1.5202	0.2640	0.2603	1.7155	0.2612	1.5046	1.5593	0.2526	1.5548	1.7181	1.5897	1.5719	1.5479	1.6435	0.2551	1.2551	0.2497	1.6318	1.4972	0.2643	1.3763	0.2707	1.6581	0.2567	1.6375	1.4177	1.6463	1.4902	0.2910	1.5522	1.6170	1.7717	0.2808
13:59:16	30.1	0.2850	1.6251	1.6385	1.6250	1.5715	1.6359	1.6544	1.6064	1.5832	1.5591	0.2695	0.2737	1.5781	1.7270	1.4441	1.7129	1.5585	0.2688	1.4970	1.5926	1.5883	0.2675	0.2775	1.5138	1.5322	1.2265	1.5726	1.2774	1.5352	0.2689	1.5421	1.6254	1.5056	1.6218	0.2674	1.5687	1.6357	1.5563	1.5726	1.5445	1.6027	0.2624	1.6371	1.5756	1.6947	1.4173	0.2579	1.4778	1.5155	1.6843	1.5140	1.6843	1.5709	0.2718	1.5906	0.2612	1.3167	1.5646	0.2715	1.5351	1.1904	1.5432	1.6060	1.5165	0.2649	0.2602	1.7133	0.2584	1.5076	1.5612	0.2525	1.5553	1.7137	1.5801	1.5739	1.5646	1.6465	0.2552	1.2589	0.2495	1.6320	1.5167	0.2643	1.3826	0.2708	1.6606	0.2567	1.6350	1.4185	1.6452	1.4929	0.2910	1.5494	1.6138	1.7695	0.2806
14:09:16	30.1	0.2850	1.6160	1.6412	1.6178	1.5757	1.6406	1.6561	1.6092	1.5394	1.5614	0.2695	0.2735	1.5842	1.7277	1.4449	1.7152	1.5610	0.2691	1.4937	1.5998	1.5916	0.2675	0.2775	1.5195	1.5389	1.2179	1.5760	1.2725	1.5344	0.2691	1.5491	1.6276	1.5180	1.6228	0.2676	1.5683	1.6387	1.5568	1.5729	1.5410	1.6061	0.2625	1.6439	1.5778	1.6940	1.4210	0.2579	1.4799	1.5265	1.6836	1.5156	1.6843	1.5721	0.2718	1.5897	0.2613	1.3211	1.5674	0.2716	1.5363	1.1833	1.5396	1.6121	1.5113	0.2640	0.2602	1.7115	0.2617	1.5101	1.5633	0.2526	1.5591	1.7190	1.5751	1.5738	1.5475	1.6476	0.2551	1.2630	0.2495	1.6337	1.5174	0.2643	1.3867	0.2709	1.6639	0.2566	1.6384	1.4238	1.6413	1.4970	0.2908	1.5454	1.6124	1.7705	0.2807
14:19:16	30.1	0.2851	1.6141	1.6435	1.6335	1.5760	1.6383	1.6547	1.6101	1.5511	1.5643	0.2696	0.2736	1.5868	1.7304	1.4469	1.7141	1.5644	0.2690	1.4885	1.5961	1.5913	0.2675	0.2776	1.5246	1.5289	1.2076	1.5762	1.2677	1.5387	0.2690	1.5729	1.6285	1.5049	1.6245	0.2676	1.5736	1.6386	1.5638	1.5793	1.5483	1.6067	0.2625	1.6407	1.5792	1.6936	1.4277	0.2580	1.4938	1.5280	1.6866	1.5099	1.6846	1.5760	0.2717	1.5915	0.2612	1.3242	1.5716	0.2716	1.5416	1.1778	1.5394	1.6101	1.5116	0.2646	0.2603	1.7097	0.2623	1.5175	1.5656	0.2526	1.5624	1.7196	1.5699	1.5780	1.5497	1.6488	0.2551	1.2649	0.2496	1.6318	1.5195	0.2643	1.3913	0.2709	1.6622	0.2567	1.6369	1.4265	1.6397	1.4988	0.2909	1.5422	1.6119	1.7684	0.2807
14:29:16	30.1	0.2852	1.5948	1.6418	1.6140	1.5795	1.6388	1.6515	1.6098	1.5842	1.5639	0.2694	0.2738	1.5782	1.7280	1.4463	1.7153	1.5670	0.2691	1.4848	1.5971	1.5916	0.2675	0.2775	1.5243	1.5239	1.1983	1.5785	1.2628	1.5509	0.2691	1.5689	1.6294	1.5151	1.6193	0.2677	1.5697	1.6378	1.5600	1.5823	1.5433	1.6058	0.2625	1.6385	1.5802	1.6919	1.4311	0.2581	1.4679	1.5319	1.6859	1.5141	1.6857	1.5765	0.2718	1.5960	0.2614	1.3258	1.5739	0.2717	1.5373	1.1715	1.5389	1.6075	1.5173	0.2670	0.2604	1.7091	0.2604	1.5163	1.5682	0.2527	1.5607	1.7202	1.5703	1.5762	1.5466	1.6473	0.2552	1.2673	0.2496	1.6286	1.5183	0.2644	1.3964	0.2709	1.6581	0.2568	1.6353	1.4278	1.6420	1.5032	0.2911	1.5407	1.6082	1.7676	0.2807
14:39:16	30.1	0.2852	1.6385	1.6407	1.6391	1.5786	1.6446	1.6584	1.6132	1.5497	1.5640	0.2695	0.2737	1.6241	1.7281	1.4483	1.7144	1.5680	0.2689	1.4717	1.5993	1.5906	0.2675	0.2776	1.5279	1.5180	1.1849	1.5790	1.2573	1.5619	0.2689	1.5495	1.6317	1.5245	1.6177	0.2675	1.5691	1.6441	1.5655	1.5835	1.5435	1.6092	0.2625	1.6389	1.5842	1.6913	1.4328	0.2581	1.4691	1.5325	1.6875	1.5130	1.6841	1.5794	0.2718	1.5922	0.2613	1.3258	1.5740	0.2716	1.5390	1.1652	1.5342	1.6105	1.5062	0.2640	0.2600	1.7111	0.2619	1.5211	1.5706	0.2527	1.5577	1.7203	1.5711	1.5771	1.5500	1.6436	0.2551	1.2688	0.2495	1.6307	1.5179	0.2644	1.4005	0.2709	1.6631	0.2567	1.6361	1.4265	1.6449	1.5042	0.2910	1.5380	1.6124	1.7665	0.2807
14:49:16	30.1	0.2851	1.6127	1.6464	1.6732	1.5837	1.6472	1.6565	1.6123	1.5481	1.5665	0.2694	0.2736	1.6170	1.7294	1.4434	1.7136	1.5698	0.2689	1.4641	1.6054	1.5891	0.2677	0.2776	1.5276	1.5195	1.1704	1.5861	1.2471	1.5263	0.2689	1.5685	1.6309	1.5359	1.6158	0.2676	1.5708	1.6442	1.5669	1.5882	1.5573	1.6100	0.2625	1.6384	1.5922	1.6899	1.4354	0.2580	1.4764	1.5401	1.6877	1.5067	1.6847	1.5820	0.2718	1.5912	0.2612	1.3243	1.5745	0.2716	1.5466	1.1570	1.5314	1.6103	1.5004	0.2669	0.2602	1.7112	0.2619	1.5260	1.5728	0.2525	1.5630	1.7238	1.5687	1.5839	1.5440	1.6435	0.2551	1.2675	0.2495	1.6321	1.5168	0.2643	1.4034	0.2707	1.6640	0.2566	1.6392	1.4241	1.6352	1.5065	0.2910	1.5329	1.6091	1.7654	0.2808
14:59:16	30.1	0.2850	1.6192	1.6486	1.6146	1.5838	1.6453	1.6542	1.6147	1.5780	1.5668	0.2694	0.2736	1.5801	1.7269	1.4474	1.7169	1.5697	0.2690	1.4559	1.6041	1.5898	0.2675	0.2775	1.5307	1.5160	1.1596	1.5864	1.2402	1.5380	0.2689	1.5383	1.6344	1.5395	1.6175	0.2675	1.5677	1.6461	1.5708	1.5895	1.5581	1.6058	0.2624	1.6375	1.5874	1.6913	1.4400	0.2581	1.5153	1.5423	1.6891	1.5075	1.6829	1.5817	0.2719	1.5921	0.2612	1.3231	1.5748	0.2715	1.5518	1.1488	1.5289	1.6075	1.4955	0.2638	0.2601	1.7126	0.2608	1.5281	1.5707	0.2527	1.5632	1.7229	1.5714	1.5833	1.5408	1.6431	0.2551	1.2683	0.2496	1.6330	1.5213	0.2643	1.4076	0.2707	1.6634	0.2566	1.6389	1.4312	1.6342	1.5087	0.2910	1.5307	1.6092	1.7654	0.2809
15:09:16	30.1	0.2850	1.6069	1.6462	1.6247	1.5851	1.6446	1.6511	1.6153	1.5384	1.5732	0.2693	0.2735	1.5854	1.7258	1.4475	1.7149	1.5714	0.2690	1.4538	1.6043	1.5857	0.2675	0.2776	1.5209	1.5128	1.1484	1.5861	1.2309	1.5319	0.2689	1.5385	1.6349	1.5416	1.6171	0.2677	1.5649	1.6474	1.5696	1.5887	1.5547	1.6033	0.2624	1.6382	1.5881	1.6913	1.4435	0.2581	1.4886	1.5475	1.6895	1.5042	1.6846	1.5840	0.2717	1.5901	0.2611	1.3195	1.5722	0.2714	1.5482	1.1365	1.5271	1.6082	1.4927	0.2658	0.2602	1.7128	0.2607	1.5285	1.5674	0.2527	1.5622	1.7207	1.5686	1.5823	1.5615	1.6420	0.2551	1.2658	0.2494	1.6374	1.5146	0.2644	1.4120	0.2708	1.6648	0.2567	1.6372	1.4329	1.6350	1.5128	0.2910	1.5282	1.6100	1.7665	0.2806
15:19:16	30.1	0.2849	1.6177	1.6433	1.6064	1.5856	1.6413	1.6539	1.6143	1.5516	1.5682	0.2695	0.2737	1.5902	1.7267	1.4480	1.7155	1.5737	0.2690	1.4490	1.6031	1.5829	0.2676	0.2775	1.5306	1.5456	1.1372	1.5887	1.2223	1.5346	0.2690	1.5409	1.6359	1.5470	1.6141	0.2676	1.5640	1.6487	1.5664	1.5885	1.5532	1.6046	0.2626	1.6383	1.5932	1.6924	1.4471	0.2580	1.4845	1.5475	1.6918	1.5013	1.6840	1.5823	0.2719	1.5883	0.2612	1.3155	1.5738	0.2717	1.5479	1.1305	1.5260	1.6050	1.4866	0.2661	0.2603	1.7126	0.2583	1.5301	1.5713	0.2526	1.5623	1.7199	1.5672	1.5828	1.5373	1.6454	0.2552	1.2655	0.2497	1.6370	1.5141	0.2643	1.4164	0.2707	1.6653	0.2566	1.6405	1.4323	1.6330	1.5128	0.2910	1.5267	1.6091	1.7673	0.2807
15:29:16	30.1	0.2852	1.6044	1.6415	1.6068	1.5872	1.6390	1.6553	1.6131	1.5526	1.5682	0.2695	0.2736	1.5878	1.7289	1.4464	1.7156	1.5756	0.2690	1.4470	1.6074	1.5834	0.2677	0.2776	1.5355	1.5098	1.1257	1.5873	1.2110	1.5228	0.2691	1.5318	1.6352	1.5472	1.6148	0.2675	1.5618	1.6492	1.5784	1.5933	1.5739	1.6050	0.2625	1.6394	1.5953	1.6927	1.4508	0.2580	1.4798	1.5436	1.6902	1.5066	1.6849	1.5844	0.2718	1.5856	0.2613	1.3102	1.5750	0.2716	1.5486	1.1198	1.5241	1.6076	1.4825	0.2658	0.2602	1.7150	0.2624	1.5366	1.5706	0.2526	1.5630	1.7179	1.5553	1.5807	1.5327	1.6441	0.2552	1.2646	0.2496	1.6363	1.5173	0.2643	1.4220	0.2707	1.6667	0.2567	1.6405	1.4304	1.6312	1.5176	0.2911	1.5287	1.6097	1.7681	0.2808
15:39:16	30.1	0.2851	1.6014	1.6408	1.5899	1.5861	1.6404	1.6540	1.6084	1.5716	1.5672	0.2693	0.2736	1.5875	1.7287	1.4467	1.7167	1.5807	0.2689	1.4383	1.6067	1.5841	0.2674	0.2774	1.5242	1.5093	1.1141	1.5912	1.1986	1.5185	0.2689	1.5446	1.6378	1.5342	1.6153	0.2676	1.5647	1.6502	1.5799	1.5943	1.5574	1.6055	0.2624	1.6403	1.5955	1.6929	1.4504	0.2580	1.4797	1.5507	1.6913	1.5224	1.6852	1.5835	0.2717	1.5855	0.2612	1.3050	1.5750	0.2716	1.5478	1.1104	1.5196	1.6068	1.4770	0.2640	0.2602	1.7138	0.2596	1.5372	1.5700	0.2526	1.5614	1.7188	1.5552	1.5796	1.5316	1.6461	0.2551	1.2620	0.2496	1.6384	1.5150	0.2642	1.4233	0.2706	1.6690	0.2567	1.6394	1.4309	1.6285	1.5170	0.2909	1.5207	1.6084	1.7662	0.2806
15:49:16	30.1	0.2852	1.5979	1.6395	1.6211	1.5905	1.6422	1.6561	1.6103	1.5465	1.5667	0.2694	0.2738	1.5907	1.7288	1.4443	1.7177	1.5813	0.2690	1.4297	1.6066	1.5873	0.2676	0.2775	1.5287	1.5079	1.1023	1.5899	1.1883	1.5203	0.2690	1.5314	1.6375	1.5430	1.6182	0.2674	1.5629	1.6506	1.5842	1.5951	1.5689	1.6069	0.2625	1.6409	1.5974	1.6936	1.4528	0.2579	1.4811	1.5586	1.6918	1.4954	1.6864	1.5825	0.2718	1.5802	0.2612	1.2990	1.5749	0.2715	1.5504	1.1022	1.5224	1.6083	1.4745	0.2670	0.2602	1.7145	0.2617	1.5366	1.5709	0.2527	1.5626	1.7191	1.5487	1.5787	1.5244	1.6449	0.2551	1.2595	0.2495	1.6403	1.5123	0.2645	1.4284	0.2708	1.6684	0.2567	1.6388	1.4320	1.6272	1.5240	0.2910	1.5165	1.6094	1.7667	0.2806
15:59:16	30.1	0.2853	1.6014	1.6404	1.6203	1.5889	1.6424	1.6576	1.6102	1.5272	1.5621	0.2695	0.2738	1.5909	1.7291	1.4413	1.7175	1.5792	0.2690	1.4268	1.6069	1.5854	0.2675	0.2775	1.5251	1.4994	1.0896	1.5900	1.1750	1.5164	0.2690	1.5302	1.6391	1.5247	1.6164	0.2677	1.5634	1.6520	1.5835	1.5935	1.5711	1.6083	0.2625	1.6421	1.5986	1.6949	1.4549	0.2579	1.4740	1.5576	1.6930	1.4953	1.6874	1.5853	0.2719	1.5746	0.2612	1.2923	1.5729	0.2717	1.5512	1.0924	1.5176	1.6090	1.4684	0.2641	0.2603	1.7150	0.2585	1.5390	1.5714	0.2527	1.5635	1.7195	1.5494	1.5780	1.5243	1.6472	0.2551	1.2555	0.2496	1.6396	1.5145	0.2644	1.4302	0.2708	1.6690	0.2569	1.6425	1.4301	1.6227	1.5275	0.2911	1.5104	1.6090	1.7681	0.2810
16:09:16	30.1	0.2853	1.5903	1.6429	1.6250	1.5862	1.6443	1.6587	1.6117	1.5292	1.5665	0.2695	0.2738	1.6111	1.7286	1.4431	1.7175	1.5775	0.2690	1.4159	1.6037	1.5860	0.2676	0.2776	1.5229	1.5037	1.0820	1.5902	1.1652	1.5509	0.2691	1.5413	1.6362	1.5311	1.6162	0.2676	1.5643	1.6506	1.5807	1.5963	1.5643	1.6061	0.2626	1.6391	1.5933	1.6958	1.4565	0.2578	1.5122	1.5636	1.6918	1.4901	1.6867	1.5837	0.2720	1.5816	0.2612	1.2881	1.5749	0.2716	1.5503	1.0842	1.5140	1.6086	1.4658	0.2647	0.2603	1.7148	0.2582	1.5550	1.5718	0.2527	1.5614	1.7187	1.5523	1.5797	1.5183	1.6449	0.2553	1.2534	0.2496	1.6391	1.5145	0.2645	1.4324	0.2708	1.6673	0.2568	1.6436	1.4249	1.6199	1.5275	0.2910	1.5048	1.6080	1.7687	0.2808
16:19:16	30.1	0.2853	1.5822	1.6428	1.6191	1.5843	1.6429	1.6582	1.6117	1.5190	1.5648	0.2694	0.2736	1.6029	1.7289	1.4423	1.7182	1.5768	0.2689	1.4017	1.6045	1.5889	0.2674	0.2774	1.5225	1.4968	1.0715	1.5900	1.1545	1.5191	0.2690	1.5352	1.6371	1.5441	1.6171	0.2675	1.5660	1.6521	1.5871	1.5957	1.5679	1.6079	0.2625	1.6427	1.5940	1.6955	1.4584	0.2576	1.4902	1.5638	1.6924	1.4935	1.6895	1.5847	0.2719	1.5808	0.2612	1.2828	1.5767	0.2715	1.5544	1.0765	1.5129	1.6117	1.4602	0.2664	0.2601	1.7161	0.2575	1.5458	1.5737	0.2526	1.5643	1.7195	1.5448	1.5845	1.5289	1.6482	0.2551	1.2497	0.2494	1.6414	1.5148	0.2642	1.4336	0.2706	1.6697	0.2566	1.6469	1.4287	1.6193	1.5305	0.2908	1.4983	1.6110	1.7692	0.2806
16:29:16	30.1	0.2851	1.5992	1.6456	1.5892	1.5866	1.6457	1.6594	1.6115	1.5240	1.5653	0.2694	0.2738	1.5983	1.7308	1.4404	1.7194	1.5774	0.2690	1.3650	1.6059	1.5892	0.2675	0.2775	1.5209	1.4956	1.0625	1.5916	1.1432	1.5141	0.2691	1.5405	1.6358	1.5201	1.6198	0.2676	1.5655	1.6519	1.5849	1.5977	1.5731	1.6099	0.2625	1.6424	1.5953	1.6966	1.4588	0.2580	1.4942	1.5633	1.6913	1.4900	1.6885	1.5866	0.2720	1.5799	0.2613	1.2773	1.5797	0.2718	1.5547	1.0678	1.5080	1.6106	1.4555	0.2641	0.2601	1.7173	0.2611	1.5513	1.5723	0.2527	1.5652	1.7179	1.5472	1.5782	1.5208	1.6499	0.2554	1.2460	0.2495	1.6422	1.5181	0.2643	1.4364	0.2708	1.6657	0.2568	1.6470	1.4270	1.6116	1.5320	0.2910	1.4947	1.6094	1.7702	0.2807
16:39:16	30.1	0.2851	1.5637	1.6454	1.6054	1.5847	1.6446	1.6616	1.6135	1.5109	1.5674	0.2693	0.2736	1.6211	1.7300	1.4421	1.7192	1.5778	0.2689	1.3391	1.6060	1.5872	0.2673	0.2776	1.5250	1.4897	1.0563	1.5923	1.1359	1.5090	0.2690	1.5429	1.6367	1.5510	1.6202	0.2675	1.5639	1.6519	1.5892	1.5959	1.5739	1.6079	0.2626	1.6426	1.5956	1.6963	1.4607	0.2577	1.5235	1.5618	1.6931	1.4849	1.6911	1.5863	0.2719	1.5798	0.2612	1.2712	1.5826	0.2716	1.5562	1.0624	1.5038	1.6125	1.4647	0.2652	0.2602	1.7187	0.2583	1.5540	1.5759	0.2527	1.5685	1.7191	1.5453	1.5829	1.5243	1.6491	0.2551	1.2419	0.2494	1.6420	1.5191	0.2643	1.4398	0.2707	1.6677	0.2567	1.6468	1.4278	1.6140	1.5344	0.2910	1.4888	1.6078	1.7703	0.2806
16:49:16	30.1	0.2853	1.5774	1.6468	1.6078	1.5889	1.6451	1.6625	1.6139	1.5009	1.5621	0.2694	0.2738	1.5990	1.7309	1.4396	1.7201	1.5806	0.2688	1.3407	1.6058	1.5890	0.2675	0.2775	1.5146	1.4970	1.0480	1.5940	1.1234	1.5160	0.2691	1.5262	1.6386	1.5346	1.6201	0.2676	1.5621	1.6522	1.5961	1.5989	1.5765	1.6090	0.2625	1.6426	1.5978	1.6974	1.4593	0.2578	1.4906	1.5620	1.6940	1.4835	1.6925	1.5898	0.2716	1.6180	0.2613	1.2641	1.5818	0.2715	1.5577	1.0554	1.5008	1.6136	1.4511	0.2643	0.2603	1.7180	0.2610	1.5607	1.5759	0.2527	1.5659	1.7195	1.5450	1.5884	1.5134	1.6510	0.2552	1.2385	0.2496	1.6431	1.5172	0.2643	1.4395	0.2707	1.6692	0.2566	1.6455	1.4198	1.6054	1.5373	0.2912	1.4813	1.6080	1.7697	0.2809
16:59:16	30.1	0.2851	1.5740	1.6465	1.6137	1.5907	1.6485	1.6655	1.6142	1.5076	1.5643	0.2695	0.2737	1.6019	1.7310	1.4376	1.7211	1.5828	0.2690	1.3466	1.6072	1.5894	0.2676	0.2775	1.5194	1.4868	1.0404	1.5941	1.1139	1.5054	0.2691	1.5306	1.6365	1.5203	1.6206	0.2676	1.5640	1.6537	1.5938	1.5988	1.5632	1.6119	0.2626	1.6432	1.5988	1.6993	1.4611	0.2578	1.4899	1.5756	1.6940	1.4832	1.6936	1.5912	0.2718	1.5777	0.2614	1.2568	1.5824	0.2719	1.5597	1.0481	1.5007	1.6144	1.4481	0.2641	0.2603	1.7192	0.2574	1.5508	1.5773	0.2527	1.5653	1.7176	1.5359	1.5888	1.5172	1.6510	0.2552	1.2375	0.2496	1.6415	1.5148	0.2644	1.4421	0.2708	1.6686	0.2568	1.6465	1.4227	1.6055	1.5374	0.2910	1.4725	1.6093	1.7685	0.2811
17:09:16	30.1	0.2853	1.5989	1.6477	1.6178	1.5898	1.6500	1.6628	1.6138	1.5086	1.5655	0.2694	0.2737	1.6035	1.7312	1.4384	1.7199	1.5820	0.2689	1.3470	1.6069	1.5912	0.2676	0.2776	1.5137	1.4898	1.0336	1.5942	1.1049	1.5070	0.2690	1.5523	1.6406	1.5402	1.6218	0.2676	1.5657	1.6546	1.5927	1.6001	1.5624	1.6120	0.2626	1.6447	1.6014	1.6989	1.4615	0.2577	1.4896	1.5839	1.6932	1.4800	1.6931	1.5870	0.2718	1.5785	0.2613	1.2496	1.5812	0.2715	1.5561	1.0426	1.5034	1.6149	1.4441	0.2645	0.2604	1.7203	0.2593	1.5732	1.5781	0.2526	1.5668	1.7198	1.5460	1.5873	1.5132	1.6529	0.2553	1.2326	0.2494	1.6451	1.5143	0.2643	1.4424	0.2707	1.6673	0.2568	1.6462	1.4222	1.6027	1.5375	0.2911	1.4671	1.6078	1.7694	0.2807
17:19:16	30.1	0.2853	1.6069	1.6486	1.6033	1.5889	1.6485	1.6625	1.6156	1.5130	1.5673	0.2694	0.2737	1.5972	1.7316	1.4361	1.7207	1.5841	0.2688	1.3305	1.6081	1.5922	0.2677	0.2776	1.5190	1.4854	1.0277	1.5962	1.0956	1.5099	0.2692	1.5282	1.6398	1.5250	1.6256	0.2676	1.5650	1.6558	1.5976	1.6015	1.5701	1.6126	0.2626	1.6449	1.6014	1.6993	1.4623	0.2579	1.5412	1.5646	1.6935	1.4782	1.6948	1.5903	0.2719	1.5846	0.2613	1.2424	1.5850	0.2717	1.5531	1.0365	1.4990	1.6155	1.4390	0.2645	0.2599	1.7220	0.2619	1.5730	1.5803	0.2527	1.5653	1.7214	1.5468	1.5823	1.5083	1.6521	0.2553	1.2265	0.2496	1.6439	1.5115	0.2644	1.4449	0.2709	1.6690	0.2566	1.6460	1.4219	1.6001	1.5443	0.2911	1.4590	1.6084	1.7708	0.2807
17:29:16	30.1	0.2852	1.5970	1.6497	1.6028	1.5899	1.6492	1.6658	1.6168	1.5134	1.5636	0.2694	0.2737	1.5881	1.7329	1.4347	1.7214	1.5842	0.2689	1.3191	1.6069	1.5920	0.2675	0.2775	1.5230	1.5313	1.0234	1.5956	1.0903	1.5117	0.2690	1.5275	1.6388	1.5485	1.6261	0.2675	1.5656	1.6549	1.5864	1.6003	1.5714	1.6159	0.2625	1.6460	1.6011	1.6992	1.4635	0.2576	1.5037	1.5750	1.6937	1.4754	1.6940	1.5909	0.2718	1.5966	0.2614	1.2353	1.5826	0.2717	1.5593	1.0326	1.4996	1.6171	1.4342	0.2659	0.2603	1.7226	0.2573	1.5760	1.5793	0.2527	1.5682	1.7213	1.5290	1.5876	1.5181	1.6530	0.2552	1.2225	0.2495	1.6451	1.5110	0.2643	1.4470	0.2707	1.6696	0.2567	1.6475	1.4207	1.5959	1.5398	0.2910	1.4530	1.6100	1.7702	0.2808
17:39:16	30.0	0.2852	1.5939	1.6492	1.5884	1.5940	1.6495	1.6659	1.6178	1.5052	1.5698	0.2694	0.2736	1.6040	1.7328	1.4320	1.7223	1.5858	0.2689	1.3172	1.6088	1.5904	0.2674	0.2776	1.5218	1.4770	1.0175	1.5958	1.0817	1.5025	0.2691	1.5245	1.6401	1.5351	1.6237	0.2677	1.5644	1.6556	1.5929	1.6019	1.5649	1.6143	0.2625	1.6455	1.6041	1.7010	1.4638	0.2578	1.4896	1.5830	1.6950	1.4715	1.6961	1.5930	0.2718	1.5866	0.2613	1.2267	1.5861	0.2715	1.5615	1.0273	1.4947	1.6178	1.4278	0.2643	0.2603	1.7208	0.2594	1.5627	1.5820	0.2527	1.5698	1.7226	1.5525	1.5885	1.5128	1.6533	0.2552	1.2142	0.2495	1.6513	1.5075	0.2644	1.4472	0.2707	1.6686	0.2565	1.6460	1.4189	1.6000	1.5443	0.2909	1.4472	1.6104	1.7697	0.2807
17:49:16	30.2	0.2852	1.5759	1.6487	1.5942	1.5967	1.6499	1.6669	1.6195	1.5464	1.5686	0.2694	0.2737	1.5720	1.7331	1.4307	1.7226	1.5866	0.2691	1.3206	1.6103	1.5925	0.2674	0.2775	1.5223	1.4758	1.0114	1.5998	1.0740	1.5249	0.2691	1.5267	1.6399	1.5219	1.6261	0.2676	1.5633	1.6566	1.5870	1.6022	1.5694	1.6136	0.2625	1.6459	1.6057	1.7010	1.4639	0.2578	1.5251	1.5718	1.6944	1.4756	1.6973	1.5928	0.2720	1.5889	0.2614	1.2193	1.5831	0.2717	1.5615	1.0218	1.5298	1.6204	1.4236	0.2666	0.2604	1.7226	0.2618	1.5765	1.5833	0.2527	1.5694	1.7239	1.5251	1.5889	1.5072	1.6537	0.2552	1.2084	0.2496	1.6503	1.5064	0.2643	1.4487	0.2707	1.6703	0.2566	1.6495	1.4179	1.5963	1.5436	0.2910	1.4435	1.6086	1.7718	0.2808
17:59:16	30.1	0.2852	1.5738	1.6500	1.5831	1.5961	1.6510	1.6691	1.6191	1.4886	1.5670	0.2694	0.2737	1.5983	1.7335	1.4295	1.7232	1.5869	0.2690	1.3133	1.6103	1.5933	0.2674	0.2774	1.5212	1.4806	1.0057	1.5991	1.0664	1.4921	0.2691	1.5800	1.6417	1.5340	1.6282	0.2674	1.5632	1.6569	1.5947	1.6020	1.5574	1.6153	0.2625	1.6463	1.6053	1.7022	1.4635	0.2577	1.4993	1.5784	1.6957	1.4694	1.6957	1.5957	0.2718	1.5929	0.2612	1.2099	1.5836	0.2715	1.5641	1.0173	1.4854	1.6193	1.4173	0.2642	0.2600	1.7241	0.2597	1.5802	1.5830	0.2527	1.5690	1.7244	1.5227	1.5890	1.5087	1.6534	0.2551	1.2017	0.2494	1.6474	1.5053	0.2642	1.4500	0.2707	1.6711	0.2566	1.6496	1.4170	1.5947	1.5485	0.2908	1.4381	1.6098	1.7728	0.2806
18:09:16	30.1	0.2853	1.5845	1.6519	1.5811	1.5937	1.6540	1.6697	1.6206	1.5204	1.5667	0.2695	0.2737	1.6139	1.7346	1.4274	1.7240	1.5883	0.2689	1.3140	1.6104	1.5943	0.2674	0.2775	1.5227	1.4810	1.0009	1.5990	1.0601	1.4883	0.2689	1.5357	1.6415	1.5255	1.6289	0.2676	1.5637	1.6578	1.5848	1.5991	1.5521	1.6150	0.2626	1.6486	1.6070	1.7021	1.4629	0.2578	1.4972	1.5792	1.6956	1.4676	1.6967	1.5961	0.2719	1.6006	0.2612	1.2023	1.5858	0.2715	1.5651	1.0143	1.4886	1.6206	1.4131	0.2640	0.2601	1.7241	0.2602	1.5812	1.5864	0.2526	1.5683	1.7247	1.5278	1.5903	1.5066	1.6552	0.2552	1.1940	0.2496	1.6474	1.5046	0.2642	1.4510	0.2706	1.6744	0.2567	1.6515	1.4159	1.5912	1.5484	0.2910	1.4332	1.6105	1.7722	0.2807
18:19:16	30.1	0.2854	1.6100	1.6516	1.5865	1.5952	1.6548	1.6691	1.6217	1.4887	1.5686	0.2694	0.2737	1.5673	1.7350	1.4257	1.7244	1.5883	0.2690	1.3203	1.6106	1.5922	0.2676	0.2775	1.5216	1.4771	0.9963	1.5992	1.0544	1.4850	0.2691	1.5362	1.6427	1.5285	1.6305	0.2675	1.5645	1.6572	1.5889	1.6028	1.5577	1.6163	0.2626	1.6492	1.6064	1.7017	1.4626	0.2579	1.4832	1.5659	1.6981	1.4645	1.6957	1.5971	0.2717	1.5811	0.2612	1.1933	1.5888	0.2716	1.5608	1.0101	1.5077	1.6199	1.4079	0.2645	0.2602	1.7259	0.2624	1.5809	1.5851	0.2528	1.5689	1.7243	1.5226	1.5911	1.5018	1.6546	0.2551	1.1873	0.2496	1.6457	1.4995	0.2643	1.4544	0.2707	1.6756	0.2566	1.6523	1.4147	1.5886	1.5518	0.2910	1.4219	1.6131	1.7721	0.2808
18:29:16	30.1	0.2853	1.5888	1.6533	1.6051	1.5946	1.6537	1.6702	1.6203	1.5077	1.5761	0.2697	0.2737	1.5663	1.7349	1.4252	1.7240	1.5898	0.2690	1.3159	1.6119	1.5928	0.2675	0.2777	1.5241	1.4912	0.9945	1.6000	1.0502	1.4809	0.2691	1.5350	1.6405	1.5234	1.6321	0.2677	1.5665	1.6582	1.5897	1.6034	1.5845	1.6181	0.2625	1.6492	1.6092	1.7027	1.4633	0.2579	1.4899	1.5768	1.6971	1.4638	1.6977	1.5945	0.2720	1.5898	0.2613	1.1853	1.5885	0.2716	1.5659	1.0061	1.5149	1.6207	1.3977	0.2640	0.2601	1.7260	0.2607	1.5857	1.5861	0.2528	1.5698	1.7253	1.5230	1.5905	1.5062	1.6556	0.2552	1.1805	0.2496	1.6488	1.4980	0.2644	1.4566	0.2708	1.6744	0.2566	1.6510	1.4129	1.5907	1.5522	0.2911	1.4050	1.6104	1.7734	0.2808
18:39:16	30.1	0.2853	1.5771	1.6541	1.5796	1.5959	1.6549	1.6722	1.6216	1.4939	1.5736	0.2694	0.2736	1.5834	1.7355	1.4230	1.7245	1.5910	0.2690	1.3127	1.6120	1.5957	0.2675	0.2776	1.5295	1.4800	0.9907	1.5997	1.0458	1.4765	0.2691	1.5267	1.6419	1.5169	1.6331	0.2676	1.5661	1.6578	1.5815	1.6024	1.5638	1.6178	0.2625	1.6505	1.6104	1.7037	1.4628	0.2579	1.4852	1.5792	1.6972	1.4662	1.6974	1.5966	0.2720	1.5817	0.2613	1.1795	1.5882	0.2717	1.5661	1.0029	1.4837	1.6205	1.3959	0.2668	0.2602	1.7259	0.2565	1.5802	1.5877	0.2527	1.5694	1.7270	1.5109	1.5901	1.5095	1.6576	0.2551	1.1735	0.2497	1.6532	1.4976	0.2644	1.4581	0.2708	1.6757	0.2567	1.6535	1.4110	1.5874	1.5540	0.2910	1.4035	1.6116	1.7740	0.2807
18:49:16	30.1	0.2853	1.5878	1.6553	1.5751	1.5991	1.6579	1.6742	1.6239	1.4968	1.5741	0.2696	0.2737	1.5551	1.7370	1.4208	1.7254	1.5928	0.2690	1.3160	1.6151	1.5958	0.2676	0.2776	1.5279	1.4632	0.9847	1.6008	1.0383	1.4766	0.2690	1.5205	1.6430	1.5213	1.6320	0.2676	1.5676	1.6593	1.5651	1.6055	1.5520	1.6187	0.2626	1.6516	1.6100	1.7037	1.4622	0.2580	1.4972	1.5617	1.6977	1.4589	1.6999	1.5976	0.2718	1.5806	0.2613	1.1711	1.5920	0.2716	1.5670	0.9991	1.4799	1.6237	1.3862	0.2641	0.2604	1.7277	0.2613	1.5862	1.5900	0.2527	1.5702	1.7286	1.5294	1.5901	1.4904	1.6572	0.2551	1.1642	0.2496	1.6557	1.4949	0.2643	1.4601	0.2707	1.6795	0.2566	1.6555	1.4095	1.5865	1.5539	0.2912	1.4001	1.6133	1.7753	0.2808
18:59:16	30.1	0.2855	1.5895	1.6557	1.5868	1.6004	1.6597	1.6738	1.6260	1.5282	1.5737	0.2697	0.2738	1.5598	1.7374	1.4201	1.7259	1.5944	0.2690	1.3191	1.6129	1.5957	0.2675	0.2778	1.5281	1.4595	0.9809	1.6021	1.0335	1.4733	0.2692	1.5654	1.6432	1.5221	1.6327	0.2676	1.5704	1.6608	1.5767	1.6056	1.5689	1.6192	0.2625	1.6526	1.6137	1.7054	1.4619	0.2581	1.4921	1.5829	1.6990	1.4596	1.6992	1.5986	0.2723	1.5807	0.2613	1.1639	1.5922	0.2717	1.5701	0.9982	1.4818	1.6241	1.3952	0.2653	0.2604	1.7277	0.2626	1.5843	1.5923	0.2528	1.5752	1.7286	1.5131	1.5934	1.5039	1.6585	0.2553	1.1561	0.2497	1.6581	1.4926	0.2644	1.4612	0.2709	1.6800	0.2567	1.6559	1.4094	1.5905	1.5586	0.2912	1.3968	1.6169	1.7746	0.2809
19:09:16	30.1	0.2851	1.5888	1.6566	1.6208	1.6020	1.6583	1.6762	1.6247	1.5251	1.5763	0.2695	0.2735	1.5864	1.7378	1.4209	1.7267	1.5930	0.2689	1.3236	1.6125	1.5955	0.2675	0.2777	1.5259	1.4622	0.9791	1.6018	1.0316	1.4718	0.2690	1.5675	1.6431	1.5235	1.6294	0.2675	1.5684	1.6616	1.5823	1.6047	1.5685	1.6203	0.2625	1.6529	1.6122	1.7058	1.4638	0.2579	1.4837	1.5634	1.6986	1.4579	1.7002	1.5970	0.2718	1.5866	0.2612	1.1559	1.5874	0.2715	1.5706	0.9935	1.4730	1.6249	1.3835	0.2649	0.2603	1.7282	0.2607	1.5877	1.5896	0.2528	1.5692	1.7306	1.5085	1.5942	1.4875	1.6598	0.2551	1.1490	0.2496	1.6551	1.4905	0.2643	1.4622	0.2706	1.6796	0.2564	1.6588	1.4089	1.5855	1.5591	0.2909	1.3921	1.6164	1.7746	0.2806
19:19:16	30.1	0.2854	1.5594	1.6583	1.5890	1.6051	1.6610	1.6778	1.6281	1.5805	1.5747	0.2696	0.2738	1.5557	1.7376	1.4197	1.7259	1.5949	0.2690	1.3469	1.6143	1.5989	0.2675	0.2778	1.5284	1.4596	0.9758	1.6011	1.0253	1.4638	0.2691	1.5317	1.6424	1.5350	1.6317	0.2677	1.5683	1.6610	1.5790	1.6066	1.5825	1.6230	0.2626	1.6531	1.6149	1.7063	1.4637	0.2582	1.5165	1.5763	1.6986	1.4584	1.6997	1.5995	0.2720	1.5793	0.2614	1.1479	1.5936	0.2716	1.5725	0.9927	1.4689	1.6260	1.3815	0.2640	0.2602	1.7278	0.2582	1.5874	1.5934	0.2529	1.5712	1.7304	1.4981	1.5956	1.4893	1.6625	0.2552	1.1422	0.2497	1.6506	1.4890	0.2644	1.4643	0.2709	1.6819	0.2566	1.6618	1.4084	1.5797	1.5638	0.2911	1.3863	1.6160	1.7750	0.2810
19:29:16	30.2	0.2853	1.5527	1.6597	1.5784	1.6082	1.6608	1.6773	1.6273	1.5237	1.5774	0.2694	0.2736	1.5577	1.7388	1.4163	1.7272	1.5955	0.2691	1.3517	1.6147	1.6019	0.2676	0.2777	1.5299	1.4514	0.9718	1.6010	1.0212	1.4640	0.2690	1.5328	1.6422	1.5288	1.6321	0.2677	1.5684	1.6621	1.5754	1.6045	1.5605	1.6226	0.2626	1.6549	1.6147	1.7071	1.4638	0.2579	1.4997	1.5782	1.6984	1.4592	1.7005	1.6010	0.2719	1.5739	0.2612	1.1408	1.5946	0.2715	1.5739	0.9891	1.4671	1.6268	1.3901	0.2645	0.2602	1.7285	0.2615	1.5921	1.5924	0.2526	1.5695	1.7308	1.5050	1.5941	1.4847	1.6604	0.2551	1.1355	0.2497	1.6570	1.4878	0.2644	1.4658	0.2708	1.6819	0.2566	1.6600	1.4068	1.5714	1.5589	0.2911	1.3795	1.6170	1.7752	0.2811
19:39:16	30.2	0.2852	1.5660	1.6594	1.5839	1.6065	1.6617	1.6781	1.6281	1.5649	1.5802	0.2695	0.2736	1.5588	1.7389	1.4164	1.7266	1.5962	0.2690	1.3638	1.6163	1.6005	0.2675	0.2777	1.5293	1.4523	0.9698	1.6027	1.0170	1.4584	0.2690	1.5702	1.6422	1.5370	1.6332	0.2676	1.5698	1.6616	1.5882	1.6041	1.5780	1.6249	0.2624	1.6548	1.6152	1.7090	1.4632	0.2578	1.4744	1.5700	1.6983	1.4713	1.7003	1.5998	0.2719	1.5755	0.2612	1.1324	1.5956	0.2716	1.5731	0.9866	1.4651	1.6275	1.3922	0.2639	0.2601	1.7291	0.2598	1.5926	1.5931	0.2526	1.5704	1.7326	1.5019	1.5935	1.4821	1.6598	0.2551	1.1290	0.2495	1.6527	1.4860	0.2644	1.4663	0.2708	1.6828	0.2564	1.6625	1.4062	1.5732	1.5655	0.2910	1.3724	1.6165	1.7768	0.2807
19:49:16	30.2	0.2853	1.5888	1.6607	1.5896	1.6052	1.6626	1.6792	1.6269	1.5671	1.5831	0.2696	0.2739	1.5555	1.7393	1.4157	1.7274	1.5973	0.2690	1.4500	1.6155	1.6027	0.2676	0.2778	1.5328	1.4464	0.9687	1.6010	1.0147	1.4592	0.2692	1.5324	1.6420	1.5262	1.6320	0.2676	1.5671	1.6620	1.5765	1.6065	1.5714	1.6245	0.2625	1.6570	1.6146	1.7083	1.4625	0.2580	1.4650	1.5723	1.6984	1.4626	1.7008	1.5997	0.2718	1.5779	0.2613	1.1244	1.5954	0.2716	1.5747	0.9806	1.4550	1.6286	1.3875	0.2650	0.2604	1.7303	0.2570	1.5927	1.5947	0.2528	1.5732	1.7307	1.4947	1.5938	1.4827	1.6635	0.2552	1.1202	0.2497	1.6517	1.4847	0.2643	1.4666	0.2707	1.6806	0.2564	1.6617	1.4052	1.5669	1.5674	0.2911	1.3709	1.6165	1.7757	0.2810
19:59:16	30.2	0.2853	1.6056	1.6623	1.5900	1.6054	1.6639	1.6780	1.6285	1.5469	1.5835	0.2695	0.2736	1.5630	1.7403	1.4147	1.7274	1.5974	0.2690	1.4329	1.6155	1.6042	0.2676	0.2777	1.5306	1.4749	0.9655	1.6014	1.0108	1.4576	0.2691	1.5663	1.6432	1.5290	1.6336	0.2677	1.5676	1.6621	1.6005	1.6068	1.5584	1.6257	0.2625	1.6559	1.6147	1.7105	1.4615	0.2579	1.4678	1.5767	1.6992	1.4661	1.7013	1.6012	0.2718	1.5767	0.2613	1.1156	1.5958	0.2716	1.5776	0.9745	1.4534	1.6289	1.3942	0.2640	0.2603	1.7316	0.2621	1.5961	1.5970	0.2528	1.5781	1.7309	1.4950	1.5932	1.5007	1.6658	0.2552	1.1127	0.2496	1.6522	1.4849	0.2643	1.4686	0.2707	1.6844	0.2565	1.6634	1.4050	1.5641	1.5687	0.2912	1.3707	1.6165	1.7751	0.2808
20:09:16	30.1	0.2852	1.5765	1.6631	1.5872	1.6068	1.6640	1.6796	1.6262	1.5813	1.5821	0.2695	0.2739	1.5515	1.7403	1.4151	1.7280	1.5964	0.2691	1.3959	1.6150	1.6032	0.2676	0.2778	1.5319	1.4454	0.9661	1.6017	1.0058	1.4588	0.2693	1.5459	1.6415	1.5347	1.6354	0.2676	1.5667	1.6620	1.5968	1.6062	1.5959	1.6257	0.2626	1.6568	1.6151	1.7122	1.4629	0.2581	1.4585	1.5674	1.7000	1.4683	1.7014	1.6017	0.2719	1.5749	0.2614	1.1099	1.5962	0.2716	1.5759	0.9726	1.4515	1.6297	1.3954	0.2662	0.2604	1.7313	0.2613	1.5997	1.5964	0.2528	1.5736	1.7331	1.4997	1.5924	1.4842	1.6662	0.2554	1.1064	0.2497	1.6534	1.4858	0.2644	1.4695	0.2709	1.6837	0.2566	1.6652	1.4063	1.5650	1.5698	0.2912	1.3685	1.6182	1.7751	0.2810
20:19:16	30.2	0.2853	1.5882	1.6650	1.6034	1.6051	1.6654	1.6777	1.6269	1.5828	1.5866	0.2694	0.2738	1.5703	1.7408	1.4148	1.7280	1.5975	0.2690	1.4278	1.6162	1.6047	0.2675	0.2775	1.5365	1.4347	0.9617	1.6004	1.0020	1.4536	0.2690	1.5418	1.6407	1.5324	1.6384	0.2675	1.5669	1.6616	1.5928	1.6073	1.5616	1.6275	0.2627	1.6594	1.6155	1.7121	1.4621	0.2579	1.4601	1.5617	1.6976	1.4688	1.7017	1.6013	0.2718	1.5732	0.2613	1.0995	1.5970	0.2716	1.5799	0.9666	1.4645	1.6297	1.4017	0.2637	0.2602	1.7332	0.2576	1.6019	1.5928	0.2526	1.5732	1.7342	1.4949	1.5904	1.4782	1.6680	0.2552	1.0987	0.2498	1.6534	1.4818	0.2644	1.4703	0.2709	1.6878	0.2565	1.6673	1.4065	1.5604	1.5705	0.2912	1.3653	1.6180	1.7751	0.2809
20:29:16	30.2	0.2852	1.5791	1.6659	1.5814	1.6083	1.6659	1.6796	1.6276	1.5435	1.5852	0.2694	0.2737	1.5583	1.7406	1.4154	1.7284	1.5981	0.2687	1.4309	1.6163	1.6027	0.2674	0.2776	1.5345	1.4377	0.9600	1.5996	0.9996	1.4548	0.2690	1.5392	1.6421	1.5292	1.6384	0.2674	1.5683	1.6610	1.5928	1.6075	1.5710	1.6282	0.2625	1.6587	1.6186	1.7123	1.4630	0.2578	1.4660	1.5720	1.6989	1.4690	1.7008	1.6016	0.2718	1.5703	0.2613	1.0924	1.5968	0.2714	1.5763	0.9633	1.4419	1.6299	1.4037	0.2666	0.2601	1.7327	0.2600	1.5947	1.5888	0.2528	1.5716	1.7354	1.4840	1.5924	1.4773	1.6684	0.2551	1.0930	0.2497	1.6527	1.4816	0.2644	1.4713	0.2708	1.6862	0.2564	1.6672	1.4071	1.5465	1.5734	0.2912	1.3660	1.6177	1.7746	0.2808
20:39:16	30.2	0.2851	1.5645	1.6673	1.5684	1.6084	1.6668	1.6814	1.6279	1.5463	1.5865	0.2695	0.2738	1.5526	1.7414	1.4161	1.7294	1.5975	0.2688	1.4323	1.6141	1.6069	0.2676	0.2778	1.5308	1.4373	0.9563	1.5998	0.9966	1.4618	0.2690	1.5497	1.6411	1.5382	1.6383	0.2675	1.5673	1.6608	1.5913	1.6056	1.5724	1.6289	0.2625	1.6590	1.6182	1.7129	1.4630	0.2578	1.4673	1.5671	1.6989	1.4796	1.7011	1.6027	0.2716	1.5666	0.2612	1.0869	1.5926	0.2715	1.5719	0.9599	1.4432	1.6307	1.4068	0.2638	0.2604	1.7346	0.2624	1.5991	1.5879	0.2527	1.5723	1.7372	1.4873	1.5930	1.4745	1.6678	0.2551	1.0862	0.2497	1.6525	1.4827	0.2643	1.4732	0.2707	1.6874	0.2564	1.6663	1.4071	1.5380	1.5721	0.2910	1.3646	1.6159	1.7756	0.2807
20:49:16	30.2	0.2852	1.5508	1.6675	1.5703	1.6065	1.6665	1.6820	1.6275	1.5869	1.5888	0.2694	0.2737	1.5557	1.7407	1.4187	1.7295	1.5983	0.2688	1.4031	1.6167	1.6083	0.2676	0.2777	1.5363	1.4358	0.9584	1.5989	0.9940	1.4544	0.2692	1.5604	1.6385	1.5336	1.6424	0.2676	1.5688	1.6598	1.5903	1.6056	1.5688	1.6281	0.2625	1.6614	1.6174	1.7130	1.4618	0.2580	1.4589	1.5650	1.6995	1.4758	1.7011	1.6001	0.2719	1.5893	0.2614	1.0805	1.5904	0.2716	1.5708	0.9531	1.4403	1.6297	1.4083	0.2671	0.2601	1.7341	0.2574	1.6100	1.5878	0.2526	1.5730	1.7346	1.4808	1.5913	1.4798	1.6663	0.2552	1.0791	0.2498	1.6525	1.4828	0.2644	1.4738	0.2708	1.6849	0.2564	1.6685	1.4091	1.5397	1.5749	0.2911	1.3631	1.6171	1.7751	0.2808
20:59:16	30.2	0.2853	1.5643	1.6686	1.5657	1.6074	1.6680	1.6818	1.6225	1.5911	1.5918	0.2696	0.2738	1.5521	1.7411	1.4196	1.7300	1.5971	0.2689	1.4050	1.6141	1.6075	0.2677	0.2777	1.5377	1.4302	0.9547	1.5985	0.9922	1.4561	0.2691	1.5434	1.6361	1.5366	1.6394	0.2676	1.5672	1.6610	1.5935	1.6046	1.5807	1.6297	0.2626	1.6597	1.6167	1.7131	1.4609	0.2580	1.4550	1.5662	1.6993	1.4775	1.7006	1.6023	0.2719	1.5720	0.2614	1.0737	1.5901	0.2715	1.5692	0.9496	1.4374	1.6308	1.4111	0.2639	0.2603	1.7338	0.2594	1.6138	1.5877	0.2527	1.5735	1.7354	1.4785	1.5920	1.4680	1.6678	0.2553	1.0716	0.2499	1.6514	1.4828	0.2644	1.4742	0.2709	1.6861	0.2565	1.6676	1.4090	1.5322	1.5773	0.2911	1.3668	1.6169	1.7749	0.2808
21:09:16	30.2	0.2855	1.5856	1.6683	1.5642	1.6071	1.6695	1.6809	1.6204	1.5645	1.5885	0.2695	0.2738	1.5518	1.7410	1.4206	1.7302	1.5979	0.2690	1.4308	1.6140	1.6079	0.2679	0.2778	1.5381	1.4702	0.9495	1.5975	0.9888	1.4546	0.2692	1.5542	1.6340	1.5323	1.6408	0.2677	1.5652	1.6592	1.5890	1.6047	1.5832	1.6305	0.2626	1.6595	1.6164	1.7143	1.4623	0.2579	1.4556	1.5569	1.6980	1.4804	1.6985	1.6029	0.2720	1.5613	0.2614	1.0677	1.5912	0.2714	1.5692	0.9457	1.4389	1.6310	1.4168	0.2644	0.2604	1.7354	0.2568	1.6055	1.5883	0.2528	1.5735	1.7361	1.4777	1.5913	1.4715	1.6713	0.2553	1.0690	0.2499	1.6506	1.4838	0.2644	1.4756	0.2711	1.6874	0.2565	1.6681	1.4103	1.5317	1.5773	0.2912	1.3629	1.6171	1.7743	0.2810
21:19:16	30.2	0.2852	1.5712	1.6692	1.5643	1.6047	1.6687	1.6781	1.6190	1.5814	1.5914	0.2695	0.2737	1.5531	1.7400	1.4208	1.7301	1.5985	0.2689	1.3935	1.6132	1.6094	0.2675	0.2778	1.5413	1.4183	0.9451	1.5977	0.9840	1.4561	0.2691	1.5517	1.6322	1.5497	1.6413	0.2676	1.5697	1.6590	1.5867	1.6031	1.5879	1.6305	0.2626	1.6606	1.6153	1.7132	1.4620	0.2579	1.4596	1.5624	1.6976	1.4837	1.6968	1.6015	0.2716	1.5583	0.2613	1.0601	1.5909	0.2716	1.5696	0.9418	1.4251	1.6318	1.4159	0.2640	0.2604	1.7358	0.2584	1.6127	1.5881	0.2527	1.5748	1.7365	1.4721	1.5907	1.4731	1.6718	0.2551	1.0614	0.2499	1.6505	1.4844	0.2643	1.4770	0.2709	1.6876	0.2564	1.6698	1.4108	1.5277	1.5761	0.2913	1.3713	1.6161	1.7740	0.2809
21:29:16	30.2	0.2853	1.5677	1.6700	1.5661	1.6056	1.6699	1.6760	1.6185	1.5515	1.5896	0.2695	0.2736	1.5629	1.7404	1.4211	1.7309	1.5977	0.2688	1.4385	1.6130	1.6103	0.2677	0.2778	1.5390	1.4268	0.9407	1.5965	0.9799	1.4580	0.2691	1.5499	1.6304	1.5280	1.6438	0.2675	1.5659	1.6585	1.5888	1.6031	1.5864	1.6317	0.2626	1.6607	1.6156	1.7159	1.4604	0.2580	1.4602	1.5652	1.6974	1.4841	1.6962	1.6024	0.2718	1.5652	0.2613	1.0518	1.5903	0.2715	1.5696	0.9388	1.4296	1.6325	1.4173	0.2640	0.2604	1.7356	0.2568	1.6079	1.5887	0.2528	1.5745	1.7373	1.4817	1.5877	1.4734	1.6739	0.2551	1.0538	0.2499	1.6497	1.4839	0.2644	1.4776	0.2709	1.6908	0.2564	1.6710	1.4126	1.5214	1.5732	0.2911	1.3732	1.6183	1.7743	0.2809
21:39:16	30.2	0.2854	1.6155	1.6690	1.5674	1.6032	1.6698	1.6735	1.6165	1.5661	1.5906	0.2697	0.2738	1.5523	1.7407	1.4224	1.7302	1.5976	0.2689	1.4012	1.6127	1.6088	0.2678	0.2780	1.5375	1.4366	0.9403	1.5953	0.9765	1.4602	0.2692	1.5530	1.6292	1.5162	1.6433	0.2677	1.5649	1.6575	1.5903	1.6019	1.5952	1.6308	0.2625	1.6590	1.6144	1.7144	1.4619	0.2580	1.4614	1.5631	1.6976	1.4849	1.6959	1.5994	0.2719	1.5567	0.2613	1.0467	1.5892	0.2714	1.5696	0.9339	1.4245	1.6299	1.4202	0.2640	0.2603	1.7343	0.2620	1.6119	1.5879	0.2527	1.5738	1.7371	1.4820	1.5859	1.4790	1.6726	0.2552	1.0480	0.2499	1.6484	1.4856	0.2645	1.4795	0.2709	1.6855	0.2565	1.6683	1.4142	1.5090	1.5816	0.2911	1.3667	1.6147	1.7725	0.2810
21:49:16	30.2	0.2853	1.5734	1.6702	1.5597	1.5988	1.6717	1.6730	1.6156	1.5611	1.5896	0.2696	0.2738	1.5502	1.7409	1.4252	1.7314	1.5991	0.2689	1.3901	1.6113	1.6083	0.2677	0.2777	1.5316	1.4196	0.9357	1.5948	0.9731	1.4625	0.2692	1.5671	1.6274	1.5181	1.6425	0.2677	1.5646	1.6555	1.5801	1.6009	1.5734	1.6304	0.2626	1.6603	1.6150	1.7141	1.4610	0.2580	1.4610	1.5554	1.6971	1.4941	1.6940	1.5980	0.2720	1.5625	0.2614	1.0419	1.5891	0.2715	1.5689	0.9317	1.4192	1.6300	1.4294	0.2639	0.2603	1.7340	0.2604	1.6188	1.5869	0.2529	1.5733	1.7377	1.4706	1.5845	1.4761	1.6712	0.2551	1.0463	0.2499	1.6474	1.4862	0.2644	1.4806	0.2710	1.6860	0.2565	1.6673	1.4144	1.5056	1.5798	0.2912	1.3674	1.6116	1.7721	0.2809
21:59:16	30.2	0.2853	1.6086	1.6692	1.5593	1.5994	1.6730	1.6723	1.6143	1.5952	1.5833	0.2696	0.2738	1.5542	1.7404	1.4254	1.7309	1.5973	0.2690	1.4018	1.6108	1.6078	0.2676	0.2779	1.5296	1.4124	0.9322	1.5936	0.9682	1.4648	0.2691	1.5531	1.6261	1.5388	1.6427	0.2677	1.5628	1.6549	1.5820	1.6000	1.5747	1.6315	0.2625	1.6603	1.6140	1.7151	1.4616	0.2581	1.4615	1.5559	1.6957	1.4830	1.6934	1.5969	0.2719	1.5471	0.2614	1.0390	1.5881	0.2716	1.5682	0.9277	1.4231	1.6312	1.4343	0.2644	0.2602	1.7334	0.2613	1.6152	1.5853	0.2528	1.5733	1.7380	1.4760	1.5823	1.4709	1.6733	0.2551	1.0395	0.2499	1.6475	1.4867	0.2645	1.4807	0.2709	1.6843	0.2565	1.6684	1.4148	1.5001	1.5818	0.2912	1.3665	1.6098	1.7704	0.2809
22:09:16	30.2	0.2853	1.5955	1.6706	1.5631	1.5987	1.6720	1.6716	1.6132	1.6147	1.5818	0.2694	0.2737	1.5782	1.7404	1.4265	1.7303	1.5965	0.2688	1.3992	1.6112	1.6070	0.2675	0.2778	1.5299	1.4036	0.9296	1.5927	0.9643	1.4671	0.2691	1.5592	1.6247	1.5463	1.6435	0.2675	1.5618	1.6533	1.5846	1.5992	1.5957	1.6310	0.2625	1.6583	1.6133	1.7131	1.4612	0.2579	1.4637	1.5567	1.6938	1.4847	1.6923	1.5948	0.2718	1.5502	0.2612	1.0314	1.5864	0.2714	1.5674	0.9246	1.4121	1.6303	1.4317	0.2671	0.2604	1.7341	0.2628	1.6211	1.5848	0.2528	1.5735	1.7380	1.4657	1.5800	1.4688	1.6743	0.2550	1.0323	0.2499	1.6467	1.4880	0.2644	1.4813	0.2708	1.6844	0.2563	1.6684	1.4163	1.4989	1.5839	0.2910	1.3702	1.6082	1.7698	0.2808
22:19:16	30.2	0.2854	1.5789	1.6706	1.5568	1.5958	1.6721	1.6698	1.6120	1.5668	1.5808	0.2696	0.2738	1.5519	1.7397	1.4280	1.7310	1.5932	0.2689	1.4114	1.6097	1.6082	0.2675	0.2779	1.5325	1.4030	0.9246	1.5906	0.9592	1.4702	0.2691	1.5539	1.6228	1.5223	1.6437	0.2676	1.5621	1.6532	1.5815	1.5968	1.5953	1.6315	0.2626	1.6605	1.6140	1.7128	1.4611	0.2580	1.4640	1.5527	1.6912	1.4877	1.6915	1.5936	0.2718	1.5420	0.2614	1.0273	1.5859	0.2715	1.5668	0.9212	1.4098	1.6289	1.4297	0.2641	0.2603	1.7346	0.2579	1.6184	1.5845	0.2528	1.5731	1.7409	1.4706	1.5781	1.4701	1.6747	0.2552	1.0279	0.2500	1.6464	1.4886	0.2644	1.4824	0.2710	1.6873	0.2564	1.6682	1.4176	1.4928	1.6298	0.2912	1.3719	1.6093	1.7703	0.2809
22:29:16	30.2	0.2852	1.5907	1.6707	1.5600	1.5953	1.6733	1.6702	1.6111	1.5527	1.5816	0.2695	0.2738	1.5684	1.7395	1.4285	1.7310	1.5912	0.2688	1.4177	1.6079	1.6066	0.2674	0.2778	1.5328	1.4234	0.9213	1.5876	0.9539	1.4736	0.2690	1.5538	1.6221	1.5236	1.6444	0.2676	1.5619	1.6517	1.5847	1.5943	1.6047	1.6310	0.2625	1.6601	1.6123	1.7121	1.4607	0.2580	1.4655	1.5504	1.6887	1.4889	1.6902	1.5918	0.2720	1.5538	0.2614	1.0208	1.5852	0.2715	1.5659	0.9185	1.4016	1.6297	1.4377	0.2640	0.2605	1.7349	0.2582	1.6180	1.5828	0.2527	1.5720	1.7393	1.4715	1.5755	1.4649	1.6763	0.2552	1.0213	0.2500	1.6455	1.4899	0.2644	1.4826	0.2710	1.6858	0.2564	1.6680	1.4192	1.4857	1.5947	0.2911	1.3749	1.6069	1.7687	0.2808
22:39:16	30.2	0.2855	1.5799	1.6717	1.5560	1.5929	1.6720	1.6696	1.6088	1.5531	1.5800	0.2697	0.2740	1.5602	1.7394	1.4288	1.7308	1.5898	0.2690	1.4114	1.6066	1.6065	0.2676	0.2780	1.5322	1.4397	0.9183	1.5847	0.9506	1.4852	0.2692	1.5438	1.6197	1.5521	1.6448	0.2677	1.5581	1.6513	1.5863	1.5925	1.6133	1.6305	0.2626	1.6591	1.6098	1.7122	1.4607	0.2581	1.4673	1.5563	1.6867	1.4901	1.6888	1.5897	0.2722	1.5393	0.2615	1.0170	1.5842	0.2717	1.5643	0.9152	1.3994	1.6310	1.4311	0.2662	0.2606	1.7334	0.2573	1.6148	1.5811	0.2528	1.5712	1.7409	1.4675	1.5733	1.4671	1.6780	0.2552	1.0186	0.2500	1.6429	1.4915	0.2644	1.4844	0.2709	1.6856	0.2565	1.6682	1.4199	1.4861	1.5829	0.2911	1.3798	1.6029	1.7683	0.2810
22:49:16	30.2	0.2854	1.5785	1.6718	1.5574	1.5922	1.6726	1.6692	1.6078	1.5548	1.5805	0.2696	0.2738	1.5713	1.7389	1.4308	1.7300	1.5884	0.2689	1.3930	1.6064	1.6052	0.2678	0.2778	1.5325	1.3956	0.9181	1.5825	0.9486	1.4791	0.2691	1.5551	1.6184	1.5239	1.6431	0.2676	1.5557	1.6503	1.5868	1.5898	1.5973	1.6313	0.2625	1.6586	1.6087	1.7120	1.4613	0.2579	1.4701	1.5573	1.6845	1.4908	1.6884	1.5885	0.2718	1.5371	0.2612	1.0129	1.5824	0.2715	1.5643	0.9120	1.4017	1.6295	1.4425	0.2644	0.2604	1.7323	0.2589	1.6265	1.5799	0.2529	1.5703	1.7414	1.4685	1.5701	1.4734	1.6791	0.2551	1.0151	0.2501	1.6432	1.4931	0.2644	1.4853	0.2708	1.6859	0.2564	1.6685	1.4213	1.4860	1.5976	0.2912	1.3829	1.6009	1.7677	0.2810
22:59:16	30.2	0.2853	1.5505	1.6730	1.5601	1.5906	1.6741	1.6669	1.6061	1.5505	1.5790	0.2696	0.2738	1.5561	1.7389	1.4306	1.7311	1.5867	0.2691	1.4575	1.6050	1.6057	0.2676	0.2779	1.5306	1.4146	0.9118	1.5806	0.9430	1.4872	0.2691	1.5617	1.6169	1.5446	1.6437	0.2677	1.5558	1.6495	1.5971	1.5878	1.6046	1.6317	0.2625	1.6588	1.6073	1.7128	1.4609	0.2580	1.4707	1.5541	1.6822	1.4901	1.6872	1.5867	0.2721	1.5483	0.2613	1.0112	1.5822	0.2715	1.5631	0.9084	1.3950	1.6309	1.4315	0.2660	0.2605	1.7323	0.2619	1.6141	1.5790	0.2529	1.5692	1.7435	1.4653	1.5675	1.4659	1.6810	0.2552	1.0081	0.2500	1.6430	1.4941	0.2645	1.4858	0.2709	1.6873	0.2563	1.6687	1.4220	1.4812	1.5859	0.2911	1.3864	1.6004	1.7679	0.2810
23:09:15	30.2	0.2852	1.5450	1.6717	1.5598	1.5896	1.6738	1.6673	1.6050	1.5509	1.5783	0.2696	0.2737	1.5527	1.7381	1.4315	1.7298	1.5851	0.2691	1.3983	1.6045	1.6057	0.2675	0.2777	1.5318	1.4095	0.9110	1.5784	0.9407	1.5023	0.2692	1.5333	1.6150	1.5517	1.6424	0.2675	1.5576	1.6473	1.5921	1.5857	1.6066	1.6308	0.2626	1.6585	1.6054	1.7109	1.4605	0.2579	1.4723	1.5559	1.6797	1.5256	1.6850	1.5843	0.2719	1.5226	0.2612	1.0069	1.5805	0.2713	1.5621	0.9062	1.3946	1.6295	1.4322	0.2640	0.2602	1.7320	0.2597	1.6129	1.5785	0.2528	1.5690	1.7405	1.4649	1.5644	1.4627	1.6791	0.2551	1.0066	0.2498	1.6418	1.4951	0.2643	1.4864	0.2708	1.6846	0.2563	1.6662	1.4243	1.4789	1.5881	0.2911	1.3899	1.5995	1.7670	0.2811
