

Software Version	3.14.03



Experiment File Path:	C:\Users\Public\Documents\Experiments\Hermina\serial_passage\8July24\day2--8July24.xpt
Protocol File Path:	C:\Users\Public\Documents\Protocols\rough_growth_curve.prt



Plate Number	Plate 1
Date	09/07/2024
Time	13:28:55
Reader Type:	Epoch 2
Reader Serial Number:	23053024
Reading Type	Reader

Procedure Details

Plate Type	96 WELL PLATE (Use plate lid)
Well Selection	Runtime
Eject plate on completion	
Set Temperature	Setpoint 30°C, Gradient 1 °C
	Preheat before moving to next step
Read	OD 600
	Absorbance Endpoint
	Full Plate
	Wavelengths:  600
	Read Speed: Normal,  Delay: 100 msec,  Measurements/Data Point: 8
Start Kinetic	Runtime 24:00:00 (HH:MM:SS), Interval 0:10:00, 145 Reads
    Shake	Double Orbital: Continuous
	Frequency: 205 cpm (5 mm)
    Read	Absorbance Endpoint
	Full Plate
	Wavelengths:  600
	Read Speed: Normal,  Delay: 100 msec,  Measurements/Data Point: 8
End Kinetic	

OD 600:600

0:09:16	30.1	0.2493	0.2859	0.2936	0.3052	0.3198	0.2912	0.3119	0.3050	0.2996	0.2965	0.2714	0.2752	0.3074	0.2998	0.2905	0.3092	0.2987	0.2629	0.2920	0.3048	0.3015	0.2566	0.2557	0.3107	0.2940	0.2977	0.2890	0.3057	0.2914	0.2404	0.2941	0.3048	0.3101	0.3010	0.2626	0.3091	0.3016	0.3061	0.2942	0.3095	0.2966	0.2590	0.3038	0.2955	0.3050	0.2841	0.2769	0.3000	0.2875	0.3010	0.2861	0.3004	0.2967	0.2524	0.2897	0.2495	0.2996	0.2967	0.2636	0.2858	0.2860	0.3684	0.2883	0.2889	0.2661	0.2538	0.3011	0.2454	0.2964	0.2818	0.2663	0.2913	0.3008	0.2920	0.2963	0.3068	0.3065	0.2578	0.2949	0.2502	0.3039	0.3042	0.2652	0.3118	0.2973	0.3300	0.2864	0.3257	0.3205	0.3164	0.3171	0.2877	0.3182	0.3276	0.3160	0.2609
0:19:16	30.1	0.2500	0.2888	0.2913	0.3062	0.3174	0.2887	0.3093	0.3027	0.3011	0.2945	0.2719	0.2754	0.3068	0.3002	0.2915	0.3073	0.2985	0.2631	0.2934	0.3018	0.3010	0.2564	0.2557	0.3090	0.2941	0.2981	0.2873	0.3061	0.2920	0.2405	0.2941	0.3028	0.3108	0.2982	0.2625	0.3074	0.2999	0.3074	0.2915	0.3111	0.2949	0.2590	0.3030	0.2932	0.3031	0.2842	0.2769	0.3008	0.2904	0.2987	0.2865	0.2978	0.2952	0.2526	0.2895	0.2496	0.2997	0.2948	0.2635	0.2830	0.2871	0.3720	0.2862	0.2892	0.2657	0.2537	0.2987	0.2454	0.2989	0.2795	0.2663	0.2885	0.3003	0.2930	0.2952	0.3041	0.3052	0.2578	0.2956	0.2502	0.3028	0.3052	0.2650	0.3116	0.2975	0.3283	0.2866	0.3222	0.3205	0.3158	0.3203	0.2879	0.3191	0.3246	0.3114	0.2609
0:29:16	30.2	0.2498	0.2913	0.2908	0.3073	0.3163	0.2884	0.3099	0.3017	0.3034	0.2939	0.2694	0.2756	0.3085	0.3003	0.2920	0.3055	0.2984	0.2629	0.2953	0.3016	0.3006	0.2566	0.2558	0.3103	0.2949	0.2988	0.2869	0.3070	0.2930	0.2405	0.2955	0.3014	0.3141	0.2983	0.2625	0.3076	0.2981	0.3098	0.2915	0.3113	0.2939	0.2588	0.3018	0.2933	0.3054	0.2843	0.2775	0.3025	0.2920	0.2974	0.2881	0.2976	0.2947	0.2524	0.2914	0.2497	0.3011	0.2945	0.2634	0.2831	0.2885	0.3732	0.2857	0.2906	0.2658	0.2538	0.2973	0.2453	0.3002	0.2779	0.2662	0.2890	0.2993	0.2948	0.2951	0.3064	0.3050	0.2578	0.2967	0.2502	0.3040	0.3070	0.2649	0.3134	0.2974	0.3285	0.2866	0.3212	0.3211	0.3176	0.3229	0.2882	0.3200	0.3242	0.3121	0.2609
0:39:16	30.2	0.2499	0.2944	0.2912	0.3110	0.3162	0.2906	0.3116	0.3022	0.3057	0.2951	0.2694	0.2756	0.3102	0.3014	0.2927	0.3075	0.2983	0.2626	0.2975	0.3028	0.3027	0.2565	0.2558	0.3124	0.2961	0.3002	0.2868	0.3081	0.2948	0.2404	0.2984	0.3018	0.3174	0.2992	0.2626	0.3095	0.2984	0.3102	0.2923	0.3142	0.2949	0.2587	0.3037	0.2933	0.3069	0.2860	0.2782	0.3057	0.2920	0.2972	0.2892	0.2968	0.2954	0.2524	0.2934	0.2498	0.3021	0.2946	0.2636	0.2845	0.2908	0.3758	0.2862	0.2926	0.2660	0.2535	0.2982	0.2452	0.3014	0.2790	0.2663	0.2895	0.3010	0.2975	0.2959	0.3092	0.3059	0.2577	0.2979	0.2503	0.3055	0.3093	0.2649	0.3151	0.2974	0.3295	0.2866	0.3215	0.3230	0.3199	0.3242	0.2882	0.3226	0.3246	0.3146	0.2608
0:49:16	30.2	0.2495	0.2966	0.2927	0.3130	0.3166	0.2927	0.3133	0.3030	0.3089	0.2964	0.2692	0.2756	0.3150	0.3048	0.2934	0.3089	0.2982	0.2626	0.3013	0.3036	0.3060	0.2562	0.2558	0.3146	0.2995	0.3023	0.2876	0.3097	0.2976	0.2404	0.3013	0.3030	0.3213	0.3018	0.2623	0.3120	0.3000	0.3124	0.2921	0.3110	0.2969	0.2586	0.3054	0.2941	0.3087	0.2871	0.2773	0.3097	0.2937	0.2981	0.2903	0.2966	0.2966	0.2522	0.2961	0.2496	0.3035	0.2958	0.2635	0.2861	0.2938	0.3784	0.2869	0.2958	0.2658	0.2535	0.3003	0.2451	0.3536	0.2794	0.2659	0.2916	0.3038	0.3027	0.2972	0.3122	0.3079	0.2576	0.2998	0.2502	0.3073	0.3125	0.2647	0.3162	0.2973	0.3318	0.2867	0.3224	0.3240	0.3232	0.3266	0.2880	0.3260	0.3268	0.3185	0.2608
0:59:16	30.2	0.2491	0.3008	0.2945	0.3162	0.3172	0.2949	0.3141	0.3038	0.3129	0.2980	0.2695	0.2758	0.3206	0.3069	0.2949	0.3107	0.2996	0.2625	0.3055	0.3049	0.3078	0.2564	0.2559	0.3175	0.3027	0.3053	0.2876	0.3115	0.3024	0.2405	0.3060	0.3038	0.3262	0.3053	0.2624	0.3151	0.3015	0.3137	0.2936	0.3185	0.2984	0.2587	0.3083	0.2948	0.3119	0.2881	0.2758	0.3141	0.2968	0.2996	0.2944	0.2977	0.2978	0.2523	0.3001	0.2497	0.3067	0.2973	0.2635	0.2879	0.2974	0.3813	0.2891	0.2982	0.2660	0.2536	0.3040	0.2452	0.3045	0.2811	0.2666	0.2992	0.3060	0.3068	0.2976	0.3164	0.3094	0.2577	0.3024	0.2502	0.3090	0.3167	0.2646	0.3182	0.2973	0.3346	0.2869	0.3241	0.3251	0.3268	0.3275	0.2880	0.3299	0.3294	0.3227	0.2608
1:09:16	30.2	0.2495	0.3101	0.2963	0.3225	0.3180	0.2970	0.3159	0.3045	0.3202	0.2986	0.2693	0.2760	0.3251	0.3105	0.2968	0.3103	0.2991	0.2624	0.3098	0.3069	0.3100	0.2564	0.2557	0.3177	0.3075	0.3085	0.2883	0.3149	0.3066	0.2404	0.3124	0.3044	0.3493	0.3081	0.2624	0.3178	0.3020	0.3181	0.2937	0.3237	0.3003	0.2588	0.3100	0.2957	0.3138	0.2905	0.2771	0.3202	0.3004	0.3009	0.3003	0.2977	0.2990	0.2523	0.3050	0.2498	0.3102	0.2983	0.2634	0.2894	0.3004	0.3855	0.2908	0.3030	0.2658	0.2535	0.3067	0.2451	0.3076	0.2819	0.2659	0.3013	0.3078	0.3134	0.2981	0.3227	0.3132	0.2577	0.3051	0.2503	0.3103	0.3223	0.2646	0.3205	0.2972	0.3366	0.2869	0.3261	0.3265	0.3318	0.3323	0.2878	0.3353	0.3316	0.3274	0.2607
1:19:16	30.2	0.2490	0.3210	0.2982	0.3311	0.3190	0.2989	0.3176	0.3060	0.3311	0.3011	0.2695	0.2761	0.3315	0.3095	0.2987	0.3131	0.2999	0.2626	0.3180	0.3082	0.3118	0.2565	0.2559	0.3191	0.3129	0.3130	0.2893	0.3192	0.3140	0.2407	0.3201	0.3055	0.3441	0.3106	0.2625	0.3191	0.3025	0.3198	0.2941	0.3312	0.3030	0.2589	0.3119	0.2963	0.3169	0.2918	0.2774	0.3287	0.3049	0.3017	0.3068	0.2986	0.2998	0.2523	0.3121	0.2497	0.3147	0.2997	0.2634	0.2909	0.3047	0.3905	0.2920	0.3083	0.2659	0.2537	0.3094	0.2452	0.3115	0.2833	0.2667	0.3028	0.3091	0.3193	0.2979	0.3311	0.3142	0.2578	0.3086	0.2505	0.3115	0.3288	0.2644	0.3231	0.2973	0.3385	0.2870	0.3272	0.3288	0.3382	0.3360	0.2880	0.3424	0.3340	0.3318	0.2608
1:29:16	30.2	0.2490	0.3325	0.2987	0.3419	0.3196	0.3002	0.3176	0.3059	0.3412	0.3011	0.2694	0.2761	0.3497	0.3102	0.3019	0.3139	0.3009	0.2624	0.3262	0.3079	0.3135	0.2565	0.2559	0.3208	0.3210	0.3184	0.2896	0.3231	0.3230	0.2406	0.3301	0.3059	0.3537	0.3138	0.2624	0.3226	0.3034	0.3288	0.2940	0.3380	0.3031	0.2587	0.3137	0.2974	0.3191	0.2958	0.2770	0.3394	0.3112	0.3019	0.3140	0.2989	0.2997	0.2523	0.3197	0.2495	0.3190	0.2991	0.2635	0.2919	0.3100	0.3956	0.2929	0.3153	0.2659	0.2536	0.3123	0.2452	0.3144	0.2842	0.2665	0.3036	0.3103	0.3305	0.2983	0.3421	0.3171	0.2578	0.3122	0.2505	0.3129	0.3386	0.2643	0.3274	0.2973	0.3391	0.2870	0.3289	0.3308	0.3459	0.3391	0.2880	0.3506	0.3364	0.3358	0.2607
1:39:16	30.2	0.2491	0.3482	0.3006	0.3585	0.3206	0.3009	0.3182	0.3064	0.3582	0.3024	0.2692	0.2760	0.3723	0.3143	0.3042	0.3150	0.3010	0.2622	0.3344	0.3100	0.3160	0.2563	0.2557	0.3217	0.3315	0.3251	0.2903	0.3273	0.3342	0.2405	0.3416	0.3067	0.3660	0.3151	0.2621	0.3244	0.3036	0.3346	0.2939	0.3436	0.3047	0.2585	0.3146	0.2980	0.3206	0.2994	0.2763	0.3535	0.3189	0.3024	0.3235	0.2998	0.3001	0.2521	0.3298	0.2495	0.3236	0.3004	0.2633	0.2934	0.3152	0.4006	0.2942	0.3210	0.2656	0.2534	0.3143	0.2450	0.3182	0.2854	0.2667	0.3068	0.3109	0.3435	0.2984	0.3552	0.3168	0.2576	0.3168	0.2503	0.3128	0.3488	0.2641	0.3305	0.2971	0.3401	0.2868	0.3303	0.3337	0.3543	0.3445	0.2878	0.3609	0.3377	0.3425	0.2606
1:49:16	30.2	0.2493	0.3644	0.3024	0.3817	0.3210	0.3027	0.3183	0.3065	0.3784	0.3022	0.2693	0.2761	0.3936	0.3125	0.3084	0.3165	0.3019	0.2623	0.3525	0.3113	0.3177	0.2564	0.2559	0.3225	0.3436	0.3324	0.2908	0.3322	0.3493	0.2407	0.3592	0.3074	0.3901	0.3168	0.2623	0.3261	0.3048	0.3419	0.2947	0.3527	0.3049	0.2586	0.3155	0.2987	0.3228	0.3047	0.2762	0.3713	0.3295	0.3029	0.3343	0.3004	0.3004	0.2524	0.3461	0.2498	0.3288	0.3013	0.2635	0.2948	0.3213	0.4100	0.2945	0.3336	0.2662	0.2536	0.3169	0.2451	0.3219	0.2863	0.2670	0.3082	0.3119	0.3602	0.2981	0.3665	0.3205	0.2578	0.3224	0.2505	0.3141	0.3628	0.2643	0.3358	0.2973	0.3401	0.2870	0.3327	0.3368	0.3672	0.3506	0.2880	0.3782	0.3396	0.3513	0.2607
1:59:16	30.2	0.2493	0.3875	0.3041	0.4142	0.3229	0.3026	0.3194	0.3078	0.4044	0.3041	0.2692	0.2761	0.4171	0.3139	0.3125	0.3198	0.3030	0.2623	0.3653	0.3127	0.3219	0.2564	0.2559	0.3249	0.3618	0.3403	0.2910	0.3378	0.3711	0.2406	0.3805	0.3088	0.4233	0.3193	0.2623	0.3296	0.3051	0.3493	0.2948	0.3585	0.3053	0.2587	0.3165	0.2990	0.3261	0.3086	0.2782	0.4038	0.3390	0.3035	0.3472	0.3012	0.3005	0.2522	0.3677	0.2497	0.3337	0.3024	0.2633	0.2967	0.3263	0.4190	0.2959	0.3416	0.2661	0.2535	0.3210	0.2451	0.3293	0.2877	0.2662	0.3042	0.3157	0.3881	0.2995	0.3957	0.3216	0.2576	0.3277	0.2504	0.3156	0.3808	0.2641	0.3405	0.2973	0.3454	0.2868	0.3387	0.3409	0.3759	0.3552	0.2879	0.3977	0.3434	0.3624	0.2605
2:09:16	30.2	0.2495	0.4143	0.3065	0.4398	0.3249	0.3049	0.3211	0.3096	0.4395	0.3053	0.2694	0.2762	0.4435	0.3168	0.3176	0.3219	0.3045	0.2624	0.3842	0.3153	0.3249	0.2566	0.2560	0.3279	0.3794	0.3512	0.2922	0.3432	0.3937	0.2407	0.4023	0.3101	0.4638	0.3269	0.2624	0.3345	0.3061	0.3555	0.2952	0.3652	0.3163	0.2587	0.3197	0.3002	0.3333	0.3139	0.2782	0.4469	0.3474	0.3047	0.3669	0.3025	0.3015	0.2524	0.3884	0.2498	0.3397	0.3042	0.2634	0.2994	0.3348	0.4325	0.3000	0.3586	0.2660	0.2537	0.3233	0.2452	0.3319	0.2900	0.2662	0.3060	0.3179	0.4183	0.2999	0.4271	0.3236	0.2580	0.3337	0.2506	0.3181	0.4027	0.2642	0.3473	0.2971	0.3543	0.2871	0.3398	0.3456	0.4061	0.3607	0.2879	0.4197	0.3471	0.3809	0.2607
2:19:16	30.2	0.2491	0.4776	0.3127	0.4855	0.3272	0.3120	0.3259	0.3108	0.4821	0.3082	0.2692	0.2761	0.4688	0.3204	0.3236	0.3267	0.3058	0.2624	0.4167	0.3179	0.3318	0.2564	0.2559	0.3295	0.4051	0.3604	0.2925	0.3497	0.4170	0.2406	0.4273	0.3122	0.5009	0.3324	0.2622	0.3420	0.3061	0.3685	0.2956	0.3760	0.3246	0.2587	0.3281	0.3023	0.3470	0.3202	0.2776	0.4735	0.3575	0.3055	0.3995	0.3039	0.3017	0.2521	0.4127	0.2497	0.3458	0.3053	0.2633	0.3027	0.3427	0.4559	0.3020	0.3774	0.2659	0.2535	0.3273	0.2449	0.3381	0.2944	0.2661	0.3055	0.3212	0.4390	0.3004	0.4587	0.3284	0.2577	0.3402	0.2505	0.3210	0.4563	0.2640	0.3535	0.2970	0.3603	0.2869	0.3420	0.3506	0.4468	0.3682	0.2879	0.4594	0.3513	0.4097	0.2606
2:29:16	30.2	0.2492	0.5242	0.3194	0.5132	0.3310	0.3186	0.3303	0.3135	0.5169	0.3114	0.2692	0.2761	0.4911	0.3397	0.3304	0.3333	0.3080	0.2623	0.4379	0.3220	0.3289	0.2564	0.2557	0.3317	0.4343	0.3706	0.2941	0.3563	0.4438	0.2406	0.4672	0.3148	0.5248	0.3435	0.2622	0.3549	0.3077	0.3753	0.2972	0.3848	0.3239	0.2585	0.3362	0.3047	0.3690	0.3274	0.2772	0.4990	0.3702	0.3075	0.4279	0.3067	0.3032	0.2522	0.4362	0.2497	0.3539	0.3077	0.2633	0.3071	0.3512	0.4975	0.3049	0.4132	0.2659	0.2535	0.3343	0.2450	0.3471	0.2980	0.2662	0.3080	0.3267	0.4779	0.3019	0.5002	0.3357	0.2577	0.3477	0.2505	0.3254	0.4736	0.2640	0.3612	0.2972	0.3678	0.2868	0.3484	0.3563	0.4875	0.3748	0.2880	0.4963	0.3571	0.4464	0.2606
2:39:16	30.2	0.2497	0.5732	0.3353	0.5536	0.3400	0.3324	0.3388	0.3164	0.5616	0.3166	0.2693	0.2761	0.5172	0.3752	0.3378	0.3462	0.3116	0.2624	0.4631	0.3299	0.3415	0.2563	0.2558	0.3394	0.4808	0.3808	0.2951	0.3657	0.4772	0.2405	0.5101	0.3185	0.5435	0.3643	0.2621	0.3812	0.3121	0.3837	0.2991	0.3926	0.3320	0.2586	0.3572	0.3093	0.4383	0.3380	0.2774	0.5209	0.3874	0.3071	0.4569	0.3113	0.3044	0.2520	0.4638	0.2496	0.3604	0.3115	0.2633	0.3148	0.3586	0.5237	0.3067	0.4547	0.2659	0.2535	0.4095	0.2447	0.3547	0.3018	0.2663	0.3135	0.3510	0.5590	0.3025	0.5544	0.3461	0.2576	0.3557	0.2504	0.3363	0.4713	0.2638	0.3702	0.2970	0.3691	0.2870	0.3594	0.3623	0.5264	0.3831	0.2879	0.5221	0.3630	0.4578	0.2605
2:49:16	30.2	0.2492	0.6136	0.3718	0.5946	0.3468	0.3507	0.3552	0.3287	0.5934	0.3286	0.2693	0.2763	0.5430	0.3770	0.3473	0.3513	0.3172	0.2627	0.4914	0.3450	0.3941	0.2565	0.2560	0.3587	0.5173	0.3954	0.2965	0.3768	0.5062	0.2407	0.5603	0.3227	0.5608	0.4010	0.2623	0.3948	0.3129	0.3919	0.3003	0.3996	0.3534	0.2587	0.4162	0.3134	0.4678	0.3466	0.2764	0.5628	0.3980	0.3091	0.4908	0.3168	0.3047	0.2523	0.4922	0.2499	0.3697	0.3159	0.2634	0.3268	0.3681	0.5590	0.3082	0.5019	0.2661	0.2537	0.4310	0.2452	0.3635	0.3088	0.2669	0.3218	0.3596	0.5919	0.3022	0.5840	0.3718	0.2579	0.3674	0.2504	0.3452	0.5063	0.2640	0.3809	0.2972	0.3665	0.2868	0.3742	0.3703	0.5643	0.3907	0.2882	0.5526	0.3758	0.4583	0.2608
2:59:16	30.2	0.2500	0.6658	0.3697	0.6456	0.3610	0.3703	0.3802	0.3371	0.6363	0.3377	0.2693	0.2763	0.5601	0.4094	0.3559	0.4058	0.3252	0.2622	0.5017	0.3734	0.4090	0.2566	0.2560	0.4221	0.5492	0.4159	0.3026	0.3870	0.5153	0.2406	0.5870	0.3307	0.5787	0.4407	0.2621	0.4430	0.3229	0.3995	0.3046	0.4054	0.3744	0.2587	0.4406	0.3264	0.4739	0.3567	0.2754	0.6035	0.4162	0.3202	0.5409	0.3300	0.3084	0.2521	0.5106	0.2498	0.3780	0.3277	0.2633	0.3437	0.3804	0.5969	0.3423	0.5409	0.2660	0.2535	0.4508	0.2449	0.3755	0.3139	0.2667	0.3357	0.3898	0.6252	0.3077	0.6230	0.4015	0.2578	0.3777	0.2504	0.3787	0.5253	0.2638	0.3907	0.2971	0.4204	0.2868	0.3883	0.3776	0.6123	0.4013	0.2880	0.5986	0.4085	0.4915	0.2605
3:09:16	30.2	0.2492	0.7132	0.4120	0.6879	0.3780	0.4027	0.4178	0.3506	0.6770	0.3667	0.2694	0.2763	0.5869	0.4126	0.3667	0.4115	0.3411	0.2626	0.5223	0.4082	0.4287	0.2565	0.2560	0.4616	0.5845	0.4337	0.3130	0.3997	0.5234	0.2407	0.6328	0.3467	0.5944	0.4674	0.2623	0.4682	0.3458	0.4169	0.3115	0.4188	0.4043	0.2587	0.4645	0.3510	0.4870	0.3658	0.2754	0.6300	0.4299	0.3285	0.5816	0.3497	0.3164	0.2523	0.5229	0.2499	0.4014	0.3460	0.2634	0.3771	0.3876	0.6339	0.3602	0.5772	0.2660	0.2537	0.4651	0.2450	0.3898	0.3362	0.2664	0.3701	0.4280	0.6386	0.3183	0.6483	0.4358	0.2578	0.3918	0.2505	0.4425	0.5631	0.2638	0.4053	0.2972	0.4578	0.2870	0.4269	0.3870	0.6495	0.4118	0.2881	0.6378	0.4342	0.5064	0.2606
3:19:16	30.2	0.2500	0.7549	0.4307	0.7247	0.4206	0.4277	0.4535	0.3862	0.7369	0.4392	0.2694	0.2763	0.6119	0.4205	0.3799	0.4429	0.3687	0.2623	0.5363	0.4328	0.4603	0.2565	0.2561	0.4796	0.6147	0.4531	0.3323	0.4102	0.5329	0.2406	0.6700	0.3718	0.6064	0.4896	0.2623	0.4876	0.3733	0.4275	0.3264	0.4288	0.4305	0.2587	0.4779	0.3968	0.5100	0.3826	0.2755	0.6781	0.4485	0.3481	0.6274	0.3878	0.3425	0.2521	0.5462	0.2498	0.4131	0.3696	0.2634	0.4163	0.3969	0.6805	0.3827	0.6325	0.2659	0.2537	0.4769	0.2450	0.4014	0.3853	0.2667	0.4111	0.4430	0.6890	0.3379	0.6877	0.4602	0.2578	0.4126	0.2505	0.4537	0.5817	0.2638	0.4188	0.2972	0.4918	0.2871	0.4523	0.3979	0.6969	0.4238	0.2883	0.6730	0.4629	0.5042	0.2606
3:29:16	30.2	0.2488	0.8036	0.4423	0.7824	0.4284	0.4708	0.4845	0.4200	0.7985	0.4599	0.2691	0.2762	0.6432	0.4511	0.3941	0.4589	0.3935	0.2625	0.5727	0.4524	0.4742	0.2565	0.2558	0.4817	0.6366	0.4694	0.3616	0.4242	0.5598	0.2405	0.6872	0.3969	0.6050	0.5021	0.2621	0.4872	0.4007	0.4443	0.3804	0.4419	0.4400	0.2585	0.4905	0.4281	0.5293	0.3942	0.2763	0.7072	0.4687	0.3664	0.6800	0.4029	0.3925	0.2522	0.5778	0.2497	0.4273	0.3935	0.2632	0.4205	0.4135	0.7361	0.4110	0.6852	0.2659	0.2535	0.4836	0.2448	0.4149	0.4400	0.2661	0.4109	0.4758	0.7438	0.3614	0.7175	0.4886	0.2577	0.4335	0.2504	0.4408	0.5874	0.2636	0.4335	0.2970	0.4941	0.2869	0.4404	0.4115	0.7660	0.4387	0.2882	0.7129	0.4897	0.5235	0.2605
3:39:16	30.2	0.2496	0.8403	0.4731	0.8416	0.4629	0.5116	0.4968	0.4663	0.8374	0.5107	0.2693	0.2763	0.6784	0.4581	0.4109	0.4836	0.4151	0.2627	0.5921	0.4633	0.5082	0.2564	0.2560	0.4928	0.6810	0.4940	0.3827	0.4400	0.5818	0.2406	0.7204	0.4373	0.6167	0.5131	0.2622	0.5066	0.4297	0.4529	0.3856	0.4549	0.4687	0.2586	0.5267	0.4575	0.5495	0.4092	0.2766	0.7245	0.4895	0.3883	0.7407	0.4437	0.3970	0.2523	0.5822	0.2499	0.4552	0.4107	0.2634	0.4450	0.4227	0.7813	0.4278	0.7318	0.2658	0.2535	0.5058	0.2450	0.4303	0.4521	0.2661	0.4624	0.4768	0.8028	0.3969	0.7263	0.5006	0.2578	0.4616	0.2505	0.4782	0.5940	0.2637	0.4524	0.2972	0.5244	0.2870	0.4746	0.4232	0.8156	0.4504	0.2883	0.7643	0.5165	0.5479	0.2605
3:49:16	30.2	0.2489	0.9074	0.4871	0.8774	0.4919	0.5201	0.5305	0.5049	0.8885	0.5064	0.2694	0.2763	0.7172	0.4824	0.4263	0.5098	0.4318	0.2625	0.6176	0.4932	0.5339	0.2566	0.2560	0.5218	0.7206	0.5152	0.4133	0.4521	0.6039	0.2407	0.7309	0.4842	0.6320	0.5300	0.2622	0.5323	0.4514	0.4683	0.4043	0.4697	0.4908	0.2587	0.5238	0.4674	0.5697	0.4258	0.2763	0.7522	0.5072	0.4074	0.7878	0.4441	0.4002	0.2523	0.5982	0.2499	0.4854	0.4429	0.2633	0.4775	0.4437	0.8405	0.4464	0.8011	0.2662	0.2535	0.5371	0.2449	0.4417	0.4706	0.2661	0.4759	0.4971	0.7974	0.4186	0.7308	0.5248	0.2578	0.4844	0.2505	0.4974	0.6341	0.2637	0.4708	0.2971	0.5650	0.2870	0.5180	0.4382	0.8631	0.4644	0.2883	0.8062	0.5125	0.5533	0.2606
3:59:16	30.2	0.2492	0.9669	0.5113	0.9476	0.5068	0.5514	0.5382	0.5326	0.9316	0.5127	0.2693	0.2763	0.7617	0.4909	0.4443	0.5344	0.4550	0.2623	0.6158	0.5079	0.5447	0.2565	0.2560	0.5276	0.7503	0.5141	0.4393	0.4637	0.6182	0.2406	0.7424	0.5050	0.6282	0.5505	0.2622	0.5339	0.4760	0.4818	0.4330	0.4836	0.5170	0.2585	0.5397	0.4818	0.6094	0.4439	0.2752	0.7800	0.5244	0.4296	0.8481	0.4696	0.4135	0.2522	0.6251	0.2499	0.5019	0.4739	0.2634	0.4658	0.4653	0.9095	0.4757	0.8812	0.2661	0.2535	0.5707	0.2450	0.4532	0.4799	0.2660	0.5014	0.4995	0.7825	0.4496	0.7427	0.5415	0.2578	0.5215	0.2505	0.5133	0.6261	0.2636	0.4814	0.2970	0.5969	0.2870	0.5495	0.4509	0.9225	0.4774	0.2882	0.8486	0.5224	0.5825	0.2605
4:09:16	30.2	0.2494	1.0293	0.5408	1.0043	0.5179	0.5858	0.5916	0.5603	0.9606	0.5513	0.2694	0.2766	0.7934	0.5170	0.4634	0.5489	0.4797	0.2623	0.6174	0.5241	0.5644	0.2567	0.2561	0.5510	0.7957	0.5482	0.4256	0.4791	0.6116	0.2407	0.7300	0.5074	0.6445	0.5675	0.2622	0.5556	0.4835	0.4867	0.4555	0.4954	0.5561	0.2587	0.5722	0.5080	0.6501	0.4529	0.2762	0.7976	0.5457	0.4687	0.9140	0.4582	0.4519	0.2523	0.6138	0.2499	0.5261	0.4853	0.2634	0.4857	0.4824	0.9739	0.5281	0.9330	0.2661	0.2537	0.6097	0.2450	0.4732	0.5106	0.2664	0.5397	0.5156	0.8055	0.4722	0.7504	0.5665	0.2578	0.5464	0.2505	0.5170	0.6118	0.2637	0.5038	0.2972	0.6369	0.2873	0.5920	0.4672	0.9778	0.4957	0.2883	0.8942	0.5132	0.5756	0.2606
4:19:16	30.2	0.2496	1.0842	0.5350	1.0478	0.5434	0.6273	0.6040	0.5945	0.9999	0.5760	0.2692	0.2764	0.8334	0.5324	0.4829	0.5573	0.5067	0.2623	0.6345	0.5612	0.5964	0.2565	0.2559	0.5686	0.8510	0.5705	0.4757	0.4956	0.6476	0.2406	0.7527	0.5362	0.6591	0.6146	0.2621	0.5960	0.5246	0.5000	0.4810	0.5139	0.5921	0.2585	0.6150	0.5335	0.6871	0.4820	0.2761	0.8255	0.5632	0.4994	0.9652	0.4732	0.4701	0.2522	0.6221	0.2499	0.5418	0.4977	0.2632	0.5297	0.5110	1.0302	0.5485	0.9851	0.2660	0.2535	0.6432	0.2448	0.4936	0.5309	0.2665	0.5704	0.5387	0.8086	0.4889	0.7659	0.5767	0.2576	0.5772	0.2505	0.5578	0.6377	0.2635	0.5277	0.2972	0.6665	0.2868	0.6287	0.4849	1.0287	0.5108	0.2882	0.9414	0.5934	0.5995	0.2605
4:29:16	30.2	0.2494	1.1273	0.5676	1.0942	0.5632	0.6639	0.6529	0.6089	1.0207	0.6164	0.2694	0.2765	0.8610	0.5358	0.4987	0.5867	0.5086	0.2629	0.6274	0.5729	0.6120	0.2566	0.2561	0.5706	0.8687	0.6105	0.4748	0.5147	0.6257	0.2408	0.7454	0.5479	0.6525	0.6058	0.2623	0.6036	0.5392	0.5074	0.5063	0.5272	0.6448	0.2587	0.6365	0.5346	0.7225	0.4678	0.2757	0.8346	0.5842	0.5442	1.0112	0.5265	0.4936	0.2523	0.6029	0.2500	0.5730	0.5174	0.2635	0.5101	0.5315	1.0808	0.6018	1.0352	0.2664	0.2536	0.6776	0.2450	0.4983	0.5697	0.2664	0.5980	0.5478	0.8215	0.5000	0.7799	0.6069	0.2579	0.5964	0.2506	0.5656	0.6361	0.2636	0.5413	0.2972	0.7024	0.2870	0.6619	0.5096	1.0686	0.5277	0.2883	0.9757	0.6121	0.6050	0.2607
4:39:16	30.2	0.2494	1.1642	0.5971	1.1244	0.5850	0.7039	0.7111	0.6573	1.0547	0.6664	0.2693	0.2766	0.8980	0.5463	0.5175	0.6126	0.5441	0.2628	0.6421	0.5903	0.6357	0.2566	0.2561	0.6123	0.9093	0.6196	0.5083	0.5369	0.6465	0.2407	0.7639	0.5805	0.6715	0.6347	0.2622	0.6406	0.5789	0.5410	0.5319	0.5452	0.6730	0.2586	0.6787	0.5866	0.7674	0.5112	0.2776	0.8643	0.6094	0.5950	1.0561	0.5396	0.5140	0.2523	0.6241	0.2498	0.5945	0.5337	0.2634	0.5520	0.5638	1.1286	0.6378	1.0805	0.2661	0.2535	0.7114	0.2450	0.5218	0.6204	0.2663	0.6391	0.5599	0.8547	0.5195	0.7875	0.6192	0.2578	0.6270	0.2505	0.5822	0.6451	0.2636	0.5625	0.2971	0.7299	0.2871	0.7026	0.5301	1.0994	0.5476	0.2882	1.0107	0.6271	0.6112	0.2605
4:49:16	30.2	0.2490	1.1934	0.6190	1.1519	0.6045	0.7476	0.7448	0.6853	1.0906	0.7098	0.2694	0.2765	0.9394	0.5505	0.5361	0.6269	0.5676	0.2625	0.6741	0.6206	0.6639	0.2566	0.2561	0.6455	0.9435	0.6501	0.5464	0.5550	0.6675	0.2407	0.7899	0.6037	0.6914	0.6666	0.2622	0.6660	0.6177	0.5450	0.5740	0.5621	0.7097	0.2586	0.7320	0.6220	0.8250	0.5308	0.2767	0.9104	0.6354	0.6377	1.0946	0.5859	0.5414	0.2523	0.6522	0.2499	0.6339	0.5630	0.2634	0.5695	0.5928	1.1663	0.6780	1.1190	0.2662	0.2537	0.7473	0.2450	0.5469	0.6533	0.2665	0.6969	0.5869	0.8734	0.5473	0.7938	0.6341	0.2578	0.6475	0.2505	0.6030	0.6747	0.2635	0.5933	0.2971	0.7770	0.2871	0.7437	0.5541	1.1367	0.5690	0.2883	1.0442	0.6300	0.6349	0.2605
4:59:16	30.2	0.2493	1.2186	0.6406	1.1799	0.6224	0.8049	0.7756	0.7403	1.1073	0.7552	0.2695	0.2765	0.9684	0.5760	0.5497	0.6536	0.5815	0.2625	0.6780	0.6158	0.7194	0.2567	0.2562	0.6225	0.9687	0.6648	0.5326	0.5723	0.6699	0.2407	0.7915	0.6034	0.6978	0.6910	0.2622	0.6443	0.6542	0.5704	0.6304	0.5785	0.7337	0.2587	0.7490	0.6528	0.8293	0.5442	0.2757	0.9224	0.6604	0.6792	1.1282	0.6300	0.5872	0.2523	0.6594	0.2499	0.6573	0.5759	0.2635	0.5856	0.6120	1.1961	0.7241	1.1484	0.2664	0.2537	0.7797	0.2450	0.5514	0.7215	0.2665	0.7456	0.5945	0.9010	0.5714	0.8116	0.6505	0.2578	0.6781	0.2505	0.6219	0.6819	0.2635	0.6107	0.2972	0.8133	0.2871	0.7821	0.5645	1.1682	0.5753	0.2881	1.0735	0.6439	0.6536	0.2606
5:09:16	30.2	0.2492	1.2417	0.6452	1.2006	0.6611	0.8318	0.8305	0.7833	1.1269	0.7841	0.2695	0.2765	1.0071	0.6163	0.5700	0.6587	0.6316	0.2627	0.7043	0.6657	0.6869	0.2566	0.2561	0.6699	1.0014	0.7064	0.6040	0.5973	0.6900	0.2407	0.8125	0.6279	0.7150	0.7102	0.2623	0.6895	0.6933	0.5862	0.6648	0.5960	0.7814	0.2587	0.7814	0.6990	0.8575	0.5629	0.2751	0.9455	0.6887	0.7268	1.1602	0.6811	0.6076	0.2523	0.6574	0.2500	0.6758	0.6059	0.2634	0.6268	0.6522	1.2284	0.7618	1.1802	0.2660	0.2536	0.8152	0.2448	0.5747	0.7760	0.2665	0.7934	0.6393	0.9318	0.6122	0.8233	0.6691	0.2578	0.7029	0.2506	0.6567	0.6802	0.2635	0.6382	0.2970	0.8444	0.2870	0.8116	0.5953	1.1973	0.6022	0.2882	1.1036	0.6623	0.6765	0.2606
5:19:16	30.2	0.2495	1.2611	0.6876	1.2218	0.6818	0.8743	0.8743	0.8268	1.1513	0.8274	0.2694	0.2766	1.0361	0.6096	0.5794	0.6880	0.6250	0.2627	0.7004	0.6608	0.7159	0.2566	0.2561	0.6787	1.0294	0.7280	0.5987	0.6104	0.6796	0.2408	0.8269	0.6319	0.7246	0.7280	0.2622	0.6800	0.7140	0.5813	0.7269	0.6120	0.8118	0.2585	0.8167	0.7426	0.8960	0.5701	0.2753	0.9811	0.7118	0.7690	1.1840	0.7426	0.6562	0.2523	0.6609	0.2499	0.6895	0.6148	0.2634	0.6357	0.6904	1.2517	0.7970	1.2066	0.2661	0.2536	0.8547	0.2449	0.5981	0.8003	0.2665	0.8215	0.6319	0.9673	0.6354	0.8578	0.6796	0.2578	0.7307	0.2505	0.6503	0.6705	0.2635	0.6507	0.2972	0.8728	0.2871	0.8422	0.6230	1.2233	0.6211	0.2880	1.1320	0.6754	0.6793	0.2604
5:29:16	30.2	0.2493	1.2773	0.7204	1.2409	0.7095	0.8965	0.8898	0.8390	1.1770	0.8661	0.2695	0.2763	1.0645	0.6380	0.5980	0.7088	0.6308	0.2628	0.7117	0.6783	0.7786	0.2566	0.2560	0.6840	1.0536	0.7569	0.6274	0.6313	0.6864	0.2406	0.8412	0.6489	0.7347	0.7513	0.2622	0.6897	0.7504	0.6177	0.7367	0.6295	0.8435	0.2584	0.8367	0.7715	0.9121	0.5907	0.2757	1.0129	0.7345	0.8028	1.2048	0.7765	0.6756	0.2522	0.6648	0.2498	0.7220	0.6077	0.2632	0.6120	0.7301	1.2707	0.8310	1.2301	0.2661	0.2535	0.8703	0.2448	0.6109	0.8272	0.2664	0.8436	0.6542	1.0037	0.6711	0.8794	0.6993	0.2577	0.7565	0.2506	0.6569	0.6832	0.2634	0.6728	0.2972	0.8930	0.2870	0.8749	0.6396	1.2348	0.6398	0.2881	1.1631	0.6912	0.6996	0.2605
5:39:16	30.2	0.2499	1.2936	0.7414	1.2607	0.7350	0.9364	0.9205	0.8797	1.2031	0.8935	0.2695	0.2765	1.0917	0.6538	0.6155	0.7272	0.6578	0.2627	0.7204	0.6983	0.7701	0.2566	0.2561	0.7165	1.0818	0.7791	0.6454	0.6548	0.6979	0.2406	0.8651	0.6699	0.7508	0.7645	0.2620	0.7114	0.7864	0.6321	0.7747	0.6486	0.8818	0.2586	0.8721	0.8008	0.9294	0.6135	0.2758	1.0497	0.7595	0.8413	1.2256	0.8077	0.7062	0.2522	0.6746	0.2499	0.7504	0.6284	0.2633	0.6481	0.7713	1.2880	0.8634	1.2504	0.2663	0.2535	0.9037	0.2448	0.6312	0.8673	0.2663	0.8718	0.6865	1.0391	0.7037	0.9029	0.7059	0.2577	0.7847	0.2504	0.6670	0.6954	0.2633	0.6926	0.2971	0.9221	0.2870	0.9015	0.6665	1.2567	0.6603	0.2880	1.1856	0.6907	0.7079	0.2604
5:49:16	30.2	0.2492	1.3069	0.7551	1.2751	0.7622	0.9663	0.9714	0.9003	1.2215	0.9383	0.2694	0.2764	1.1234	0.6681	0.6430	0.7589	0.6791	0.2626	0.7638	0.7221	0.8130	0.2567	0.2561	0.7308	1.1182	0.8024	0.6649	0.6833	0.7395	0.2407	0.9021	0.6866	0.7724	0.8113	0.2620	0.7503	0.8193	0.6810	0.8281	0.6729	0.9060	0.2585	0.8979	0.8322	0.9790	0.6433	0.2755	1.0758	0.7896	0.8602	1.2433	0.8479	0.7402	0.2522	0.7125	0.2499	0.7775	0.6627	0.2635	0.6776	0.8169	1.3040	0.8897	1.2672	0.2661	0.2535	0.9282	0.2448	0.6539	0.9038	0.2664	0.9076	0.6816	1.0706	0.7289	0.9265	0.7118	0.2577	0.8088	0.2505	0.6942	0.7121	0.2633	0.7076	0.2970	0.9445	0.2871	0.9281	0.6991	1.2773	0.6758	0.2880	1.2026	0.7366	0.7081	0.2605
5:59:16	30.2	0.2500	1.3230	0.7831	1.2943	0.7880	0.9846	0.9703	0.9162	1.2400	0.9361	0.2695	0.2765	1.1430	0.6746	0.6525	0.7655	0.6798	0.2626	0.7618	0.7298	0.7996	0.2567	0.2562	0.7343	1.1335	0.8340	0.7087	0.7036	0.7333	0.2407	0.9173	0.6924	0.7899	0.8060	0.2622	0.7445	0.8543	0.7456	0.8388	0.6928	0.9283	0.2585	0.9127	0.8657	0.9861	0.6584	0.2770	1.0992	0.8118	0.9041	1.2615	0.8756	0.7664	0.2522	0.7248	0.2499	0.7938	0.6594	0.2634	0.6887	0.8606	1.3203	0.9107	1.2834	0.2665	0.2536	0.9607	0.2449	0.6708	0.9253	0.2664	0.9275	0.7103	1.1049	0.7550	0.9559	0.7240	0.2577	0.8371	0.2506	0.7085	0.7260	0.2633	0.7282	0.2971	0.9725	0.2871	0.9515	0.7276	1.2944	0.7004	0.2882	1.2200	0.7365	0.7221	0.2605
6:09:16	30.2	0.2490	1.3344	0.8100	1.3051	0.8115	0.9876	1.0023	0.9445	1.2570	0.9722	0.2695	0.2766	1.1621	0.7148	0.6706	0.7924	0.6804	0.2629	0.7910	0.6963	0.7708	0.2567	0.2561	0.7355	1.1543	0.8653	0.7477	0.7273	0.7586	0.2408	0.9451	0.7017	0.8019	0.8288	0.2623	0.7587	0.8894	0.6959	0.8661	0.7160	0.9508	0.2587	0.9342	0.8992	0.9902	0.6897	0.2761	1.1260	0.8298	0.9323	1.2763	0.9029	0.7904	0.2522	0.7513	0.2501	0.8211	0.6603	0.2634	0.6951	0.9072	1.3297	0.9360	1.2994	0.2662	0.2536	0.9781	0.2449	0.6884	0.9444	0.2666	0.9430	0.7134	1.1332	0.7823	0.9883	0.7251	0.2578	0.8700	0.2505	0.7099	0.7349	0.2633	0.7452	0.2971	0.9915	0.2872	0.9726	0.7580	1.3052	0.7185	0.2882	1.2429	0.7268	0.7093	0.2605
6:19:15	30.2	0.2491	1.3454	0.8276	1.3158	0.8380	1.0115	1.0272	0.9770	1.2698	1.0022	0.2694	0.2767	1.1873	0.7224	0.7004	0.7953	0.7140	0.2623	0.8227	0.7190	0.7866	0.2567	0.2562	0.7750	1.1866	0.8911	0.7867	0.7577	0.8032	0.2408	0.9765	0.7281	0.8385	0.8498	0.2621	0.7819	0.9157	0.7056	0.9122	0.7412	0.9715	0.2588	0.9520	0.9192	1.0350	0.7161	0.2755	1.1578	0.8522	0.9558	1.2884	0.9278	0.8247	0.2524	0.7874	0.2499	0.8373	0.6848	0.2634	0.7017	0.9482	1.3459	0.9538	1.3128	0.2664	0.2537	0.9980	0.2449	0.7108	0.9706	0.2664	0.9685	0.7349	1.1611	0.8120	1.0226	0.7382	0.2577	0.8992	0.2504	0.7032	0.7336	0.2641	0.7753	0.2970	1.0089	0.2871	0.9883	0.7981	1.3227	0.7382	0.2883	1.2601	0.7386	0.7155	0.2605
6:29:16	30.2	0.2500	1.3575	0.8544	1.3304	0.8575	1.0436	1.0397	0.9943	1.2830	1.0170	0.2694	0.2767	1.2116	0.7393	0.7262	0.8088	0.7301	0.2627	0.8537	0.7333	0.7810	0.2568	0.2562	0.7625	1.2069	0.9170	0.7750	0.7841	0.8406	0.2408	1.0062	0.7328	0.8635	0.8432	0.2622	0.7811	0.9449	0.7298	0.9235	0.7634	0.9852	0.2585	0.9684	0.9408	1.0562	0.7383	0.2753	1.1780	0.8650	0.9773	1.3030	0.9585	0.8564	0.2524	0.8113	0.2501	0.8612	0.7131	0.2635	0.7010	0.9840	1.3584	0.9725	1.3257	0.2666	0.2537	1.0186	0.2449	0.7333	0.9893	0.2664	0.9877	0.7429	1.1823	0.8729	1.0521	0.7411	0.2580	0.9120	0.2506	0.7135	0.7524	0.2634	0.8009	0.2971	1.0299	0.2872	1.0056	0.8319	1.3398	0.7667	0.2883	1.2791	0.7398	0.7223	0.2605
6:39:16	30.2	0.2496	1.3708	0.8690	1.3413	0.8914	1.0436	1.0616	1.0178	1.2948	1.0375	0.2695	0.2765	1.2303	0.7923	0.7559	0.8380	0.7314	0.2625	0.8816	0.7544	0.8066	0.2568	0.2561	0.8015	1.2291	0.9471	0.8056	0.8171	0.8768	0.2406	1.0175	0.7426	0.9042	0.8811	0.2622	0.8245	0.9856	0.7451	0.9528	0.7847	1.0043	0.2585	0.9907	0.9608	1.0748	0.7657	0.2765	1.2007	0.8854	1.0050	1.3163	0.9772	0.8872	0.2524	0.8386	0.2499	0.8881	0.7207	0.2634	0.7008	1.0201	1.3727	0.9915	1.3405	0.2664	0.2535	1.0538	0.2448	0.7628	1.0140	0.2664	0.9984	0.7521	1.2130	0.8740	1.0837	0.7560	0.2578	0.9409	0.2506	0.7275	0.7631	0.2634	0.8301	0.2970	1.0456	0.2872	1.0230	0.8612	1.3513	0.7990	0.2881	1.2956	0.7833	0.7480	0.2604
6:49:16	30.2	0.2493	1.3818	0.8830	1.3504	0.9091	1.0609	1.0888	1.0378	1.3063	1.0555	0.2695	0.2766	1.2404	0.8093	0.7771	0.8619	0.7229	0.2627	0.9062	0.7735	0.8133	0.2568	0.2563	0.8192	1.2521	0.9765	0.8242	0.8422	0.9095	0.2410	1.0441	0.7442	0.9233	0.8948	0.2623	0.8480	1.0113	0.7698	0.9776	0.8069	1.0251	0.2587	1.0015	0.9912	1.0879	0.7917	0.2766	1.2269	0.9097	1.0298	1.3276	0.9957	0.9182	0.2526	0.8650	0.2503	0.9048	0.7217	0.2635	0.6966	1.0560	1.3852	0.9966	1.3493	0.2664	0.2537	1.0862	0.2450	0.7868	1.0324	0.2666	1.0186	0.7893	1.2309	0.8704	1.1007	0.7540	0.2580	0.9765	0.2508	0.7444	0.7685	0.2633	0.8498	0.2972	1.0667	0.2873	1.0460	0.8913	1.3646	0.8281	0.2883	1.3112	0.7831	0.7453	0.2606
6:59:16	30.2	0.2493	1.3890	0.9011	1.3603	0.9330	1.0651	1.1043	1.0479	1.3230	1.0588	0.2696	0.2766	1.2573	0.8257	0.8002	0.8820	0.7448	0.2627	0.9247	0.7656	0.8270	0.2567	0.2561	0.8391	1.2673	1.0033	0.8504	0.8552	0.9203	0.2408	1.0636	0.7508	0.9425	0.9134	0.2621	0.8578	1.0317	0.7939	0.9982	0.8359	1.0332	0.2586	1.0010	1.0189	1.1056	0.8188	0.2759	1.2343	0.9318	1.0527	1.3382	1.0192	0.9394	0.2522	0.8848	0.2501	0.9269	0.7099	0.2634	0.7069	1.0878	1.3950	1.0299	1.3611	0.2663	0.2537	1.1037	0.2447	0.8163	1.0514	0.2665	1.0329	0.8044	1.2512	0.8875	1.1275	0.7431	0.2579	0.9962	0.2506	0.7506	0.7761	0.2633	0.8601	0.2971	1.0791	0.2871	1.0620	0.9229	1.3764	0.8651	0.2881	1.3226	0.7729	0.7471	0.2605
7:09:16	30.2	0.2491	1.3974	0.9191	1.3680	0.9523	1.0976	1.1306	1.0727	1.3284	1.0813	0.2697	0.2767	1.2836	0.8467	0.8338	0.8989	0.7496	0.2628	0.9513	0.7853	0.8278	0.2567	0.2562	0.8333	1.2874	1.0190	0.8728	0.8872	0.9730	0.2410	1.0755	0.7477	0.9774	0.9211	0.2623	0.8994	1.0962	0.8105	1.0101	0.8688	1.0546	0.2586	1.0372	1.0413	1.1311	0.8424	0.2753	1.2639	0.9607	1.0743	1.3504	1.0471	0.9534	0.2525	0.9170	0.2501	0.9406	0.7034	0.2634	0.7267	1.1178	1.4103	1.0440	1.3716	0.2665	0.2537	1.1224	0.2450	0.8571	1.0749	0.2664	1.0435	0.8185	1.2675	0.9145	1.1382	0.7816	0.2578	1.0155	0.2507	0.7460	0.7860	0.2634	0.8848	0.2971	1.1116	0.2872	1.0791	0.9554	1.3901	0.9045	0.2882	1.3363	0.7690	0.7902	0.2606
7:19:16	30.2	0.2494	1.4083	0.9392	1.3765	0.9566	1.1116	1.1484	1.0900	1.3417	1.0967	0.2695	0.2767	1.2858	0.8962	0.8535	0.9348	0.7765	0.2628	0.9762	0.7772	0.8190	0.2569	0.2562	0.8780	1.3098	1.0426	0.9093	0.9048	0.9809	0.2409	1.0989	0.7797	0.9990	0.9329	0.2623	0.8863	1.1048	0.8323	1.0341	0.8915	1.0555	0.2587	1.0418	1.0631	1.1504	0.8672	0.2749	1.2803	0.9856	1.0926	1.3598	1.0612	1.0022	0.2525	0.9436	0.2501	0.9564	0.7253	0.2636	0.7380	1.1492	1.4233	1.0619	1.3811	0.2665	0.2538	1.1478	0.2449	0.8935	1.0865	0.2664	1.0598	0.8478	1.2884	0.9498	1.1627	0.8085	0.2578	1.0359	0.2507	0.7709	0.8030	0.2634	0.9075	0.2971	1.1238	0.2872	1.0983	0.9828	1.3992	0.9460	0.2881	1.3533	0.7726	0.7852	0.2606
7:29:16	30.2	0.2502	1.4149	0.9724	1.3846	0.9887	1.1111	1.1606	1.1131	1.3492	1.1170	0.2695	0.2766	1.3082	0.9076	0.8707	0.9399	0.7921	0.2630	1.0029	0.7865	0.8619	0.2568	0.2562	0.8976	1.3273	1.0694	0.9082	0.9220	1.0001	0.2409	1.1082	0.8043	1.0320	0.9323	0.2624	0.9082	1.1165	0.8473	1.0501	0.9180	1.0702	0.2588	1.0701	1.0830	1.1645	0.8865	0.2754	1.3089	1.0178	1.1138	1.3711	1.0873	1.0222	0.2523	0.9702	0.2501	0.9733	0.7225	0.2634	0.7532	1.1750	1.4383	1.0784	1.3917	0.2666	0.2537	1.1672	0.2449	0.9332	1.0892	0.2664	1.0784	0.8792	1.3093	0.9752	1.1943	0.8279	0.2579	1.0552	0.2507	0.7823	0.8194	0.2634	0.9181	0.2971	1.1500	0.2872	1.1124	1.0096	1.4160	0.9774	0.2883	1.3655	0.7887	0.8083	0.2604
7:39:16	30.2	0.2495	1.4219	0.9881	1.3945	1.0025	1.1340	1.1820	1.1252	1.3641	1.1418	0.2694	0.2767	1.3196	0.9290	0.8916	0.9761	0.8238	0.2625	1.0188	0.8079	0.8817	0.2568	0.2563	0.9085	1.3486	1.0889	0.9387	0.9427	1.0366	0.2409	1.1227	0.8254	1.0587	0.9660	0.2624	0.9117	1.1278	0.8574	1.0721	0.9394	1.0952	0.2587	1.0797	1.0986	1.1758	0.9032	0.2767	1.3177	1.0678	1.1348	1.3836	1.0942	1.0666	0.2523	1.0004	0.2501	0.9901	0.7367	0.2634	0.7653	1.2016	1.4497	1.0874	1.4026	0.2663	0.2539	1.1718	0.2449	0.9687	1.1059	0.2666	1.0940	0.9389	1.3189	0.9899	1.2047	0.8535	0.2578	1.0747	0.2506	0.8178	0.8383	0.2634	0.9363	0.2973	1.1514	0.2873	1.1311	1.0335	1.4254	1.0110	0.2881	1.3791	0.8013	0.8090	0.2605
7:49:16	30.2	0.2491	1.4295	1.0136	1.4015	1.0249	1.1490	1.2014	1.1435	1.3754	1.1553	0.2694	0.2768	1.3356	0.9389	0.9211	0.9856	0.8439	0.2629	1.0513	0.8410	0.8927	0.2570	0.2563	0.9104	1.3742	1.1036	0.9786	0.9640	1.0622	0.2410	1.1288	0.8347	1.0759	0.9924	0.2622	0.9144	1.1355	0.8730	1.0913	0.9619	1.1129	0.2588	1.0997	1.1168	1.1840	0.9146	0.2759	1.3363	1.1016	1.1533	1.3946	1.1123	1.1010	0.2523	1.0303	0.2502	1.0059	0.7444	0.2634	0.7791	1.2260	1.4644	1.1148	1.4129	0.2666	0.2539	1.1689	0.2451	1.0031	1.1210	0.2665	1.1100	0.9222	1.3446	1.0187	1.2292	0.8785	0.2579	1.0929	0.2508	0.8233	0.8538	0.2635	0.9502	0.2971	1.1828	0.2873	1.1459	1.0543	1.4381	1.0484	0.2882	1.3907	0.8049	0.8140	0.2605
7:59:16	30.2	0.2500	1.4364	1.0254	1.4086	1.0585	1.1684	1.2260	1.1543	1.3819	1.1692	0.2694	0.2767	1.3466	0.9638	0.9348	1.0135	0.8637	0.2629	1.0724	0.8776	0.9190	0.2569	0.2562	0.9192	1.3941	1.1252	0.9876	0.9849	1.0829	0.2408	1.1479	0.8362	1.1011	1.0114	0.2622	0.9391	1.1542	0.8941	1.1169	0.9817	1.1374	0.2587	1.1259	1.1394	1.1903	0.9321	0.2757	1.3460	1.1097	1.1803	1.4048	1.1471	1.1190	0.2524	1.0565	0.2501	1.0296	0.7824	0.2633	0.7931	1.2506	1.4727	1.1423	1.4240	0.2665	0.2539	1.1958	0.2449	1.0435	1.1323	0.2665	1.1184	0.9880	1.3568	1.0261	1.2438	0.8988	0.2579	1.1141	0.2507	0.8411	0.8952	0.2632	0.9684	0.2971	1.1901	0.2872	1.1676	1.0785	1.4502	1.0752	0.2881	1.4055	0.8094	0.8404	0.2606
8:09:16	30.2	0.2490	1.4426	1.0468	1.4161	1.0732	1.1823	1.2330	1.1702	1.3892	1.1899	0.2696	0.2767	1.3611	0.9908	0.9500	1.0263	0.8951	0.2631	1.0996	0.9141	0.9426	0.2570	0.2563	0.9316	1.4143	1.1492	1.0126	1.0021	1.1124	0.2410	1.1637	0.8594	1.1257	1.0517	0.2624	0.9970	1.1734	0.9071	1.1368	1.0035	1.1463	0.2588	1.1457	1.1536	1.2093	0.9467	0.2761	1.3588	1.1286	1.1872	1.4167	1.1655	1.1537	0.2525	1.0831	0.2501	1.0358	0.7874	0.2634	0.7966	1.2723	1.4834	1.1538	1.4338	0.2666	0.2539	1.2043	0.2449	1.0720	1.1590	0.2664	1.1421	1.0088	1.3722	1.0404	1.2682	0.9249	0.2581	1.1251	0.2508	0.8847	0.9113	0.2634	0.9798	0.2971	1.2039	0.2871	1.1843	1.0996	1.4559	1.1000	0.2883	1.4167	0.8156	0.8891	0.2605
8:19:16	30.2	0.2494	1.4494	1.0735	1.4212	1.0935	1.1950	1.2519	1.1878	1.3976	1.2058	0.2694	0.2765	1.3734	1.0183	0.9670	1.0452	0.9147	0.2627	1.1182	0.9428	0.9679	0.2568	0.2561	0.9470	1.4307	1.1665	1.0000	1.0253	1.1362	0.2408	1.1756	0.9127	1.1468	1.0943	0.2622	1.0041	1.1924	0.9209	1.1576	1.0227	1.1700	0.2587	1.1629	1.1653	1.2170	0.9609	0.2759	1.3731	1.1420	1.2127	1.4277	1.1810	1.1767	0.2522	1.1100	0.2500	1.0467	0.7964	0.2631	0.8093	1.2908	1.4921	1.1696	1.4433	0.2663	0.2537	1.2190	0.2448	1.0959	1.1728	0.2663	1.1531	1.0331	1.3858	1.0614	1.2889	0.9570	0.2579	1.1448	0.2507	0.9127	0.9513	0.2632	0.9897	0.2970	1.2270	0.2871	1.2017	1.1232	1.4629	1.1228	0.2882	1.4272	0.8717	0.9146	0.2606
8:29:16	30.2	0.2496	1.4566	1.1038	1.4264	1.1095	1.2228	1.2585	1.2037	1.4091	1.2168	0.2695	0.2766	1.3826	1.0434	0.9800	1.0756	0.9270	0.2630	1.1312	0.9760	0.9988	0.2569	0.2562	0.9610	1.4442	1.1822	1.0265	1.0471	1.1601	0.2410	1.1927	0.9622	1.1621	1.1408	0.2624	1.0319	1.2055	0.9365	1.1755	1.0391	1.2014	0.2587	1.1904	1.1812	1.2249	0.9753	0.2759	1.3852	1.1569	1.2299	1.4375	1.2056	1.1762	0.2523	1.1348	0.2499	1.0716	0.8200	0.2635	0.8409	1.3095	1.5028	1.1970	1.4520	0.2666	0.2538	1.2391	0.2449	1.1148	1.1874	0.2664	1.1659	1.0647	1.4022	1.0889	1.3022	0.9891	0.2579	1.1610	0.2507	0.9258	0.9807	0.2632	1.0088	0.2970	1.2572	0.2872	1.2183	1.1463	1.4733	1.1400	0.2881	1.4401	0.8515	0.9281	0.2605
8:39:16	30.2	0.2495	1.4633	1.1334	1.4330	1.1313	1.2381	1.2787	1.2069	1.4145	1.2241	0.2695	0.2767	1.3965	1.0727	0.9998	1.1065	0.9525	0.2627	1.1570	1.0052	1.0369	0.2570	0.2562	0.9720	1.4593	1.2054	1.0560	1.0688	1.1833	0.2409	1.2047	0.9632	1.1794	1.1121	0.2622	1.0421	1.2261	0.9441	1.1977	1.0569	1.2167	0.2587	1.2017	1.1929	1.2220	0.9880	0.2758	1.4011	1.1730	1.2453	1.4477	1.2199	1.2211	0.2524	1.1609	0.2503	1.0885	0.8353	0.2634	0.8769	1.3257	1.5106	1.2129	1.4614	0.2666	0.2539	1.2691	0.2449	1.1295	1.1913	0.2664	1.1670	1.0865	1.4179	1.1220	1.3206	1.0238	0.2580	1.1846	0.2507	0.9758	1.0121	0.2632	1.0176	0.2973	1.2672	0.2872	1.2390	1.1682	1.4816	1.1557	0.2882	1.4490	0.8873	0.9649	0.2605
8:49:16	30.2	0.2496	1.4692	1.1581	1.4378	1.1618	1.2504	1.2882	1.2168	1.4252	1.2407	0.2696	0.2767	1.4103	1.0919	1.0208	1.1244	0.9887	0.2628	1.1739	1.0236	1.0617	0.2570	0.2563	0.9908	1.4718	1.2228	1.0852	1.0876	1.2029	0.2409	1.2172	0.9945	1.1988	1.1573	0.2622	1.0642	1.2417	0.9561	1.2076	1.0648	1.2286	0.2588	1.2145	1.2048	1.2334	1.0061	0.2762	1.4115	1.2071	1.2703	1.4567	1.2232	1.2118	0.2524	1.1778	0.2500	1.1075	0.8415	0.2633	0.9057	1.3408	1.5250	1.2273	1.4689	0.2666	0.2538	1.2823	0.2449	1.1422	1.2132	0.2663	1.1850	1.1103	1.4360	1.1495	1.3442	1.0544	0.2579	1.1986	0.2507	1.0049	1.0385	0.2633	1.0349	0.2971	1.2905	0.2873	1.2557	1.1913	1.4918	1.1728	0.2882	1.4592	0.9303	1.0031	0.2606
8:59:16	30.2	0.2494	1.4744	1.1639	1.4437	1.1675	1.2609	1.2969	1.2320	1.4326	1.2482	0.2696	0.2768	1.4173	1.1167	1.0297	1.1395	1.0143	0.2631	1.1989	1.0526	1.0874	0.2570	0.2563	1.0129	1.4843	1.2416	1.0996	1.1049	1.2262	0.2409	1.2346	1.0280	1.2182	1.1606	0.2623	1.0883	1.2576	0.9647	1.2235	1.0746	1.2383	0.2587	1.2220	1.2160	1.2449	1.0187	0.2765	1.4288	1.2182	1.2860	1.4650	1.2406	1.2427	0.2524	1.2030	0.2503	1.1201	0.8703	0.2635	0.9471	1.3548	1.5275	1.2436	1.4771	0.2667	0.2537	1.2759	0.2449	1.1539	1.2218	0.2664	1.2043	1.1311	1.4378	1.1642	1.3512	1.0884	0.2580	1.2134	0.2508	1.0368	1.0712	0.2633	1.0436	0.2973	1.2940	0.2873	1.2684	1.2096	1.5005	1.1814	0.2882	1.4686	0.9625	1.0298	0.2606
9:09:16	30.2	0.2492	1.4807	1.2000	1.4511	1.1967	1.2678	1.3003	1.2415	1.4427	1.2631	0.2697	0.2769	1.4285	1.1464	1.0448	1.1667	1.0477	0.2630	1.2199	1.0620	1.1042	0.2570	0.2563	1.0286	1.4931	1.2569	1.1262	1.1227	1.2427	0.2412	1.2421	1.0537	1.2328	1.1651	0.2623	1.0899	1.2738	0.9703	1.2409	1.0856	1.2536	0.2590	1.2335	1.2254	1.2515	1.0357	0.2761	1.4432	1.2291	1.2965	1.4730	1.2544	1.2427	0.2524	1.2224	0.2502	1.1362	0.9075	0.2635	0.9723	1.3683	1.5402	1.2564	1.4868	0.2667	0.2539	1.2808	0.2451	1.1652	1.2292	0.2665	1.2138	1.1532	1.4536	1.1857	1.3702	1.1199	0.2580	1.2253	0.2509	1.0575	1.0899	0.2634	1.0609	0.2973	1.2966	0.2873	1.2766	1.2318	1.5122	1.1913	0.2884	1.4809	0.9939	1.0560	0.2606
9:19:16	30.2	0.2492	1.4884	1.2238	1.4569	1.2113	1.2723	1.3039	1.2541	1.4478	1.2802	0.2695	0.2767	1.4340	1.1573	1.0470	1.1769	1.0728	0.2632	1.2340	1.0984	1.1322	0.2569	0.2564	1.0643	1.5016	1.2790	1.1490	1.1425	1.2615	0.2409	1.2577	1.0814	1.2543	1.2034	0.2622	1.1165	1.2858	0.9806	1.2475	1.1024	1.2625	0.2588	1.2550	1.2366	1.2572	1.0500	0.2766	1.4560	1.2414	1.2960	1.4795	1.2584	1.2487	0.2524	1.2418	0.2500	1.1440	0.9351	0.2634	1.0084	1.3827	1.5487	1.2583	1.4935	0.2666	0.2537	1.2881	0.2450	1.1796	1.2433	0.2664	1.2440	1.1630	1.4623	1.2010	1.3796	1.1487	0.2578	1.2431	0.2507	1.0931	1.1198	0.2633	1.0776	0.2971	1.3103	0.2874	1.2878	1.2450	1.5171	1.1938	0.2883	1.4885	1.0380	1.0664	0.2605
9:29:16	30.2	0.2494	1.4939	1.2234	1.4636	1.2311	1.2764	1.3153	1.2646	1.4516	1.2818	0.2694	0.2768	1.4463	1.1841	1.0699	1.2069	1.1041	0.2624	1.2543	1.1072	1.1405	0.2569	0.2564	1.0827	1.5139	1.2951	1.1652	1.1639	1.2831	0.2409	1.2718	1.0891	1.2679	1.1909	0.2621	1.1289	1.3007	0.9811	1.2674	1.1009	1.2796	0.2588	1.2607	1.2416	1.2672	1.0659	0.2746	1.4632	1.2502	1.3103	1.4850	1.2820	1.2581	0.2523	1.2634	0.2501	1.1733	0.9518	0.2634	1.0184	1.3919	1.5532	1.2797	1.5015	0.2664	0.2537	1.2967	0.2448	1.1827	1.2584	0.2665	1.2504	1.1897	1.4802	1.2227	1.3917	1.1676	0.2579	1.2605	0.2507	1.1080	1.1352	0.2633	1.0902	0.2972	1.3403	0.2872	1.3113	1.2648	1.5255	1.1986	0.2881	1.4964	1.0553	1.0851	0.2605
9:39:16	30.2	0.2494	1.4993	1.2429	1.4703	1.2428	1.2939	1.3225	1.2571	1.4615	1.2909	0.2695	0.2767	1.4587	1.2002	1.0788	1.2162	1.1289	0.2632	1.2767	1.1337	1.1553	0.2570	0.2563	1.1054	1.5221	1.3130	1.1819	1.1799	1.3013	0.2410	1.2848	1.1135	1.2827	1.2026	0.2622	1.1635	1.3127	0.9847	1.2704	1.1052	1.2844	0.2585	1.2740	1.2508	1.2756	1.0831	0.2747	1.4724	1.2597	1.3174	1.4921	1.2814	1.2685	0.2525	1.2811	0.2502	1.1847	0.9857	0.2634	1.0416	1.4042	1.5589	1.2765	1.5105	0.2666	0.2536	1.2988	0.2449	1.1922	1.2592	0.2665	1.2603	1.2102	1.4885	1.2354	1.4010	1.1885	0.2579	1.2753	0.2507	1.1308	1.1686	0.2632	1.1005	0.2972	1.3382	0.2872	1.3221	1.2803	1.5343	1.2075	0.2883	1.5077	1.0900	1.1106	0.2604
9:49:16	30.2	0.2493	1.5051	1.2552	1.4721	1.2547	1.2930	1.3333	1.2692	1.4660	1.2904	0.2695	0.2768	1.4650	1.2133	1.0939	1.2212	1.1466	0.2630	1.2795	1.1428	1.1627	0.2568	0.2562	1.1046	1.5293	1.3270	1.2053	1.1945	1.3139	0.2411	1.2928	1.1266	1.2992	1.1986	0.2623	1.1725	1.3232	0.9847	1.2899	1.1144	1.2929	0.2588	1.2832	1.2535	1.2788	1.0956	0.2761	1.4793	1.2684	1.3294	1.4974	1.2940	1.2748	0.2523	1.2915	0.2500	1.1985	1.0081	0.2634	1.0480	1.4148	1.5636	1.2901	1.5162	0.2666	0.2537	1.3079	0.2449	1.1960	1.2607	0.2664	1.2694	1.2176	1.4968	1.2519	1.4151	1.2061	0.2579	1.2862	0.2508	1.1487	1.1845	0.2633	1.1158	0.2971	1.3522	0.2873	1.3286	1.3016	1.5404	1.2030	0.2882	1.5150	1.1190	1.1299	0.2606
9:59:16	30.2	0.2495	1.5125	1.2647	1.4774	1.2689	1.3282	1.3300	1.2786	1.4749	1.3102	0.2693	0.2766	1.4714	1.2324	1.1038	1.2315	1.1680	0.2628	1.2976	1.1634	1.1830	0.2570	0.2562	1.1158	1.5383	1.3413	1.2019	1.2093	1.3267	0.2410	1.2972	1.1437	1.3102	1.2166	0.2623	1.1835	1.3310	0.9907	1.2938	1.1190	1.3057	0.2587	1.2855	1.2646	1.3000	1.1167	0.2763	1.4865	1.2779	1.3386	1.5066	1.3046	1.2815	0.2523	1.3074	0.2501	1.2149	1.0331	0.2634	1.0756	1.4250	1.5700	1.3041	1.5223	0.2665	0.2537	1.3107	0.2448	1.2092	1.2809	0.2665	1.2788	1.2312	1.4999	1.2699	1.4213	1.2220	0.2578	1.3045	0.2508	1.1676	1.2070	0.2631	1.1163	0.2971	1.3538	0.2874	1.3336	1.3172	1.5459	1.2096	0.2883	1.5222	1.1380	1.1488	0.2606
10:09:16	30.2	0.2500	1.5166	1.2812	1.4881	1.2820	1.3342	1.3365	1.2840	1.4804	1.3145	0.2696	0.2768	1.4798	1.2537	1.1249	1.2556	1.1808	0.2631	1.3119	1.1739	1.2010	0.2570	0.2564	1.1265	1.5439	1.3563	1.2175	1.2272	1.3457	0.2410	1.3214	1.1630	1.3283	1.2278	0.2622	1.2003	1.3456	0.9983	1.3025	1.1186	1.3210	0.2587	1.2997	1.2681	1.2970	1.1305	0.2763	1.4921	1.2868	1.3529	1.5135	1.3136	1.2956	0.2525	1.3261	0.2502	1.2293	1.0546	0.2635	1.0913	1.4328	1.5739	1.3143	1.5279	0.2666	0.2538	1.3280	0.2449	1.2153	1.2765	0.2665	1.2806	1.2463	1.5122	1.2804	1.4324	1.2390	0.2579	1.3162	0.2508	1.1781	1.2254	0.2633	1.1289	0.2972	1.3677	0.2873	1.3407	1.3314	1.5545	1.2252	0.2882	1.5325	1.1611	1.1629	0.2605
10:19:16	30.2	0.2492	1.5237	1.2903	1.4918	1.2937	1.3357	1.3457	1.2904	1.4864	1.3147	0.2694	0.2769	1.4866	1.2619	1.1377	1.2545	1.1948	0.2623	1.3318	1.1784	1.2095	0.2571	0.2563	1.1306	1.5506	1.3705	1.2325	1.2426	1.3579	0.2410	1.3360	1.1658	1.3433	1.2426	0.2622	1.2129	1.3560	1.0037	1.3093	1.1242	1.3224	0.2588	1.3045	1.2807	1.3057	1.1506	0.2758	1.4989	1.2935	1.3598	1.5197	1.3216	1.2979	0.2524	1.3384	0.2501	1.2392	1.0869	0.2636	1.1078	1.4417	1.5792	1.3192	1.5345	0.2668	0.2539	1.3280	0.2450	1.2221	1.2937	0.2665	1.2845	1.2561	1.5227	1.2932	1.4448	1.2490	0.2579	1.3275	0.2507	1.1983	1.2454	0.2633	1.1382	0.2972	1.3789	0.2872	1.3549	1.3462	1.5620	1.2253	0.2883	1.5391	1.1814	1.1834	0.2605
10:29:16	30.2	0.2492	1.5276	1.3074	1.4969	1.3002	1.3657	1.3646	1.3176	1.4944	1.3263	0.2694	0.2766	1.4971	1.2811	1.1511	1.2756	1.2096	0.2626	1.3335	1.1986	1.2179	0.2569	0.2562	1.1390	1.5565	1.3824	1.2559	1.2555	1.3673	0.2410	1.3367	1.1859	1.3576	1.2397	0.2623	1.2324	1.3621	1.0077	1.3214	1.1433	1.3294	0.2587	1.3104	1.2917	1.3104	1.1641	0.2754	1.5062	1.3076	1.3735	1.5268	1.3299	1.3136	0.2523	1.3555	0.2500	1.2463	1.0911	0.2634	1.1280	1.4502	1.5842	1.3390	1.5411	0.2666	0.2537	1.3420	0.2449	1.2311	1.2931	0.2664	1.3119	1.2726	1.5280	1.3041	1.4541	1.2733	0.2579	1.3367	0.2508	1.2229	1.2572	0.2631	1.1559	0.2971	1.3950	0.2872	1.3688	1.3601	1.5684	1.2417	0.2882	1.5446	1.1956	1.1900	0.2605
10:39:16	30.2	0.2495	1.5340	1.3114	1.5059	1.3097	1.3677	1.3775	1.3121	1.5053	1.3257	0.2695	0.2769	1.5016	1.2911	1.1667	1.2824	1.2185	0.2631	1.3528	1.2120	1.2280	0.2571	0.2564	1.1641	1.5631	1.3891	1.2655	1.2693	1.3742	0.2411	1.3559	1.1888	1.3664	1.2653	0.2624	1.2290	1.3731	1.0116	1.3302	1.1330	1.3434	0.2589	1.3237	1.3007	1.3169	1.1841	0.2748	1.5141	1.3159	1.3760	1.5308	1.3353	1.3185	0.2524	1.3660	0.2503	1.2621	1.1015	0.2637	1.1419	1.4585	1.5879	1.3348	1.5470	0.2669	0.2538	1.3474	0.2450	1.2498	1.3169	0.2665	1.3143	1.2896	1.5383	1.3163	1.4600	1.2812	0.2580	1.3512	0.2510	1.2334	1.2786	0.2632	1.1716	0.2974	1.3991	0.2874	1.3748	1.3725	1.5744	1.2403	0.2883	1.5491	1.2107	1.2048	0.2606
10:49:16	30.2	0.2492	1.5382	1.3237	1.5129	1.3164	1.3782	1.3751	1.3255	1.5125	1.3427	0.2695	0.2767	1.5051	1.3023	1.1763	1.2985	1.2190	0.2633	1.3583	1.2206	1.2459	0.2570	0.2563	1.1826	1.5665	1.4033	1.2788	1.2815	1.3902	0.2410	1.3590	1.1937	1.3815	1.2690	0.2624	1.2321	1.3824	1.0212	1.3389	1.1518	1.3438	0.2587	1.3297	1.2963	1.3184	1.1995	0.2749	1.5155	1.3227	1.3858	1.5346	1.3448	1.3286	0.2524	1.3813	0.2501	1.2707	1.1265	0.2634	1.1701	1.4662	1.5932	1.3569	1.5492	0.2665	0.2538	1.3545	0.2449	1.2524	1.3235	0.2666	1.3136	1.2966	1.5386	1.3290	1.4703	1.2872	0.2579	1.3584	0.2508	1.2392	1.2965	0.2632	1.1771	0.2972	1.4124	0.2872	1.3839	1.3837	1.5793	1.2425	0.2882	1.5553	1.2427	1.2236	0.2604
10:59:16	30.2	0.2491	1.5427	1.3361	1.5157	1.3282	1.3867	1.3909	1.3272	1.5204	1.3521	0.2695	0.2768	1.5142	1.3133	1.1874	1.2979	1.2434	0.2633	1.3688	1.2265	1.2437	0.2570	0.2564	1.1914	1.5728	1.4117	1.2887	1.2942	1.3997	0.2409	1.3707	1.2213	1.3947	1.2819	0.2624	1.2546	1.3890	1.0280	1.3420	1.1576	1.3559	0.2588	1.3374	1.3050	1.3436	1.2224	0.2775	1.5208	1.3364	1.3952	1.5392	1.3538	1.3362	0.2524	1.3948	0.2502	1.2874	1.1343	0.2634	1.1857	1.4731	1.5963	1.3629	1.5556	0.2667	0.2539	1.3633	0.2449	1.2613	1.3323	0.2666	1.3235	1.3102	1.5498	1.3420	1.4796	1.3123	0.2579	1.3684	0.2508	1.2545	1.3142	0.2631	1.1922	0.2972	1.4177	0.2872	1.3953	1.3968	1.5834	1.2488	0.2883	1.5604	1.2574	1.2331	0.2605
11:09:16	30.2	0.2503	1.5475	1.3434	1.5203	1.3413	1.3947	1.3899	1.3369	1.5241	1.3648	0.2695	0.2768	1.5204	1.3239	1.2016	1.3085	1.2636	0.2633	1.3786	1.2475	1.2607	0.2572	0.2564	1.2094	1.5774	1.4202	1.2981	1.3077	1.4110	0.2411	1.3791	1.2357	1.4038	1.2891	0.2625	1.2643	1.3982	1.0320	1.3605	1.1598	1.3664	0.2589	1.3380	1.3177	1.3381	1.2441	0.2765	1.5255	1.3450	1.3995	1.5433	1.3660	1.3427	0.2525	1.4058	0.2504	1.2958	1.1518	0.2635	1.1910	1.4802	1.5996	1.3749	1.5584	0.2669	0.2539	1.3714	0.2451	1.2673	1.3443	0.2667	1.3272	1.3141	1.5583	1.3527	1.4828	1.3200	0.2582	1.3777	0.2509	1.2694	1.3238	0.2632	1.2022	0.2972	1.4267	0.2873	1.4016	1.4102	1.5874	1.2497	0.2884	1.5667	1.2754	1.2482	0.2607
11:19:16	30.2	0.2501	1.5527	1.3548	1.5241	1.3540	1.4006	1.3974	1.3477	1.5303	1.3582	0.2695	0.2767	1.5269	1.3370	1.2151	1.3157	1.2649	0.2633	1.3950	1.2729	1.2733	0.2569	0.2563	1.2205	1.5806	1.4272	1.3083	1.3184	1.4176	0.2411	1.3868	1.2332	1.4151	1.2965	0.2624	1.2720	1.4075	1.0360	1.3744	1.1554	1.3731	0.2588	1.3565	1.3239	1.3441	1.2657	0.2764	1.5337	1.3512	1.4085	1.5469	1.3721	1.3516	0.2523	1.4089	0.2502	1.3086	1.1705	0.2634	1.2048	1.4856	1.6028	1.3893	1.5629	0.2668	0.2538	1.3789	0.2449	1.2727	1.3510	0.2666	1.3397	1.3403	1.5602	1.3659	1.4924	1.3278	0.2580	1.3883	0.2508	1.2874	1.3433	0.2630	1.2114	0.2972	1.4423	0.2871	1.4102	1.4205	1.5906	1.2454	0.2881	1.5698	1.2819	1.2619	0.2605
11:29:16	30.2	0.2502	1.5574	1.3537	1.5286	1.3620	1.4060	1.4109	1.3580	1.5322	1.3668	0.2695	0.2769	1.5357	1.3411	1.2287	1.3242	1.2824	0.2626	1.3979	1.2761	1.2798	0.2570	0.2563	1.2223	1.5865	1.4360	1.3221	1.3300	1.4305	0.2410	1.3950	1.2463	1.4264	1.2962	0.2625	1.2808	1.4155	1.0445	1.3873	1.1710	1.3833	0.2587	1.3662	1.3293	1.3536	1.2790	0.2763	1.5358	1.3609	1.4183	1.5501	1.3809	1.3598	0.2524	1.4275	0.2500	1.3153	1.1850	0.2634	1.2051	1.4923	1.6070	1.4046	1.5665	0.2668	0.2538	1.3766	0.2449	1.2832	1.3539	0.2667	1.3568	1.3422	1.5627	1.3744	1.4958	1.3419	0.2580	1.3969	0.2509	1.2928	1.3580	0.2632	1.2230	0.2971	1.4501	0.2873	1.4225	1.4303	1.5927	1.2819	0.2884	1.5722	1.3006	1.2645	0.2606
11:39:16	30.2	0.2492	1.5646	1.3658	1.5352	1.3653	1.4182	1.4208	1.3678	1.5368	1.3691	0.2694	0.2767	1.5413	1.3524	1.2421	1.3354	1.3002	0.2633	1.4083	1.2789	1.2756	0.2570	0.2563	1.2507	1.5901	1.4437	1.3271	1.3415	1.4399	0.2409	1.4029	1.2638	1.4357	1.3024	0.2624	1.2866	1.4233	1.0406	1.3887	1.1708	1.3961	0.2588	1.3643	1.3433	1.3608	1.2983	0.2765	1.5425	1.3672	1.4246	1.5541	1.3917	1.3704	0.2522	1.4358	0.2500	1.3298	1.1982	0.2632	1.2189	1.4982	1.6102	1.4090	1.5714	0.2668	0.2538	1.3919	0.2448	1.2838	1.3578	0.2665	1.3552	1.3488	1.5623	1.3854	1.4992	1.3513	0.2578	1.4054	0.2508	1.3059	1.3625	0.2632	1.2374	0.2972	1.4513	0.2873	1.4322	1.4388	1.5971	1.2889	0.2882	1.5754	1.3146	1.2819	0.2604
11:49:16	30.2	0.2492	1.5697	1.3737	1.5425	1.3867	1.4235	1.4271	1.3702	1.5413	1.3924	0.2696	0.2768	1.5503	1.3678	1.2557	1.3485	1.3024	0.2634	1.4133	1.2888	1.3044	0.2571	0.2564	1.2218	1.5950	1.4509	1.3433	1.3511	1.4472	0.2411	1.4055	1.2753	1.4457	1.3069	0.2624	1.3019	1.4335	1.0448	1.3988	1.1769	1.4087	0.2589	1.3784	1.3554	1.3657	1.3117	0.2762	1.5461	1.3733	1.4306	1.5590	1.3949	1.3811	0.2524	1.4447	0.2501	1.3389	1.1979	0.2635	1.2386	1.5036	1.6141	1.4251	1.5768	0.2669	0.2539	1.4006	0.2449	1.2881	1.3668	0.2666	1.3653	1.3528	1.5676	1.3929	1.5054	1.3630	0.2581	1.4146	0.2509	1.3149	1.3704	0.2632	1.2501	0.2972	1.4662	0.2872	1.4354	1.4474	1.6003	1.2881	0.2882	1.5796	1.3240	1.2901	0.2605
11:59:16	30.2	0.2495	1.5738	1.3865	1.5457	1.3973	1.4304	1.4289	1.3904	1.5406	1.4022	0.2696	0.2769	1.5519	1.3734	1.2674	1.3607	1.3232	0.2635	1.4223	1.3222	1.3145	0.2572	0.2565	1.2787	1.5980	1.4564	1.3565	1.3618	1.4520	0.2412	1.4208	1.2810	1.4525	1.3194	0.2625	1.3274	1.4411	1.0518	1.4056	1.1805	1.4113	0.2590	1.3885	1.3635	1.3736	1.3260	0.2754	1.5484	1.3828	1.4421	1.5611	1.4029	1.3892	0.2525	1.4510	0.2502	1.3493	1.2230	0.2634	1.2609	1.5085	1.6159	1.4414	1.5780	0.2670	0.2539	1.4073	0.2450	1.3018	1.3776	0.2665	1.3699	1.3675	1.5739	1.4024	1.5097	1.3763	0.2580	1.4236	0.2509	1.3256	1.3841	0.2635	1.2601	0.2973	1.4765	0.2873	1.4476	1.4568	1.6040	1.2970	0.2884	1.5841	1.3427	1.3087	0.2607
12:09:16	30.2	0.2501	1.5782	1.3938	1.5502	1.4013	1.4368	1.4426	1.3956	1.5444	1.3976	0.2696	0.2770	1.5566	1.3821	1.2787	1.3634	1.3277	0.2635	1.4319	1.3173	1.3249	0.2571	0.2566	1.2801	1.6025	1.4619	1.3662	1.3708	1.4576	0.2412	1.4312	1.2922	1.4618	1.3224	0.2625	1.3342	1.4445	1.0536	1.4088	1.1750	1.4169	0.2589	1.3938	1.3626	1.3854	1.3430	0.2749	1.5527	1.3884	1.4438	1.5641	1.4117	1.3990	0.2526	1.4572	0.2502	1.3598	1.2174	0.2635	1.2649	1.5134	1.6186	1.4438	1.5813	0.2670	0.2540	1.4173	0.2451	1.3100	1.3854	0.2665	1.3827	1.3780	1.5824	1.4190	1.5185	1.3815	0.2581	1.4277	0.2510	1.3408	1.3894	0.2633	1.2703	0.2974	1.4832	0.2874	1.4565	1.4643	1.6056	1.3019	0.2883	1.5878	1.3547	1.3200	0.2607
12:19:16	30.2	0.2493	1.5805	1.3995	1.5536	1.3973	1.4474	1.4466	1.3978	1.5506	1.4083	0.2694	0.2768	1.5609	1.3869	1.2899	1.3751	1.3483	0.2631	1.4349	1.3285	1.3295	0.2571	0.2565	1.2834	1.6061	1.4685	1.3737	1.3783	1.4647	0.2411	1.4352	1.3010	1.4664	1.3314	0.2625	1.3349	1.4550	1.0572	1.4284	1.1840	1.4217	0.2589	1.4049	1.3709	1.3873	1.3504	0.2746	1.5559	1.3953	1.4503	1.5666	1.4237	1.3977	0.2526	1.4604	0.2503	1.3665	1.2406	0.2635	1.2699	1.5170	1.6218	1.4557	1.5838	0.2668	0.2539	1.4214	0.2450	1.3145	1.3885	0.2666	1.3876	1.3891	1.5812	1.4204	1.5148	1.3917	0.2579	1.4373	0.2510	1.3469	1.3952	0.2633	1.2793	0.2974	1.4874	0.2874	1.4679	1.4712	1.6076	1.3078	0.2883	1.5902	1.3698	1.3284	0.2606
12:29:16	30.2	0.2493	1.5842	1.4050	1.5553	1.4192	1.4583	1.4527	1.4137	1.5557	1.4111	0.2697	0.2769	1.5679	1.3954	1.2983	1.3845	1.3507	0.2636	1.4383	1.3449	1.3484	0.2572	0.2564	1.2782	1.6092	1.4722	1.3817	1.3868	1.4689	0.2411	1.4486	1.3172	1.4717	1.3391	0.2625	1.3405	1.4631	1.0562	1.4305	1.1766	1.4343	0.2589	1.4101	1.3782	1.4020	1.3604	0.2748	1.5580	1.4034	1.4559	1.5692	1.4288	1.4106	0.2525	1.4699	0.2503	1.3779	1.2495	0.2636	1.2770	1.5203	1.6233	1.4451	1.5862	0.2669	0.2539	1.4307	0.2450	1.3191	1.4064	0.2665	1.3910	1.3993	1.5851	1.4315	1.5210	1.4045	0.2580	1.4447	0.2509	1.3586	1.4056	0.2632	1.2776	0.2972	1.5008	0.2872	1.4766	1.4782	1.6100	1.3066	0.2882	1.5943	1.3789	1.3394	0.2605
12:39:16	30.2	0.2496	1.5870	1.4127	1.5570	1.4182	1.4654	1.4539	1.4223	1.5579	1.4084	0.2696	0.2769	1.5812	1.4052	1.3135	1.3903	1.3638	0.2629	1.4482	1.3574	1.3552	0.2572	0.2567	1.2875	1.6157	1.4748	1.3906	1.3935	1.4821	0.2413	1.4572	1.3148	1.4761	1.3496	0.2626	1.3553	1.4729	1.0482	1.4372	1.1691	1.4400	0.2588	1.4186	1.3842	1.3994	1.3654	0.2757	1.5606	1.4079	1.4713	1.5720	1.4365	1.4191	0.2524	1.4777	0.2503	1.3810	1.2595	0.2636	1.2983	1.5242	1.6252	1.4589	1.5893	0.2671	0.2540	1.4393	0.2451	1.3185	1.3981	0.2666	1.3956	1.3988	1.5883	1.4406	1.5282	1.4079	0.2581	1.4509	0.2510	1.3740	1.4050	0.2634	1.3005	0.2974	1.5035	0.2874	1.4859	1.4847	1.6107	1.3092	0.2884	1.5960	1.3934	1.3544	0.2606
12:49:16	30.2	0.2494	1.5901	1.4294	1.5606	1.4354	1.4675	1.4582	1.4399	1.5596	1.4140	0.2696	0.2769	1.5847	1.4100	1.3221	1.3900	1.3860	0.2629	1.4543	1.3740	1.3670	0.2571	0.2563	1.2989	1.6193	1.4802	1.3968	1.4000	1.4853	0.2411	1.4713	1.3258	1.4834	1.3546	0.2624	1.3577	1.4801	1.0497	1.4472	1.1828	1.4457	0.2588	1.4253	1.3915	1.3984	1.3715	0.2754	1.5602	1.4126	1.4699	1.5745	1.4460	1.4236	0.2524	1.4831	0.2502	1.3882	1.2715	0.2635	1.3050	1.5278	1.6271	1.4669	1.5913	0.2668	0.2538	1.4462	0.2450	1.3239	1.4169	0.2665	1.4034	1.4079	1.5942	1.4483	1.5335	1.4179	0.2580	1.4564	0.2510	1.3845	1.4138	0.2632	1.3117	0.2972	1.5075	0.2872	1.4818	1.4906	1.6152	1.3115	0.2884	1.5983	1.4053	1.3631	0.2605
12:59:16	30.2	0.2497	1.5913	1.4323	1.5631	1.4415	1.4776	1.4704	1.4442	1.5627	1.4291	0.2695	0.2769	1.5821	1.4256	1.3316	1.4156	1.3828	0.2622	1.4560	1.3939	1.3700	0.2572	0.2565	1.2976	1.6245	1.4861	1.4031	1.4074	1.4885	0.2413	1.4620	1.3479	1.4900	1.3591	0.2625	1.3721	1.4826	1.0656	1.4532	1.1837	1.4611	0.2589	1.4304	1.3980	1.4126	1.3857	0.2748	1.5635	1.4186	1.4730	1.5765	1.4517	1.4392	0.2523	1.4876	0.2501	1.3995	1.2939	0.2636	1.3158	1.5307	1.6284	1.4674	1.5945	0.2669	0.2540	1.4609	0.2450	1.3363	1.4226	0.2665	1.4212	1.4102	1.5970	1.4555	1.5328	1.4246	0.2580	1.4609	0.2510	1.3839	1.4230	0.2631	1.3195	0.2973	1.5189	0.2873	1.4917	1.4962	1.6190	1.3267	0.2883	1.6018	1.4136	1.3712	0.2607
13:09:16	30.2	0.2494	1.5935	1.4423	1.5642	1.4425	1.4765	1.4842	1.4513	1.5651	1.4280	0.2695	0.2769	1.5847	1.4351	1.3427	1.4294	1.3933	0.2635	1.4634	1.3985	1.3892	0.2573	0.2564	1.3116	1.6285	1.4884	1.4220	1.4140	1.4947	0.2412	1.4638	1.3518	1.4949	1.3655	0.2624	1.3765	1.4912	1.0797	1.4615	1.2006	1.4645	0.2590	1.4474	1.4058	1.4193	1.3980	0.2751	1.5651	1.4223	1.4831	1.5775	1.4575	1.4516	0.2525	1.4868	0.2503	1.4069	1.2826	0.2637	1.3282	1.5341	1.6285	1.4680	1.5951	0.2670	0.2539	1.4582	0.2450	1.3448	1.4321	0.2667	1.4321	1.4179	1.6009	1.4571	1.5389	1.4350	0.2580	1.4666	0.2510	1.3962	1.4345	0.2633	1.3351	0.2973	1.5179	0.2872	1.4940	1.5011	1.6204	1.3234	0.2883	1.6060	1.4327	1.3734	0.2606
13:19:16	30.2	0.2503	1.5921	1.4482	1.5628	1.4554	1.4819	1.4950	1.4464	1.5669	1.4457	0.2695	0.2769	1.5928	1.4417	1.3541	1.4352	1.4046	0.2630	1.4676	1.4047	1.4038	0.2572	0.2564	1.3137	1.6336	1.4945	1.4319	1.4201	1.5044	0.2411	1.4745	1.3631	1.4915	1.3720	0.2623	1.3821	1.4934	1.0655	1.4654	1.1834	1.4805	0.2589	1.4598	1.4186	1.4254	1.3980	0.2751	1.5671	1.4256	1.4873	1.5812	1.4675	1.4572	0.2523	1.4968	0.2502	1.4128	1.3052	0.2635	1.3327	1.5348	1.6305	1.4754	1.5980	0.2668	0.2539	1.4586	0.2450	1.3477	1.4409	0.2664	1.4317	1.4319	1.6014	1.4736	1.5424	1.4442	0.2580	1.4748	0.2510	1.4084	1.4391	0.2634	1.3362	0.2972	1.5283	0.2872	1.5015	1.5084	1.6226	1.3322	0.2884	1.6069	1.4388	1.3880	0.2606
13:29:16	30.2	0.2496	1.5975	1.4497	1.5618	1.4647	1.4836	1.4915	1.4592	1.5711	1.4558	0.2696	0.2770	1.5969	1.4476	1.3668	1.4401	1.4161	0.2636	1.4746	1.4152	1.4136	0.2573	0.2566	1.3186	1.6389	1.5007	1.4422	1.4276	1.5106	0.2413	1.4719	1.3634	1.4935	1.3920	0.2625	1.3951	1.4927	1.0750	1.4703	1.1900	1.4785	0.2590	1.4681	1.4246	1.4263	1.4083	0.2747	1.5677	1.4311	1.4970	1.5837	1.4688	1.4618	0.2524	1.4973	0.2500	1.4235	1.3236	0.2636	1.3478	1.5379	1.6314	1.4764	1.6017	0.2668	0.2541	1.4757	0.2451	1.3527	1.4327	0.2666	1.4352	1.4207	1.6044	1.4764	1.5460	1.4564	0.2581	1.4771	0.2511	1.4237	1.4447	0.2633	1.3499	0.2974	1.5309	0.2876	1.5027	1.5125	1.6250	1.3376	0.2884	1.6093	1.4400	1.3897	0.2607
13:39:16	30.2	0.2495	1.5986	1.4514	1.5663	1.4702	1.4872	1.5011	1.4567	1.5708	1.4576	0.2697	0.2769	1.5959	1.4617	1.3777	1.4465	1.4206	0.2636	1.4773	1.4159	1.4252	0.2574	0.2567	1.3256	1.6437	1.5040	1.4455	1.4334	1.5190	0.2414	1.4727	1.3765	1.4999	1.3965	0.2625	1.4003	1.5029	1.0759	1.4807	1.2116	1.4913	0.2590	1.4617	1.4263	1.4329	1.4160	0.2755	1.5696	1.4356	1.5039	1.5864	1.4819	1.4641	0.2524	1.4962	0.2501	1.4309	1.3233	0.2636	1.3426	1.5406	1.6335	1.4848	1.6043	0.2668	0.2540	1.4827	0.2452	1.3569	1.4434	0.2667	1.4359	1.4500	1.6031	1.4802	1.5505	1.4635	0.2582	1.4849	0.2511	1.4290	1.4571	0.2632	1.3643	0.2974	1.5320	0.2874	1.5115	1.5161	1.6263	1.3411	0.2883	1.6125	1.4545	1.3952	0.2607
13:49:16	30.2	0.2494	1.6029	1.4605	1.5685	1.4761	1.4920	1.4985	1.4643	1.5734	1.4603	0.2695	0.2767	1.6054	1.4608	1.3870	1.4590	1.4330	0.2634	1.4847	1.4092	1.4248	0.2572	0.2565	1.3371	1.6464	1.5049	1.4495	1.4386	1.5274	0.2412	1.4836	1.3914	1.5168	1.4018	0.2624	1.3949	1.5047	1.0877	1.4757	1.1914	1.4933	0.2588	1.4730	1.4266	1.4352	1.4223	0.2748	1.5703	1.4413	1.5116	1.5874	1.4852	1.4670	0.2524	1.5153	0.2502	1.4374	1.3372	0.2635	1.3662	1.5421	1.6334	1.4813	1.6053	0.2669	0.2540	1.4752	0.2449	1.3622	1.4442	0.2665	1.4401	1.4453	1.6052	1.4863	1.5558	1.4642	0.2579	1.4918	0.2509	1.4359	1.4634	0.2631	1.3750	0.2973	1.5440	0.2872	1.5102	1.5222	1.6305	1.3458	0.2883	1.6135	1.4614	1.4017	0.2605
13:59:16	30.2	0.2495	1.6047	1.4507	1.5717	1.4782	1.4911	1.4971	1.4680	1.5758	1.4696	0.2696	0.2768	1.6015	1.4671	1.3968	1.4474	1.4445	0.2635	1.4916	1.4138	1.4239	0.2573	0.2565	1.3465	1.6515	1.5093	1.4482	1.4432	1.5326	0.2410	1.4809	1.4033	1.5340	1.4059	0.2625	1.3880	1.5059	1.0927	1.4812	1.2187	1.4949	0.2588	1.4788	1.4461	1.4452	1.4317	0.2772	1.5716	1.4456	1.5095	1.5887	1.4905	1.4784	0.2525	1.5077	0.2501	1.4423	1.3400	0.2636	1.3732	1.5445	1.6343	1.4897	1.6056	0.2668	0.2541	1.4763	0.2451	1.3653	1.4502	0.2666	1.4400	1.4436	1.6067	1.4860	1.5554	1.4630	0.2579	1.4974	0.2510	1.4337	1.4663	0.2632	1.3936	0.2973	1.5396	0.2873	1.5179	1.5250	1.6334	1.3532	0.2884	1.6164	1.4600	1.4158	0.2606
14:09:16	30.2	0.2496	1.6057	1.4622	1.5764	1.4801	1.4971	1.5025	1.4721	1.5787	1.4742	0.2695	0.2770	1.6022	1.4687	1.4072	1.4546	1.4499	0.2635	1.4993	1.4217	1.4331	0.2572	0.2565	1.3419	1.6552	1.5122	1.4467	1.4484	1.5405	0.2412	1.4892	1.3967	1.5066	1.4096	0.2625	1.3931	1.5122	1.0986	1.4834	1.2286	1.4919	0.2588	1.4708	1.4557	1.4455	1.4397	0.2759	1.5720	1.4501	1.5133	1.5883	1.4908	1.4775	0.2526	1.5080	0.2503	1.4511	1.3489	0.2635	1.3643	1.5458	1.6341	1.4926	1.6063	0.2669	0.2540	1.4831	0.2450	1.3702	1.4448	0.2667	1.4443	1.4540	1.6063	1.4909	1.5596	1.4673	0.2580	1.5023	0.2511	1.4397	1.4725	0.2633	1.4013	0.2974	1.5384	0.2872	1.5156	1.5285	1.6349	1.3539	0.2883	1.6182	1.4684	1.4073	0.2606
14:19:16	30.2	0.2496	1.6083	1.4723	1.5752	1.4872	1.5032	1.4988	1.4733	1.5799	1.4708	0.2695	0.2769	1.6160	1.4742	1.4163	1.4540	1.4585	0.2635	1.5081	1.4304	1.4472	0.2573	0.2565	1.3501	1.6574	1.5129	1.4567	1.4517	1.5480	0.2413	1.4950	1.4151	1.5158	1.4131	0.2626	1.4128	1.5161	1.0940	1.4909	1.2025	1.5036	0.2590	1.4772	1.4512	1.4479	1.4438	0.2749	1.5731	1.4557	1.5141	1.5894	1.4898	1.4771	0.2526	1.5087	0.2501	1.4548	1.3679	0.2636	1.3859	1.5468	1.6357	1.5021	1.6066	0.2670	0.2540	1.4804	0.2452	1.3761	1.4608	0.2666	1.4506	1.4573	1.6090	1.4921	1.5615	1.4668	0.2581	1.5071	0.2511	1.4413	1.4799	0.2633	1.4072	0.2972	1.5419	0.2873	1.5163	1.5326	1.6362	1.3622	0.2884	1.6192	1.4737	1.4141	0.2607
14:29:16	30.2	0.2496	1.6105	1.4695	1.5763	1.4880	1.5059	1.5101	1.4729	1.5804	1.4805	0.2695	0.2770	1.6169	1.4808	1.4246	1.4681	1.4581	0.2633	1.5131	1.4385	1.4321	0.2572	0.2565	1.3504	1.6605	1.5161	1.4682	1.4540	1.5523	0.2412	1.5020	1.4082	1.5277	1.4183	0.2626	1.4217	1.5192	1.1042	1.4997	1.2295	1.5083	0.2590	1.4834	1.4602	1.4507	1.4511	0.2754	1.5737	1.4590	1.5188	1.5904	1.4982	1.4779	0.2525	1.5167	0.2501	1.4566	1.3714	0.2639	1.3852	1.5477	1.6362	1.5072	1.6075	0.2669	0.2540	1.4973	0.2451	1.3774	1.4602	0.2668	1.4533	1.4570	1.6117	1.4981	1.5639	1.4795	0.2580	1.5099	0.2510	1.4456	1.4856	0.2632	1.4165	0.2973	1.5552	0.2873	1.5248	1.5354	1.6366	1.3690	0.2884	1.6203	1.4749	1.4198	0.2605
14:39:16	30.2	0.2495	1.6141	1.4811	1.5777	1.4940	1.5060	1.5078	1.4791	1.5834	1.4780	0.2696	0.2770	1.6164	1.4835	1.4318	1.4737	1.4770	0.2636	1.5161	1.4430	1.4488	0.2573	0.2566	1.3500	1.6634	1.5202	1.4705	1.4593	1.5571	0.2412	1.5004	1.4194	1.5385	1.4236	0.2624	1.4329	1.5194	1.1008	1.4984	1.2181	1.5179	0.2588	1.4904	1.4575	1.4462	1.4555	0.2770	1.5737	1.4635	1.5275	1.5913	1.4988	1.4832	0.2524	1.5179	0.2504	1.4667	1.3705	0.2634	1.3830	1.5482	1.6389	1.5085	1.6092	0.2669	0.2540	1.4997	0.2451	1.3824	1.4663	0.2668	1.4550	1.4666	1.6077	1.5095	1.5684	1.4843	0.2580	1.5164	0.2510	1.4502	1.4915	0.2632	1.4257	0.2974	1.5598	0.2872	1.5316	1.5391	1.6368	1.3678	0.2883	1.6206	1.4853	1.4233	0.2606
14:49:16	30.1	0.2494	1.6150	1.4792	1.5806	1.4943	1.5039	1.5153	1.4808	1.5831	1.4858	0.2695	0.2768	1.6204	1.4930	1.4399	1.4826	1.4744	0.2635	1.5196	1.4504	1.4527	0.2572	0.2566	1.3460	1.6657	1.5215	1.4738	1.4624	1.5627	0.2411	1.5090	1.4240	1.5402	1.4234	0.2624	1.4392	1.5232	1.1088	1.5079	1.2270	1.5192	0.2589	1.4953	1.4570	1.4560	1.4612	0.2771	1.5738	1.4695	1.5223	1.5919	1.5097	1.4875	0.2526	1.5215	0.2503	1.4722	1.3755	0.2635	1.3944	1.5490	1.6389	1.5166	1.6092	0.2671	0.2539	1.5021	0.2451	1.3855	1.4664	0.2666	1.4517	1.4718	1.6149	1.5082	1.5714	1.4813	0.2582	1.5208	0.2510	1.4583	1.4948	0.2632	1.4385	0.2973	1.5637	0.2874	1.5318	1.5416	1.6385	1.3828	0.2885	1.6211	1.4888	1.4228	0.2606
14:59:16	30.2	0.2495	1.6159	1.4857	1.5816	1.5050	1.5090	1.5235	1.4803	1.5851	1.4900	0.2695	0.2769	1.6222	1.4928	1.4460	1.4792	1.4751	0.2636	1.5246	1.4475	1.4512	0.2572	0.2565	1.3623	1.6678	1.5233	1.4787	1.4673	1.5658	0.2413	1.5123	1.4242	1.5439	1.4246	0.2626	1.4399	1.5260	1.1077	1.5053	1.2295	1.5117	0.2591	1.4923	1.4604	1.4632	1.4641	0.2753	1.5756	1.4746	1.5255	1.5924	1.5023	1.4929	0.2526	1.5277	0.2503	1.4757	1.3910	0.2636	1.3916	1.5489	1.6399	1.5172	1.6106	0.2669	0.2540	1.4991	0.2450	1.3909	1.4693	0.2667	1.4624	1.4769	1.6182	1.5103	1.5723	1.4860	0.2580	1.5253	0.2511	1.4635	1.4937	0.2632	1.4402	0.2974	1.5664	0.2873	1.5388	1.5445	1.6388	1.3770	0.2883	1.6230	1.4990	1.4311	0.2606
15:09:16	30.2	0.2496	1.6168	1.4813	1.5820	1.5021	1.5199	1.5185	1.4808	1.5858	1.4893	0.2696	0.2771	1.6236	1.4976	1.4535	1.4791	1.4836	0.2635	1.5292	1.4538	1.4548	0.2573	0.2566	1.3632	1.6692	1.5242	1.4797	1.4699	1.5700	0.2414	1.5181	1.4252	1.5502	1.4352	0.2627	1.4486	1.5289	1.1138	1.5090	1.2320	1.5180	0.2590	1.4941	1.4626	1.4651	1.4679	0.2775	1.5760	1.4768	1.5248	1.5921	1.5065	1.5034	0.2528	1.5467	0.2505	1.4823	1.3959	0.2636	1.3945	1.5489	1.6402	1.5246	1.6096	0.2671	0.2541	1.4996	0.2450	1.3954	1.4789	0.2668	1.4672	1.4718	1.6236	1.5170	1.5749	1.4847	0.2582	1.5277	0.2512	1.4649	1.5012	0.2633	1.4420	0.2974	1.5679	0.2875	1.5431	1.5473	1.6403	1.3881	0.2883	1.6232	1.5001	1.4407	0.2607
15:19:16	30.2	0.2505	1.6189	1.4839	1.5852	1.4977	1.5193	1.5224	1.4889	1.5857	1.4888	0.2696	0.2769	1.6238	1.5018	1.4589	1.4809	1.4845	0.2634	1.5321	1.4617	1.4530	0.2573	0.2565	1.3658	1.6704	1.5254	1.4889	1.4737	1.5753	0.2412	1.5203	1.4231	1.5900	1.4328	0.2625	1.4478	1.5284	1.1167	1.5107	1.2288	1.5241	0.2588	1.4943	1.4644	1.4668	1.4714	0.2759	1.5766	1.4824	1.5298	1.5928	1.5068	1.4975	0.2525	1.5415	0.2503	1.4872	1.4006	0.2635	1.4007	1.5483	1.6402	1.5248	1.6119	0.2670	0.2540	1.5035	0.2450	1.3995	1.4809	0.2668	1.4647	1.4731	1.6179	1.5145	1.5767	1.4919	0.2580	1.5317	0.2510	1.4662	1.5066	0.2633	1.4495	0.2973	1.5669	0.2874	1.5400	1.5492	1.6401	1.3880	0.2882	1.6259	1.5053	1.4416	0.2607
15:29:16	30.2	0.2498	1.6183	1.4886	1.5866	1.5063	1.5205	1.5292	1.4866	1.5863	1.4967	0.2696	0.2768	1.6263	1.5076	1.4616	1.4859	1.4937	0.2625	1.5345	1.4672	1.4575	0.2572	0.2564	1.3711	1.6720	1.5280	1.4879	1.4772	1.5760	0.2413	1.5241	1.4379	1.5571	1.4412	0.2625	1.4477	1.5357	1.1208	1.5152	1.2438	1.5279	0.2589	1.5022	1.4632	1.4684	1.4762	0.2753	1.5770	1.4857	1.5342	1.5930	1.5081	1.4978	0.2526	1.5493	0.2501	1.4878	1.3976	0.2635	1.4038	1.5469	1.6405	1.5300	1.6108	0.2668	0.2540	1.5080	0.2450	1.4026	1.4826	0.2665	1.4658	1.4832	1.6196	1.5192	1.5796	1.4971	0.2581	1.5346	0.2510	1.4706	1.5085	0.2631	1.4531	0.2973	1.5698	0.2872	1.5513	1.5491	1.6427	1.3915	0.2882	1.6268	1.5079	1.4458	0.2606
15:39:16	30.1	0.2497	1.6210	1.4880	1.5890	1.5088	1.5203	1.5310	1.4967	1.5833	1.4973	0.2697	0.2771	1.6276	1.5076	1.4680	1.4920	1.4877	0.2626	1.5386	1.4691	1.4643	0.2574	0.2566	1.3759	1.6727	1.5302	1.4947	1.4800	1.5802	0.2413	1.5310	1.4461	1.5620	1.4416	0.2626	1.4512	1.5395	1.1224	1.5199	1.2386	1.5313	0.2591	1.5044	1.4735	1.4743	1.4790	0.2777	1.5774	1.4903	1.5369	1.5938	1.5156	1.5042	0.2526	1.5477	0.2505	1.4918	1.4033	0.2636	1.4212	1.5452	1.6421	1.5324	1.6123	0.2671	0.2541	1.5163	0.2452	1.4053	1.4865	0.2668	1.4623	1.4788	1.6209	1.5217	1.5840	1.4974	0.2582	1.5385	0.2512	1.4744	1.5167	0.2633	1.4610	0.2974	1.5715	0.2874	1.5493	1.5533	1.6422	1.3981	0.2884	1.6255	1.5129	1.4450	0.2607
15:49:16	30.2	0.2495	1.6218	1.4944	1.5897	1.5136	1.5185	1.5317	1.4932	1.5839	1.4973	0.2696	0.2768	1.6300	1.5125	1.4724	1.4989	1.4974	0.2633	1.5423	1.4703	1.4699	0.2573	0.2564	1.3773	1.6731	1.5310	1.4971	1.4829	1.5842	0.2412	1.5350	1.4580	1.5636	1.4437	0.2625	1.4509	1.5395	1.1260	1.5211	1.2492	1.5300	0.2587	1.5098	1.4794	1.4744	1.4812	0.2757	1.5774	1.4931	1.5408	1.5937	1.5157	1.5081	0.2521	1.5571	0.2502	1.4970	1.4085	0.2635	1.4179	1.5423	1.6423	1.5350	1.6126	0.2667	0.2539	1.5188	0.2449	1.4096	1.4900	0.2663	1.4624	1.4823	1.6211	1.5222	1.5859	1.4967	0.2580	1.5408	0.2510	1.4780	1.5200	0.2630	1.4621	0.2973	1.5822	0.2874	1.5541	1.5538	1.6427	1.4023	0.2883	1.6264	1.5086	1.4537	0.2605
15:59:16	30.2	0.2496	1.6220	1.4923	1.5924	1.5106	1.5253	1.5315	1.5014	1.5819	1.5009	0.2694	0.2769	1.6307	1.5134	1.4771	1.4924	1.4946	0.2636	1.5459	1.4758	1.4694	0.2573	0.2566	1.3825	1.6737	1.5304	1.4977	1.4863	1.5864	0.2412	1.5419	1.4557	1.5698	1.4522	0.2625	1.4630	1.5409	1.1293	1.5197	1.2454	1.5299	0.2590	1.5128	1.4775	1.4819	1.4851	0.2758	1.5776	1.4973	1.5385	1.5948	1.5186	1.5127	0.2526	1.5832	0.2503	1.5050	1.4154	0.2636	1.4238	1.5404	1.6416	1.5384	1.6121	0.2669	0.2541	1.5200	0.2451	1.4138	1.4914	0.2664	1.4729	1.4851	1.6221	1.5265	1.5869	1.5028	0.2582	1.5446	0.2511	1.4776	1.5239	0.2633	1.4691	0.2973	1.5762	0.2873	1.5516	1.5548	1.6423	1.4050	0.2882	1.6268	1.5161	1.4579	0.2605
16:09:16	30.2	0.2497	1.6228	1.4978	1.5917	1.5118	1.5316	1.5383	1.5025	1.5829	1.5087	0.2696	0.2770	1.6335	1.5141	1.4809	1.5040	1.5020	0.2624	1.5498	1.4808	1.4788	0.2573	0.2566	1.3916	1.6743	1.5327	1.4995	1.4874	1.5887	0.2413	1.5454	1.4611	1.5660	1.4487	0.2625	1.4698	1.5415	1.1349	1.5258	1.2549	1.5306	0.2589	1.5143	1.4799	1.4831	1.4887	0.2762	1.5774	1.5006	1.5432	1.5948	1.5203	1.5123	0.2526	1.5581	0.2503	1.5056	1.4132	0.2636	1.4231	1.5367	1.6421	1.5390	1.6137	0.2669	0.2540	1.5181	0.2449	1.4177	1.5023	0.2663	1.4751	1.4878	1.6237	1.5329	1.5909	1.5065	0.2581	1.5472	0.2511	1.4857	1.5274	0.2632	1.4759	0.2974	1.5787	0.2874	1.5504	1.5551	1.6438	1.4070	0.2881	1.6283	1.5203	1.4629	0.2606
16:19:16	30.1	0.2495	1.6243	1.5044	1.5934	1.5142	1.5379	1.5417	1.5037	1.5823	1.5060	0.2696	0.2770	1.6344	1.5213	1.4846	1.5073	1.5081	0.2636	1.5524	1.4840	1.4870	0.2573	0.2566	1.3855	1.6735	1.5342	1.5047	1.4903	1.5905	0.2414	1.5521	1.4630	1.5700	1.4565	0.2627	1.4689	1.5455	1.1409	1.5268	1.2553	1.5352	0.2590	1.5163	1.4826	1.4855	1.4920	0.2759	1.5773	1.5044	1.5482	1.5946	1.5245	1.5208	0.2527	1.5615	0.2503	1.5105	1.4161	0.2637	1.4336	1.5324	1.6440	1.5423	1.6141	0.2672	0.2540	1.5218	0.2452	1.4205	1.4971	0.2665	1.4848	1.4838	1.6234	1.5354	1.5941	1.5079	0.2581	1.5500	0.2512	1.4905	1.5320	0.2634	1.4835	0.2974	1.5862	0.2874	1.5542	1.5567	1.6426	1.4092	0.2882	1.6286	1.5230	1.4658	0.2606
16:29:16	30.1	0.2498	1.6232	1.5024	1.5930	1.5183	1.5372	1.5445	1.5108	1.5820	1.5068	0.2696	0.2770	1.6373	1.5229	1.4888	1.5086	1.5046	0.2626	1.5560	1.4865	1.4873	0.2573	0.2567	1.3877	1.6737	1.5344	1.5067	1.4923	1.5924	0.2413	1.5557	1.4657	1.5743	1.4577	0.2626	1.4747	1.5495	1.1422	1.5294	1.2485	1.5379	0.2590	1.5188	1.4876	1.4903	1.4936	0.2754	1.5778	1.5067	1.5464	1.5954	1.5282	1.5245	0.2526	1.5787	0.2503	1.5149	1.4205	0.2636	1.4425	1.5263	1.6452	1.5462	1.6144	0.2669	0.2541	1.5267	0.2452	1.4241	1.5085	0.2666	1.4921	1.4843	1.6258	1.5356	1.5988	1.5099	0.2582	1.5521	0.2512	1.4870	1.5374	0.2633	1.4861	0.2973	1.5866	0.2872	1.5621	1.5570	1.6442	1.4141	0.2883	1.6289	1.5283	1.4756	0.2608
16:39:16	30.2	0.2496	1.6245	1.5129	1.5927	1.5195	1.5381	1.5459	1.5023	1.5778	1.5119	0.2695	0.2769	1.6391	1.5280	1.4950	1.5078	1.5075	0.2634	1.5573	1.4928	1.4889	0.2574	0.2565	1.3987	1.6739	1.5340	1.5167	1.4936	1.5970	0.2413	1.5615	1.4670	1.5764	1.4652	0.2626	1.4702	1.5484	1.1413	1.5322	1.2475	1.5421	0.2589	1.5206	1.4897	1.4930	1.4956	0.2774	1.5785	1.5114	1.5510	1.5951	1.5249	1.5254	0.2524	1.5700	0.2503	1.5188	1.4283	0.2634	1.4455	1.5209	1.6433	1.5516	1.6141	0.2671	0.2541	1.5196	0.2450	1.4283	1.5132	0.2665	1.4965	1.4867	1.6289	1.5356	1.5976	1.5139	0.2580	1.5554	0.2511	1.4908	1.5392	0.2632	1.4983	0.2974	1.5877	0.2873	1.5632	1.5581	1.6445	1.4186	0.2884	1.6288	1.5259	1.4829	0.2606
16:49:16	30.2	0.2494	1.6243	1.5133	1.5931	1.5217	1.5474	1.5511	1.5125	1.5813	1.5222	0.2696	0.2769	1.6402	1.5345	1.4962	1.5155	1.5117	0.2634	1.5563	1.4923	1.4918	0.2571	0.2566	1.4090	1.6733	1.5342	1.5155	1.4951	1.5958	0.2413	1.5612	1.4730	1.5838	1.4660	0.2625	1.4855	1.5503	1.1475	1.5359	1.2478	1.5452	0.2589	1.5234	1.4930	1.4947	1.4990	0.2764	1.5790	1.5136	1.5505	1.5941	1.5369	1.5250	0.2523	1.5772	0.2501	1.5228	1.4346	0.2635	1.4434	1.5134	1.6407	1.5503	1.6120	0.2670	0.2540	1.5232	0.2450	1.4312	1.5110	0.2664	1.4944	1.4862	1.6294	1.5410	1.6014	1.5132	0.2580	1.5578	0.2510	1.4969	1.5376	0.2631	1.4966	0.2972	1.5901	0.2871	1.5636	1.5571	1.6457	1.4174	0.2882	1.6285	1.5341	1.4871	0.2605
16:59:16	30.2	0.2496	1.6248	1.5026	1.5933	1.5282	1.5493	1.5511	1.5150	1.5768	1.5205	0.2696	0.2770	1.6423	1.5334	1.5018	1.5135	1.5154	0.2637	1.5611	1.4952	1.4965	0.2574	0.2567	1.4155	1.6738	1.5330	1.5178	1.4959	1.5986	0.2413	1.5654	1.4681	1.5803	1.4721	0.2625	1.4807	1.5488	1.1466	1.5370	1.2511	1.5459	0.2590	1.5223	1.4984	1.5003	1.5013	0.2755	1.5786	1.5178	1.5522	1.5936	1.5376	1.5260	0.2525	1.5815	0.2502	1.5256	1.4311	0.2636	1.4500	1.5053	1.6389	1.5526	1.6129	0.2671	0.2540	1.5227	0.2451	1.4336	1.5152	0.2666	1.4941	1.4936	1.6345	1.5418	1.6017	1.5156	0.2581	1.5600	0.2511	1.5049	1.5425	0.2632	1.5027	0.2975	1.5965	0.2874	1.5650	1.5575	1.6436	1.4248	0.2883	1.6282	1.5402	1.4925	0.2606
17:09:16	30.1	0.2496	1.6269	1.5115	1.5941	1.5281	1.5543	1.5542	1.5171	1.5748	1.5238	0.2696	0.2770	1.6460	1.5358	1.5054	1.5159	1.5191	0.2629	1.5646	1.4968	1.5042	0.2573	0.2566	1.4150	1.6732	1.5317	1.5211	1.4956	1.6028	0.2414	1.5725	1.4714	1.5802	1.4799	0.2626	1.4787	1.5524	1.1483	1.5440	1.2500	1.5521	0.2590	1.5237	1.5055	1.5002	1.5027	0.2773	1.5794	1.5222	1.5581	1.5942	1.5411	1.5317	0.2526	1.5893	0.2504	1.5273	1.4463	0.2636	1.4537	1.4968	1.6345	1.5547	1.6129	0.2668	0.2541	1.5240	0.2451	1.4359	1.5183	0.2665	1.5055	1.4956	1.6370	1.5428	1.6142	1.5189	0.2582	1.5617	0.2511	1.5050	1.5446	0.2632	1.5065	0.2973	1.6001	0.2874	1.5703	1.5566	1.6443	1.4192	0.2882	1.6270	1.5437	1.4979	0.2607
17:19:16	30.2	0.2499	1.6250	1.5102	1.5927	1.5313	1.5456	1.5557	1.5209	1.5770	1.5232	0.2696	0.2771	1.6461	1.5395	1.5050	1.5162	1.5181	0.2636	1.5651	1.4957	1.5065	0.2574	0.2566	1.4209	1.6739	1.5306	1.5210	1.4979	1.6035	0.2414	1.5762	1.4743	1.5864	1.4786	0.2627	1.4883	1.5493	1.1563	1.5406	1.2561	1.5502	0.2591	1.5218	1.5072	1.5037	1.5059	0.2755	1.5782	1.5243	1.5554	1.5934	1.5373	1.5313	0.2527	1.5880	0.2502	1.5268	1.4458	0.2637	1.4567	1.4868	1.6337	1.5545	1.6120	0.2671	0.2540	1.5225	0.2451	1.4422	1.5203	0.2665	1.4967	1.4851	1.6364	1.5459	1.6156	1.5111	0.2582	1.5632	0.2513	1.5032	1.5459	0.2632	1.5015	0.2975	1.5997	0.2874	1.5667	1.5578	1.6477	1.4236	0.2882	1.6301	1.5477	1.4934	0.2607
17:29:16	30.2	0.2496	1.6250	1.5107	1.5953	1.5305	1.5490	1.5570	1.5216	1.5759	1.5336	0.2697	0.2772	1.6473	1.5384	1.5093	1.5134	1.5248	0.2636	1.5649	1.4981	1.5075	0.2575	0.2567	1.4303	1.6743	1.5298	1.5256	1.4979	1.6053	0.2414	1.5834	1.4754	1.5925	1.4794	0.2627	1.4844	1.5500	1.1597	1.5422	1.2576	1.5519	0.2591	1.5245	1.5024	1.5034	1.5074	0.2773	1.5777	1.5281	1.5560	1.5934	1.5373	1.5306	0.2527	1.5891	0.2503	1.5324	1.4485	0.2636	1.4625	1.4752	1.6326	1.5559	1.6132	0.2671	0.2542	1.5269	0.2451	1.4438	1.5210	0.2668	1.5090	1.4838	1.6426	1.5422	1.6190	1.5132	0.2582	1.5654	0.2512	1.5066	1.5542	0.2634	1.5034	0.2975	1.5997	0.2874	1.5678	1.5572	1.6465	1.4322	0.2882	1.6286	1.5503	1.4924	0.2608
17:39:16	30.1	0.2499	1.6257	1.5119	1.5948	1.5303	1.5504	1.5594	1.5194	1.5752	1.5338	0.2696	0.2771	1.6476	1.5375	1.5120	1.5169	1.5273	0.2636	1.5689	1.5000	1.5044	0.2575	0.2569	1.4329	1.6738	1.5287	1.5229	1.4972	1.6055	0.2415	1.5825	1.4729	1.5989	1.4807	0.2628	1.4902	1.5511	1.1629	1.5430	1.2565	1.5561	0.2592	1.5283	1.5057	1.5044	1.5103	0.2758	1.5779	1.5318	1.5571	1.5941	1.5455	1.5300	0.2529	1.5955	0.2503	1.5338	1.4557	0.2638	1.4625	1.4641	1.6313	1.5554	1.6121	0.2675	0.2543	1.5287	0.2452	1.4475	1.5220	0.2666	1.5078	1.4845	1.6407	1.5425	1.6210	1.5130	0.2582	1.5676	0.2513	1.5035	1.5582	0.2634	1.5092	0.2976	1.5987	0.2875	1.5653	1.5567	1.6475	1.4358	0.2884	1.6295	1.5489	1.4961	0.2608
17:49:16	30.2	0.2497	1.6262	1.5126	1.5964	1.5320	1.5513	1.5602	1.5186	1.5742	1.5299	0.2696	0.2772	1.6507	1.5361	1.5139	1.5207	1.5300	0.2637	1.5700	1.4951	1.5054	0.2575	0.2568	1.4347	1.6737	1.5271	1.5239	1.4973	1.6065	0.2414	1.5796	1.4777	1.5866	1.4808	0.2627	1.4915	1.5523	1.1657	1.5457	1.2600	1.5572	0.2593	1.5254	1.5080	1.5086	1.5117	0.2766	1.5773	1.5346	1.5627	1.5935	1.5447	1.5291	0.2527	1.5977	0.2503	1.5358	1.4548	0.2637	1.4690	1.4515	1.6288	1.5552	1.6123	0.2673	0.2541	1.5275	0.2453	1.4501	1.5172	0.2666	1.5143	1.4864	1.6414	1.5448	1.6185	1.5170	0.2582	1.5710	0.2514	1.5111	1.5597	0.2632	1.5128	0.2974	1.5984	0.2874	1.5646	1.5555	1.6461	1.4327	0.2884	1.6290	1.5498	1.4875	0.2608
17:59:16	30.1	0.2496	1.6270	1.5079	1.5951	1.5318	1.5541	1.5580	1.5231	1.5729	1.5316	0.2695	0.2772	1.6542	1.5421	1.5203	1.5166	1.5326	0.2634	1.5706	1.4980	1.5114	0.2572	0.2566	1.4450	1.6717	1.5237	1.5229	1.4951	1.6084	0.2414	1.5816	1.4859	1.5930	1.4746	0.2626	1.4927	1.5506	1.1715	1.5505	1.2615	1.5594	0.2590	1.5284	1.5089	1.5022	1.5135	0.2760	1.5771	1.5377	1.5629	1.5921	1.5510	1.5376	0.2527	1.5979	0.2503	1.5420	1.4596	0.2635	1.4673	1.4370	1.6276	1.5542	1.6120	0.2671	0.2541	1.5229	0.2451	1.4529	1.5175	0.2667	1.5112	1.4863	1.6442	1.5439	1.6162	1.5171	0.2582	1.5719	0.2513	1.5104	1.5621	0.2632	1.5254	0.2974	1.5973	0.2873	1.5648	1.5544	1.6466	1.4384	0.2884	1.6283	1.5530	1.4841	0.2607
18:09:16	30.2	0.2498	1.6270	1.5175	1.5962	1.5333	1.5537	1.5587	1.5209	1.5730	1.5317	0.2697	0.2772	1.6590	1.5420	1.5239	1.5176	1.5336	0.2635	1.5702	1.5007	1.5109	0.2575	0.2567	1.4355	1.6718	1.5219	1.5252	1.4961	1.6083	0.2414	1.5837	1.4905	1.5894	1.4744	0.2626	1.4964	1.5499	1.1744	1.5515	1.2633	1.5562	0.2590	1.5301	1.5070	1.5071	1.5161	0.2752	1.5770	1.5399	1.5665	1.5930	1.5481	1.5392	0.2527	1.5986	0.2503	1.5446	1.4620	0.2637	1.4730	1.4239	1.6259	1.5483	1.6103	0.2671	0.2542	1.5225	0.2451	1.4556	1.5154	0.2666	1.5069	1.4857	1.6420	1.5466	1.6186	1.5192	0.2582	1.5744	0.2512	1.5051	1.5642	0.2632	1.5237	0.2974	1.6001	0.2875	1.5648	1.5529	1.6463	1.4377	0.2883	1.6278	1.5472	1.4822	0.2607
18:19:16	30.1	0.2497	1.6286	1.5131	1.5957	1.5326	1.5542	1.5592	1.5160	1.5727	1.5269	0.2695	0.2771	1.6587	1.5403	1.5268	1.5161	1.5336	0.2635	1.5735	1.4997	1.5124	0.2574	0.2567	1.4356	1.6702	1.5202	1.5273	1.4951	1.6085	0.2414	1.5846	1.4903	1.5946	1.4641	0.2626	1.4989	1.5533	1.1778	1.5500	1.2666	1.5545	0.2589	1.5271	1.5093	1.5059	1.5181	0.2772	1.5764	1.5425	1.5630	1.5930	1.5512	1.5315	0.2526	1.5964	0.2504	1.5500	1.4631	0.2635	1.4767	1.4108	1.6249	1.5485	1.6123	0.2672	0.2542	1.5209	0.2452	1.4581	1.5081	0.2666	1.5031	1.4863	1.6410	1.5426	1.6197	1.5138	0.2582	1.5782	0.2512	1.5037	1.5672	0.2632	1.5312	0.2974	1.6010	0.2873	1.5661	1.5512	1.6445	1.4430	0.2883	1.6288	1.5485	1.4849	0.2607
18:29:16	30.2	0.2498	1.6260	1.5122	1.5980	1.5346	1.5543	1.5608	1.5109	1.5713	1.5264	0.2696	0.2773	1.6613	1.5399	1.5285	1.5088	1.5341	0.2634	1.5747	1.4947	1.5163	0.2574	0.2567	1.4394	1.6697	1.5155	1.5293	1.4921	1.6107	0.2414	1.5859	1.4913	1.5981	1.4577	0.2626	1.4917	1.5523	1.1818	1.5539	1.2694	1.5494	0.2590	1.5266	1.5073	1.5079	1.5203	0.2758	1.5760	1.5461	1.5629	1.5911	1.5496	1.5308	0.2526	1.5979	0.2503	1.5522	1.4539	0.2636	1.4824	1.3940	1.6229	1.5479	1.6116	0.2672	0.2542	1.5226	0.2451	1.4628	1.5055	0.2666	1.4987	1.4847	1.6432	1.5443	1.6218	1.5123	0.2582	1.5797	0.2512	1.5002	1.5683	0.2632	1.5295	0.2974	1.5977	0.2874	1.5648	1.5483	1.6454	1.4439	0.2883	1.6290	1.5452	1.4893	0.2606
18:39:16	30.2	0.2498	1.6272	1.5107	1.5941	1.5344	1.5504	1.5594	1.5118	1.5698	1.5268	0.2697	0.2772	1.6630	1.5397	1.5302	1.5073	1.5352	0.2635	1.5719	1.4909	1.5149	0.2575	0.2567	1.4385	1.6685	1.5089	1.5308	1.4903	1.6100	0.2415	1.5839	1.4930	1.5978	1.4524	0.2627	1.4853	1.5532	1.1862	1.5531	1.2709	1.5476	0.2591	1.5240	1.5063	1.5131	1.5206	0.2767	1.5748	1.5488	1.5586	1.5923	1.5512	1.5316	0.2526	1.5992	0.2503	1.5544	1.4620	0.2638	1.4823	1.3793	1.6207	1.5492	1.6123	0.2669	0.2542	1.5213	0.2452	1.4650	1.5052	0.2667	1.4966	1.4863	1.6421	1.5387	1.6195	1.5085	0.2581	1.5822	0.2512	1.5028	1.5702	0.2634	1.5359	0.2973	1.5972	0.2876	1.5620	1.5462	1.6485	1.4454	0.2885	1.6281	1.5478	1.4906	0.2608
18:49:16	30.1	0.2497	1.6286	1.5067	1.5965	1.5349	1.5472	1.5566	1.5095	1.5708	1.5196	0.2696	0.2773	1.6655	1.5391	1.5301	1.5075	1.5358	0.2630	1.5721	1.4921	1.5082	0.2575	0.2567	1.4336	1.6660	1.5047	1.5303	1.4884	1.6103	0.2414	1.5850	1.4915	1.5981	1.4524	0.2626	1.4826	1.5511	1.1879	1.5537	1.2751	1.5458	0.2591	1.5198	1.5049	1.5072	1.5224	0.2756	1.5754	1.5500	1.5584	1.5918	1.5574	1.5269	0.2527	1.5985	0.2503	1.5567	1.4680	0.2636	1.4880	1.3612	1.6187	1.5462	1.6102	0.2672	0.2540	1.5260	0.2452	1.4686	1.5041	0.2665	1.4994	1.4874	1.6403	1.5420	1.6182	1.5111	0.2582	1.5825	0.2512	1.5009	1.5723	0.2633	1.5396	0.2975	1.6003	0.2873	1.5613	1.5435	1.6468	1.4487	0.2884	1.6258	1.5471	1.4917	0.2607
18:59:16	30.2	0.2499	1.6268	1.5086	1.5969	1.5345	1.5487	1.5548	1.5067	1.5688	1.5190	0.2695	0.2773	1.6685	1.5396	1.5316	1.5049	1.5393	0.2634	1.5706	1.4934	1.5106	0.2574	0.2567	1.4275	1.6658	1.4968	1.5287	1.4839	1.6107	0.2415	1.5857	1.4938	1.5946	1.4528	0.2628	1.4839	1.5512	1.1930	1.5526	1.2733	1.5479	0.2591	1.5215	1.5028	1.5096	1.5227	0.2763	1.5742	1.5532	1.5586	1.5907	1.5515	1.5250	0.2526	1.6003	0.2505	1.5593	1.4563	0.2638	1.4864	1.3462	1.6171	1.5487	1.6071	0.2673	0.2542	1.5218	0.2452	1.4715	1.5042	0.2668	1.4965	1.4863	1.6438	1.5433	1.6204	1.5115	0.2581	1.5831	0.2513	1.4982	1.5717	0.2632	1.5403	0.2974	1.5966	0.2874	1.5612	1.5407	1.6404	1.4505	0.2886	1.6256	1.5501	1.4901	0.2608
19:09:16	30.2	0.2498	1.6273	1.5032	1.5972	1.5364	1.5494	1.5519	1.5093	1.5692	1.5202	0.2696	0.2772	1.6698	1.5393	1.5327	1.5036	1.5409	0.2634	1.5668	1.4935	1.5095	0.2574	0.2568	1.4222	1.6639	1.4885	1.5264	1.4807	1.6122	0.2415	1.5861	1.4925	1.5975	1.4511	0.2627	1.4817	1.5495	1.1964	1.5525	1.2779	1.5479	0.2590	1.5200	1.5033	1.5070	1.5240	0.2769	1.5734	1.5573	1.5548	1.5888	1.5485	1.5336	0.2527	1.6014	0.2503	1.5610	1.4546	0.2637	1.4809	1.3283	1.6158	1.5475	1.6061	0.2671	0.2541	1.5241	0.2452	1.4753	1.5054	0.2666	1.4953	1.4855	1.6461	1.5371	1.6191	1.5183	0.2582	1.5832	0.2513	1.5020	1.5713	0.2633	1.5437	0.2974	1.5956	0.2875	1.5619	1.5377	1.6374	1.4535	0.2884	1.6247	1.5524	1.4859	0.2608
19:19:16	30.2	0.2497	1.6262	1.5030	1.5973	1.5376	1.5479	1.5528	1.5043	1.5695	1.5203	0.2696	0.2772	1.6699	1.5367	1.5343	1.5054	1.5403	0.2630	1.5583	1.4925	1.5072	0.2574	0.2567	1.4173	1.6611	1.4797	1.5278	1.4754	1.6116	0.2413	1.5870	1.4898	1.6031	1.4545	0.2627	1.4817	1.5494	1.2021	1.5491	1.2794	1.5499	0.2591	1.5194	1.5052	1.5016	1.5266	0.2756	1.5722	1.5596	1.5546	1.5857	1.5486	1.5320	0.2527	1.5983	0.2502	1.5644	1.4577	0.2637	1.4800	1.3099	1.6134	1.5484	1.6038	0.2671	0.2542	1.5252	0.2452	1.4780	1.5068	0.2667	1.4975	1.4831	1.6457	1.5416	1.6182	1.5223	0.2581	1.5845	0.2513	1.5077	1.5685	0.2632	1.5448	0.2973	1.5985	0.2873	1.5646	1.5343	1.6328	1.4567	0.2884	1.6238	1.5475	1.4867	0.2606
19:29:16	30.2	0.2500	1.6272	1.5041	1.5973	1.5342	1.5452	1.5532	1.5050	1.5702	1.5180	0.2696	0.2772	1.6722	1.5370	1.5330	1.5041	1.5399	0.2633	1.5557	1.4913	1.5076	0.2576	0.2569	1.4189	1.6628	1.4720	1.5253	1.4712	1.6124	0.2415	1.5870	1.4879	1.5947	1.4521	0.2628	1.4821	1.5480	1.2036	1.5488	1.2822	1.5484	0.2591	1.5232	1.5051	1.5037	1.5266	0.2777	1.5713	1.5608	1.5540	1.5826	1.5478	1.5326	0.2527	1.6043	0.2505	1.5657	1.4539	0.2639	1.4789	1.2980	1.6118	1.5475	1.6027	0.2671	0.2543	1.5211	0.2452	1.4807	1.5012	0.2667	1.4893	1.4810	1.6424	1.5424	1.6220	1.5192	0.2582	1.5828	0.2513	1.5067	1.5708	0.2632	1.5468	0.2974	1.5936	0.2876	1.5636	1.5299	1.6344	1.4581	0.2886	1.6233	1.5501	1.4836	0.2608
19:39:16	30.2	0.2503	1.6287	1.5042	1.5976	1.5337	1.5499	1.5528	1.5047	1.5698	1.5184	0.2694	0.2772	1.6725	1.5366	1.5311	1.5050	1.5378	0.2633	1.5584	1.4886	1.5088	0.2575	0.2567	1.4218	1.6596	1.4638	1.5254	1.4660	1.6118	0.2414	1.5827	1.4851	1.5974	1.4487	0.2626	1.4832	1.5440	1.2077	1.5466	1.2828	1.5482	0.2590	1.5196	1.5084	1.5008	1.5279	0.2753	1.5714	1.5630	1.5521	1.5814	1.5442	1.5330	0.2526	1.6040	0.2505	1.5673	1.4534	0.2636	1.4816	1.2798	1.6097	1.5455	1.6010	0.2668	0.2543	1.5230	0.2452	1.4828	1.4991	0.2665	1.4911	1.4841	1.6369	1.5407	1.6192	1.5203	0.2581	1.5830	0.2512	1.5100	1.5715	0.2632	1.5484	0.2974	1.5930	0.2873	1.5639	1.5264	1.6341	1.4617	0.2883	1.6225	1.5492	1.4844	0.2606
19:49:16	30.2	0.2497	1.6286	1.5051	1.5965	1.5337	1.5498	1.5522	1.5016	1.5682	1.5157	0.2695	0.2770	1.6754	1.5375	1.5327	1.5041	1.5380	0.2627	1.5394	1.4898	1.5083	0.2573	0.2567	1.4202	1.6571	1.4469	1.5248	1.4578	1.6138	0.2413	1.5899	1.4835	1.6019	1.4485	0.2625	1.4813	1.5431	1.2110	1.5460	1.2865	1.5508	0.2591	1.5190	1.5065	1.5030	1.5276	0.2768	1.5700	1.5644	1.5525	1.5795	1.5441	1.5313	0.2525	1.5975	0.2503	1.5681	1.4555	0.2637	1.4815	1.2622	1.6083	1.5471	1.6001	0.2671	0.2541	1.5222	0.2450	1.4850	1.4968	0.2665	1.4920	1.4834	1.6438	1.5419	1.6217	1.5220	0.2580	1.5825	0.2512	1.5107	1.5688	0.2631	1.5477	0.2973	1.5907	0.2872	1.5610	1.5221	1.6339	1.4631	0.2881	1.6218	1.5497	1.4829	0.2606
19:59:16	30.2	0.2497	1.6319	1.5039	1.5985	1.5333	1.5504	1.5545	1.4993	1.5700	1.5177	0.2694	0.2770	1.6753	1.5391	1.5296	1.5025	1.5351	0.2622	1.5358	1.4897	1.5076	0.2574	0.2566	1.4187	1.6556	1.4386	1.5243	1.4538	1.6135	0.2412	1.5865	1.4865	1.6010	1.4465	0.2626	1.4793	1.5416	1.2153	1.5452	1.2891	1.5490	0.2589	1.5179	1.5050	1.5036	1.5286	0.2766	1.5692	1.5661	1.5518	1.5777	1.5435	1.5325	0.2525	1.6062	0.2503	1.5720	1.4556	0.2636	1.4839	1.2475	1.6062	1.5457	1.5983	0.2671	0.2541	1.5201	0.2452	1.4871	1.4959	0.2665	1.4950	1.4831	1.6392	1.5412	1.6212	1.5198	0.2580	1.5836	0.2512	1.5090	1.5697	0.2631	1.5528	0.2973	1.5919	0.2872	1.5623	1.5189	1.6324	1.4673	0.2882	1.6220	1.5480	1.4838	0.2607
20:09:16	30.2	0.2498	1.6277	1.5072	1.5976	1.5317	1.5483	1.5531	1.5001	1.5684	1.5198	0.2696	0.2772	1.6790	1.5401	1.5329	1.5037	1.5352	0.2632	1.5336	1.4923	1.5120	0.2576	0.2568	1.4187	1.6538	1.4225	1.5226	1.4445	1.6140	0.2415	1.5897	1.4868	1.6018	1.4476	0.2627	1.4830	1.5411	1.2199	1.5463	1.2887	1.5499	0.2592	1.5226	1.5018	1.5043	1.5290	0.2764	1.5683	1.5682	1.5494	1.5762	1.5435	1.5293	0.2527	1.6032	0.2504	1.5704	1.4560	0.2636	1.4838	1.2321	1.6041	1.5457	1.5972	0.2674	0.2543	1.5202	0.2452	1.4892	1.4969	0.2667	1.4955	1.4819	1.6419	1.5406	1.6257	1.5257	0.2582	1.5812	0.2513	1.5111	1.5685	0.2632	1.5507	0.2975	1.5955	0.2873	1.5608	1.5137	1.6286	1.4688	0.2884	1.6202	1.5501	1.4864	0.2608
20:19:16	30.2	0.2498	1.6309	1.5096	1.5973	1.5343	1.5503	1.5510	1.5011	1.5730	1.5214	0.2698	0.2771	1.6808	1.5417	1.5281	1.5034	1.5384	0.2622	1.5321	1.4911	1.5119	0.2574	0.2567	1.4235	1.6513	1.4146	1.5240	1.4382	1.6138	0.2416	1.5834	1.4881	1.6038	1.4464	0.2626	1.4874	1.5419	1.2260	1.5445	1.2950	1.5459	0.2591	1.5197	1.4996	1.4992	1.5308	0.2754	1.5664	1.5686	1.5492	1.5751	1.5446	1.5311	0.2527	1.6065	0.2503	1.5733	1.4551	0.2637	1.4846	1.2154	1.6025	1.5431	1.5952	0.2672	0.2542	1.5188	0.2452	1.4917	1.4970	0.2664	1.4949	1.4837	1.6420	1.5413	1.6193	1.5244	0.2582	1.5793	0.2513	1.5094	1.5685	0.2632	1.5552	0.2974	1.5941	0.2875	1.5592	1.5095	1.6264	1.4733	0.2883	1.6187	1.5528	1.4880	0.2607
20:29:16	30.1	0.2496	1.6271	1.5108	1.5971	1.5305	1.5461	1.5509	1.5011	1.5716	1.5172	0.2697	0.2770	1.6824	1.5428	1.5286	1.5046	1.5371	0.2627	1.5360	1.4933	1.5113	0.2572	0.2566	1.4205	1.6515	1.3969	1.5248	1.4286	1.6147	0.2415	1.5869	1.4851	1.6027	1.4488	0.2625	1.4898	1.5401	1.2296	1.5446	1.2928	1.5469	0.2591	1.5214	1.5051	1.5024	1.5294	0.2766	1.5656	1.5701	1.5489	1.5725	1.5416	1.5332	0.2526	1.6042	0.2505	1.5717	1.4593	0.2637	1.4854	1.2052	1.6002	1.5431	1.5936	0.2671	0.2542	1.5192	0.2453	1.4954	1.4967	0.2665	1.4955	1.4828	1.6422	1.5430	1.6265	1.5249	0.2582	1.5773	0.2512	1.5159	1.5686	0.2632	1.5536	0.2974	1.5952	0.2874	1.5619	1.5047	1.6265	1.4751	0.2884	1.6181	1.5558	1.4887	0.2607
20:39:16	30.2	0.2498	1.6285	1.5086	1.5969	1.5337	1.5452	1.5520	1.4985	1.5711	1.5142	0.2697	0.2771	1.6844	1.5435	1.5249	1.5041	1.5390	0.2635	1.5369	1.4970	1.5120	0.2575	0.2567	1.4243	1.6499	1.3832	1.5261	1.4216	1.6145	0.2414	1.5825	1.4865	1.5950	1.4472	0.2627	1.4914	1.5387	1.2297	1.5443	1.2954	1.5462	0.2591	1.5177	1.5022	1.5003	1.5315	0.2759	1.5659	1.5701	1.5479	1.5709	1.5421	1.5327	0.2527	1.6083	0.2505	1.5711	1.4576	0.2637	1.4887	1.1873	1.5985	1.5428	1.5921	0.2673	0.2542	1.5167	0.2452	1.4973	1.4946	0.2665	1.4947	1.4869	1.6417	1.5432	1.6195	1.5232	0.2581	1.5756	0.2513	1.5174	1.5676	0.2632	1.5555	0.2975	1.5917	0.2875	1.5609	1.5009	1.6240	1.4783	0.2882	1.6164	1.5523	1.4917	0.2607
20:49:16	30.2	0.2496	1.6327	1.5134	1.5984	1.5337	1.5425	1.5523	1.4992	1.5713	1.5142	0.2696	0.2771	1.6828	1.5454	1.5242	1.5040	1.5396	0.2634	1.5324	1.4955	1.5103	0.2574	0.2567	1.4234	1.6459	1.3708	1.5285	1.4136	1.6141	0.2413	1.5801	1.4867	1.6014	1.4498	0.2627	1.4948	1.5389	1.2356	1.5438	1.2975	1.5466	0.2591	1.5170	1.5051	1.5009	1.5316	0.2759	1.5651	1.5712	1.5468	1.5694	1.5436	1.5296	0.2525	1.6041	0.2503	1.5723	1.4568	0.2637	1.4913	1.1751	1.5966	1.5409	1.5909	0.2671	0.2541	1.5219	0.2452	1.4981	1.4948	0.2664	1.4967	1.4858	1.6418	1.5429	1.6221	1.5280	0.2582	1.5746	0.2512	1.5195	1.5681	0.2633	1.5583	0.2974	1.5946	0.2872	1.5639	1.4969	1.6238	1.4809	0.2882	1.6148	1.5520	1.4877	0.2607
20:59:16	30.2	0.2499	1.6305	1.5172	1.5959	1.5337	1.5451	1.5518	1.5017	1.5713	1.5122	0.2696	0.2772	1.6869	1.5468	1.5205	1.5052	1.5382	0.2634	1.5361	1.4937	1.5164	0.2575	0.2568	1.4267	1.6454	1.3527	1.5261	1.4035	1.6148	0.2417	1.5822	1.4824	1.5974	1.4485	0.2628	1.4923	1.5363	1.2377	1.5450	1.2982	1.5467	0.2592	1.5183	1.5022	1.5023	1.5314	0.2774	1.5659	1.5722	1.5462	1.5679	1.5454	1.5347	0.2528	1.6041	0.2507	1.5733	1.4578	0.2639	1.4896	1.1659	1.5944	1.5426	1.5888	0.2675	0.2542	1.5215	0.2454	1.5007	1.4950	0.2666	1.4950	1.4839	1.6358	1.5417	1.6195	1.5275	0.2582	1.5720	0.2514	1.5183	1.5680	0.2634	1.5598	0.2975	1.5954	0.2875	1.5640	1.4911	1.6230	1.4844	0.2884	1.6134	1.5547	1.4905	0.2608
21:09:16	30.2	0.2495	1.6277	1.5146	1.5931	1.5362	1.5455	1.5503	1.5001	1.5696	1.5146	0.2696	0.2771	1.6874	1.5482	1.5189	1.5067	1.5401	0.2632	1.5359	1.4935	1.5145	0.2574	0.2566	1.4269	1.6431	1.3422	1.5284	1.3958	1.6139	0.2414	1.5819	1.4855	1.5990	1.4489	0.2626	1.4946	1.5349	1.2412	1.5449	1.3006	1.5475	0.2592	1.5159	1.5037	1.5020	1.5317	0.2752	1.5649	1.5727	1.5452	1.5666	1.5428	1.5319	0.2527	1.6019	0.2504	1.5721	1.4567	0.2636	1.4930	1.1510	1.5914	1.5413	1.5873	0.2672	0.2541	1.5200	0.2452	1.5032	1.4968	0.2665	1.4940	1.4844	1.6336	1.5411	1.6190	1.5314	0.2580	1.5672	0.2512	1.5149	1.5679	0.2631	1.5587	0.2974	1.5943	0.2873	1.5646	1.4850	1.6211	1.4886	0.2881	1.6118	1.5512	1.4881	0.2606
21:19:16	30.2	0.2498	1.6256	1.5151	1.5916	1.5358	1.5444	1.5525	1.4978	1.5698	1.5155	0.2696	0.2770	1.6890	1.5497	1.5146	1.5086	1.5413	0.2632	1.5398	1.4964	1.5152	0.2574	0.2567	1.4315	1.6396	1.3256	1.5273	1.3868	1.6146	0.2415	1.5817	1.4870	1.6029	1.4527	0.2626	1.4955	1.5330	1.2463	1.5457	1.3045	1.5484	0.2591	1.5170	1.5026	1.5022	1.5330	0.2767	1.5647	1.5737	1.5446	1.5637	1.5410	1.5334	0.2527	1.5989	0.2503	1.5739	1.4583	0.2638	1.4888	1.1418	1.5901	1.5405	1.5855	0.2672	0.2543	1.5216	0.2452	1.5047	1.4962	0.2666	1.4918	1.4846	1.6309	1.5429	1.6216	1.5327	0.2582	1.5648	0.2514	1.5219	1.5684	0.2634	1.5588	0.2974	1.5962	0.2874	1.5646	1.4793	1.6199	1.4919	0.2882	1.6118	1.5523	1.4881	0.2607
21:29:16	30.2	0.2498	1.6226	1.5191	1.5916	1.5367	1.5438	1.5506	1.4985	1.5692	1.5122	0.2697	0.2771	1.6866	1.5509	1.5120	1.5090	1.5431	0.2625	1.5386	1.4982	1.5159	0.2575	0.2568	1.4307	1.6369	1.3120	1.5291	1.3767	1.6146	0.2417	1.5812	1.4860	1.5992	1.4544	0.2627	1.4926	1.5325	1.2464	1.5439	1.3063	1.5492	0.2591	1.5159	1.4983	1.4994	1.5320	0.2759	1.5642	1.5748	1.5417	1.5634	1.5415	1.5332	0.2528	1.5960	0.2502	1.5733	1.4573	0.2637	1.4907	1.1319	1.5884	1.5412	1.5840	0.2672	0.2542	1.5213	0.2453	1.5075	1.4943	0.2666	1.4884	1.4827	1.6313	1.5450	1.6215	1.5351	0.2582	1.5605	0.2515	1.5161	1.5677	0.2633	1.5609	0.2975	1.5933	0.2873	1.5668	1.4721	1.6201	1.4955	0.2882	1.6096	1.5505	1.4907	0.2608
21:39:16	30.2	0.2497	1.6196	1.5185	1.5872	1.5380	1.5467	1.5525	1.5002	1.5678	1.5126	0.2696	0.2771	1.6902	1.5514	1.5096	1.5095	1.5437	0.2635	1.5396	1.4995	1.5163	0.2575	0.2567	1.4412	1.6351	1.2961	1.5272	1.3667	1.6144	0.2414	1.5792	1.4918	1.5968	1.4557	0.2627	1.4988	1.5322	1.2521	1.5429	1.3098	1.5473	0.2590	1.5183	1.4986	1.5025	1.5305	0.2759	1.5644	1.5746	1.5410	1.5618	1.5406	1.5316	0.2527	1.5957	0.2505	1.5736	1.4577	0.2637	1.4939	1.1224	1.5868	1.5389	1.5824	0.2672	0.2542	1.5210	0.2454	1.5090	1.4951	0.2664	1.4943	1.4809	1.6258	1.5433	1.6201	1.5369	0.2581	1.5558	0.2513	1.5232	1.5680	0.2632	1.5617	0.2975	1.5943	0.2872	1.5655	1.4652	1.6187	1.4989	0.2883	1.6090	1.5553	1.4907	0.2607
21:49:16	30.2	0.2499	1.6193	1.5229	1.5852	1.5363	1.5476	1.5520	1.4966	1.5666	1.5077	0.2696	0.2771	1.6904	1.5521	1.5059	1.5093	1.5440	0.2634	1.5398	1.4996	1.5169	0.2576	0.2568	1.4374	1.6320	1.2831	1.5281	1.3565	1.6149	0.2416	1.5792	1.4906	1.5971	1.4557	0.2627	1.4990	1.5312	1.2559	1.5449	1.3142	1.5476	0.2592	1.5188	1.4979	1.5008	1.5296	0.2768	1.5640	1.5752	1.5404	1.5591	1.5403	1.5326	0.2528	1.5943	0.2504	1.5739	1.4593	0.2638	1.4947	1.1123	1.5854	1.5383	1.5810	0.2674	0.2543	1.5211	0.2454	1.5115	1.4929	0.2666	1.4947	1.4817	1.6295	1.5437	1.6188	1.5386	0.2582	1.5506	0.2514	1.5257	1.5679	0.2633	1.5648	0.2974	1.5919	0.2874	1.5665	1.4587	1.6174	1.5037	0.2883	1.6075	1.5542	1.4918	0.2608
21:59:16	30.2	0.2497	1.6171	1.5263	1.5850	1.5381	1.5465	1.5494	1.4958	1.5669	1.5071	0.2697	0.2772	1.6908	1.5531	1.5014	1.5080	1.5449	0.2635	1.5383	1.5004	1.5159	0.2575	0.2568	1.4402	1.6267	1.2701	1.5268	1.3480	1.6139	0.2416	1.5794	1.4925	1.6066	1.4566	0.2627	1.4994	1.5300	1.2573	1.5435	1.3157	1.5474	0.2592	1.5175	1.4971	1.4987	1.5279	0.2753	1.5635	1.5751	1.5371	1.5576	1.5387	1.5298	0.2528	1.5945	0.2504	1.5752	1.4586	0.2636	1.4948	1.1035	1.5825	1.5371	1.5789	0.2672	0.2542	1.5248	0.2453	1.5132	1.4896	0.2667	1.4893	1.4821	1.6276	1.5441	1.6207	1.5381	0.2582	1.5455	0.2514	1.5208	1.5683	0.2634	1.5662	0.2974	1.5914	0.2871	1.5666	1.4520	1.6165	1.5079	0.2883	1.6068	1.5538	1.4908	0.2608
22:09:16	30.2	0.2500	1.6151	1.5262	1.5812	1.5391	1.5467	1.5505	1.4971	1.5661	1.5132	0.2696	0.2771	1.6906	1.5543	1.4985	1.5091	1.5456	0.2633	1.5398	1.5006	1.5186	0.2575	0.2568	1.4426	1.6246	1.2515	1.5264	1.3373	1.6126	0.2415	1.5779	1.4940	1.6052	1.4555	0.2627	1.5000	1.5272	1.2618	1.5417	1.3179	1.5455	0.2591	1.5148	1.4964	1.4999	1.5269	0.2765	1.5635	1.5746	1.5376	1.5566	1.5377	1.5298	0.2526	1.5936	0.2504	1.5733	1.4577	0.2637	1.4960	1.0971	1.5808	1.5368	1.5772	0.2671	0.2542	1.5216	0.2454	1.5165	1.4898	0.2665	1.4935	1.4835	1.6284	1.5451	1.6194	1.5397	0.2581	1.5379	0.2514	1.5260	1.5675	0.2632	1.5687	0.2974	1.5941	0.2874	1.5682	1.4471	1.6153	1.5116	0.2882	1.6059	1.5539	1.4927	0.2607
22:19:16	30.2	0.2498	1.6115	1.5307	1.5795	1.5386	1.5458	1.5466	1.4943	1.5640	1.5126	0.2695	0.2771	1.6896	1.5542	1.4949	1.5106	1.5450	0.2633	1.5369	1.4981	1.5181	0.2575	0.2569	1.4460	1.6248	1.2367	1.5250	1.3217	1.6117	0.2415	1.5777	1.4922	1.6063	1.4581	0.2627	1.4986	1.5270	1.2631	1.5409	1.3205	1.5473	0.2592	1.5164	1.4964	1.4989	1.5250	0.2767	1.5626	1.5758	1.5335	1.5543	1.5366	1.5291	0.2526	1.5930	0.2504	1.5718	1.4627	0.2638	1.4982	1.0906	1.5798	1.5367	1.5757	0.2672	0.2543	1.5223	0.2452	1.5189	1.4914	0.2667	1.4935	1.4813	1.6258	1.5439	1.6194	1.5414	0.2580	1.5314	0.2515	1.5280	1.5672	0.2633	1.5690	0.2974	1.5922	0.2874	1.5658	1.4402	1.6145	1.5172	0.2884	1.6047	1.5547	1.4966	0.2609
22:29:16	30.2	0.2498	1.6105	1.5269	1.5779	1.5392	1.5453	1.5476	1.4957	1.5643	1.5139	0.2696	0.2771	1.6874	1.5544	1.4896	1.5141	1.5468	0.2635	1.5371	1.5000	1.5171	0.2575	0.2568	1.4406	1.6198	1.2250	1.5265	1.3153	1.6112	0.2416	1.5777	1.4923	1.6018	1.4567	0.2628	1.5010	1.5240	1.2688	1.5406	1.3231	1.5476	0.2591	1.5143	1.4972	1.4985	1.5234	0.2752	1.5627	1.5751	1.5324	1.5527	1.5321	1.5296	0.2528	1.5934	0.2505	1.5707	1.4652	0.2639	1.4961	1.0845	1.5776	1.5330	1.5732	0.2673	0.2544	1.5237	0.2454	1.5205	1.4908	0.2667	1.4905	1.4820	1.6263	1.5421	1.6197	1.5424	0.2582	1.5244	0.2514	1.5282	1.5671	0.2631	1.5695	0.2974	1.5954	0.2874	1.5612	1.4336	1.6149	1.5212	0.2882	1.6050	1.5555	1.4998	0.2608
22:39:16	30.2	0.2499	1.6091	1.5283	1.5763	1.5389	1.5457	1.5463	1.4962	1.5632	1.5133	0.2697	0.2772	1.6872	1.5546	1.4869	1.5165	1.5481	0.2635	1.5355	1.4991	1.5201	0.2576	0.2569	1.4443	1.6160	1.2115	1.5268	1.3064	1.6105	0.2416	1.5758	1.4959	1.6001	1.4567	0.2628	1.5034	1.5212	1.2751	1.5385	1.3242	1.5468	0.2593	1.5138	1.4972	1.4967	1.5209	0.2766	1.5627	1.5753	1.5318	1.5514	1.5305	1.5291	0.2528	1.5920	0.2504	1.5699	1.4654	0.2639	1.4984	1.0783	1.5757	1.5324	1.5717	0.2673	0.2541	1.5255	0.2454	1.5227	1.4916	0.2666	1.4920	1.4826	1.6256	1.5446	1.6181	1.5451	0.2581	1.5173	0.2515	1.5300	1.5657	0.2632	1.5710	0.2975	1.5928	0.2873	1.5611	1.4289	1.6135	1.5265	0.2883	1.6039	1.5563	1.5005	0.2608
22:49:16	30.2	0.2498	1.6071	1.5289	1.5754	1.5407	1.5452	1.5452	1.4957	1.5617	1.5106	0.2697	0.2772	1.6823	1.5553	1.4816	1.5163	1.5471	0.2635	1.5346	1.4966	1.5182	0.2576	0.2568	1.4469	1.6166	1.1999	1.5262	1.2945	1.6099	0.2416	1.5754	1.4939	1.5931	1.4538	0.2629	1.4999	1.5200	1.2747	1.5382	1.3257	1.5478	0.2591	1.5150	1.4976	1.4955	1.5200	0.2766	1.5626	1.5757	1.5302	1.5497	1.5286	1.5293	0.2527	1.5891	0.2505	1.5678	1.4670	0.2637	1.4988	1.0722	1.5737	1.5323	1.5705	0.2675	0.2543	1.5229	0.2454	1.5252	1.4891	0.2668	1.4900	1.4820	1.6238	1.5436	1.6189	1.5459	0.2581	1.5093	0.2513	1.5334	1.5664	0.2633	1.5726	0.2977	1.5915	0.2874	1.5593	1.4234	1.6121	1.5315	0.2882	1.6027	1.5602	1.4978	0.2607
22:59:16	30.2	0.2497	1.6053	1.5297	1.5749	1.5416	1.5438	1.5443	1.4923	1.5612	1.5081	0.2697	0.2771	1.6812	1.5554	1.4769	1.5180	1.5486	0.2636	1.5354	1.4964	1.5179	0.2574	0.2567	1.4434	1.6124	1.1851	1.5262	1.2845	1.6091	0.2414	1.5746	1.4909	1.5936	1.4514	0.2627	1.5011	1.5164	1.2798	1.5374	1.3288	1.5473	0.2591	1.5137	1.4940	1.4946	1.5179	0.2756	1.5617	1.5738	1.5284	1.5471	1.5280	1.5285	0.2528	1.5904	0.2503	1.5662	1.4673	0.2638	1.4959	1.0672	1.5725	1.5286	1.5684	0.2672	0.2543	1.5259	0.2453	1.5278	1.4899	0.2664	1.4899	1.4818	1.6238	1.5460	1.6182	1.5477	0.2580	1.5008	0.2513	1.5340	1.5655	0.2632	1.5728	0.2973	1.5876	0.2872	1.5607	1.4169	1.6112	1.5359	0.2881	1.6021	1.5628	1.5001	0.2607
23:09:16	30.2	0.2498	1.6030	1.5316	1.5742	1.5422	1.5436	1.5437	1.4913	1.5595	1.5092	0.2696	0.2772	1.6780	1.5558	1.4727	1.5211	1.5486	0.2633	1.5346	1.4966	1.5195	0.2575	0.2569	1.4457	1.6154	1.1702	1.5264	1.2730	1.6080	0.2416	1.5735	1.4916	1.5893	1.4526	0.2628	1.4978	1.5149	1.2774	1.5363	1.3304	1.5486	0.2592	1.5132	1.4948	1.4946	1.5157	0.2753	1.5614	1.5743	1.5260	1.5461	1.5259	1.5266	0.2527	1.5887	0.2505	1.5642	1.4678	0.2638	1.4971	1.0632	1.5710	1.5294	1.5665	0.2673	0.2543	1.5211	0.2454	1.5311	1.4859	0.2666	1.4861	1.4805	1.6219	1.5446	1.6160	1.5467	0.2582	1.4926	0.2514	1.5292	1.5641	0.2634	1.5739	0.2974	1.5881	0.2872	1.5596	1.4112	1.6106	1.5412	0.2884	1.6008	1.5621	1.4985	0.2609
23:19:16	30.2	0.2497	1.6036	1.5291	1.5715	1.5420	1.5411	1.5438	1.4882	1.5590	1.5073	0.2695	0.2771	1.6762	1.5592	1.4667	1.5224	1.5504	0.2633	1.5377	1.4984	1.5198	0.2575	0.2568	1.4384	1.6073	1.1641	1.5283	1.2629	1.6080	0.2416	1.5739	1.4945	1.5863	1.4506	0.2627	1.4984	1.5107	1.2859	1.5369	1.3346	1.5475	0.2591	1.5121	1.5000	1.4922	1.5143	0.2763	1.5612	1.5744	1.5261	1.5443	1.5263	1.5293	0.2527	1.5891	0.2504	1.5624	1.4698	0.2636	1.5009	1.0581	1.5693	1.5266	1.5655	0.2673	0.2542	1.5238	0.2453	1.5316	1.4848	0.2665	1.4858	1.4875	1.6215	1.5425	1.6171	1.5473	0.2580	1.4805	0.2513	1.5357	1.5666	0.2633	1.5740	0.2972	1.5876	0.2872	1.5567	1.4067	1.6099	1.5453	0.2882	1.5998	1.5601	1.4986	0.2608
