

Software Version	3.14.03



Experiment File Path:	C:\Users\Public\Documents\Experiments\Hermina\serial_passage\8July24\day4--8July24.xpt
Protocol File Path:	C:\Users\Public\Documents\Protocols\rough_growth_curve.prt



Plate Number	Plate 1
Date	11/07/2024
Time	12:14:10
Reader Type:	Epoch 2
Reader Serial Number:	23053024
Reading Type	Reader

Procedure Details

Plate Type	96 WELL PLATE (Use plate lid)
Well Selection	Runtime
Eject plate on completion	
Set Temperature	Setpoint 30°C, Gradient 1 °C
	Preheat before moving to next step
Read	OD 600
	Absorbance Endpoint
	Full Plate
	Wavelengths:  600
	Read Speed: Normal,  Delay: 100 msec,  Measurements/Data Point: 8
Start Kinetic	Runtime 24:00:00 (HH:MM:SS), Interval 0:10:00, 145 Reads
    Shake	Double Orbital: Continuous
	Frequency: 205 cpm (5 mm)
    Read	Absorbance Endpoint
	Full Plate
	Wavelengths:  600
	Read Speed: Normal,  Delay: 100 msec,  Measurements/Data Point: 8
End Kinetic	

OD 600:600

0:09:16	30.1	0.2946	0.3139	0.3036	0.3099	0.2903	0.2856	0.2964	0.2869	0.3131	0.2744	0.2753	0.2770	0.2835	0.2906	0.2979	0.2991	0.2816	0.2707	0.2967	0.2766	0.2782	0.2735	0.2719	0.2847	0.3103	0.3017	0.2983	0.2989	0.2887	0.2796	0.2826	0.2800	0.2946	0.2911	0.3941	0.2813	0.2887	0.3012	0.2846	0.2826	0.2817	0.2689	0.2760	0.2854	0.2709	0.3045	0.2684	0.3021	0.2758	0.2824	0.2777	0.2770	0.2837	0.2659	0.2858	0.2598	0.2958	0.2768	0.2572	0.2743	0.2913	0.2705	0.2706	0.2707	0.2495	0.2551	0.2685	0.2495	0.2772	0.2771	0.2486	0.2743	0.2914	0.2855	0.2866	0.2753	0.2919	0.2635	0.2903	0.2630	0.2651	0.3081	0.2511	0.3070	0.2793	0.2989	0.2697	0.2968	0.3404	0.3299	0.3001	0.3051	0.3156	0.3179	0.3014	0.2744
0:19:16	30.2	0.2946	0.3125	0.3026	0.3131	0.2903	0.2868	0.2970	0.2889	0.3199	0.2755	0.2752	0.2769	0.2852	0.2929	0.3008	0.2990	0.2807	0.2706	0.2974	0.2775	0.2780	0.2733	0.2721	0.2844	0.3078	0.3035	0.3003	0.2996	0.2914	0.2819	0.2827	0.2809	0.2930	0.2901	0.3953	0.2806	0.2896	0.3010	0.2832	0.2839	0.2815	0.2688	0.2748	0.2868	0.2722	0.3057	0.2682	0.3050	0.2771	0.2824	0.2780	0.2787	0.2827	0.2660	0.2863	0.2595	0.2982	0.2777	0.2572	0.2720	0.2918	0.2700	0.2699	0.2697	0.2490	0.2547	0.2703	0.2495	0.2781	0.2766	0.2485	0.2734	0.2905	0.2892	0.2865	0.2750	0.2900	0.2629	0.2908	0.2627	0.2644	0.3087	0.2512	0.3091	0.2804	0.2999	0.2703	0.2996	0.3415	0.3292	0.3024	0.3050	0.3168	0.3207	0.3009	0.2728
0:29:16	30.2	0.2946	0.3119	0.3036	0.3141	0.2883	0.2871	0.2976	0.2899	0.3205	0.2756	0.2754	0.2769	0.2867	0.2941	0.3020	0.3003	0.2817	0.2708	0.2980	0.2785	0.2808	0.2736	0.2684	0.2852	0.3087	0.3057	0.3007	0.3019	0.2889	0.2837	0.2844	0.2818	0.2938	0.2914	0.3901	0.2815	0.2930	0.3010	0.2876	0.2816	0.2832	0.2689	0.2783	0.2896	0.2744	0.3083	0.2685	0.3066	0.2772	0.2841	0.2793	0.2812	0.2839	0.2674	0.2865	0.2594	0.2994	0.2800	0.2572	0.2750	0.2931	0.2704	0.2718	0.2707	0.2490	0.2551	0.2734	0.2495	0.2807	0.2787	0.2485	0.2749	0.2906	0.2887	0.2900	0.2761	0.2949	0.2632	0.2937	0.2641	0.2679	0.3104	0.2516	0.3106	0.2824	0.3005	0.2710	0.3009	0.3436	0.3310	0.3005	0.3045	0.3196	0.3217	0.3036	0.2740
0:39:16	30.2	0.2942	0.3117	0.3042	0.3137	0.2902	0.2878	0.2981	0.2882	0.3215	0.2758	0.2754	0.2767	0.2866	0.2989	0.3036	0.3009	0.2828	0.2706	0.3013	0.2800	0.2824	0.2736	0.2734	0.2874	0.3070	0.3090	0.3049	0.3043	0.2915	0.2877	0.2856	0.2836	0.2948	0.2923	0.3892	0.2839	0.2946	0.3008	0.2896	0.2894	0.2851	0.2687	0.2792	0.2924	0.2763	0.3098	0.2683	0.3097	0.2796	0.2853	0.2806	0.2812	0.2853	0.2657	0.2889	0.2603	0.3012	0.2802	0.2570	0.2789	0.2951	0.2714	0.2727	0.2719	0.2489	0.2550	0.2748	0.2494	0.2859	0.2817	0.2485	0.2766	0.2938	0.2846	0.2924	0.2790	0.2974	0.2630	0.2962	0.2643	0.2706	0.3120	0.2515	0.3136	0.2893	0.3032	0.2711	0.3015	0.3456	0.3325	0.3022	0.3047	0.3228	0.3218	0.3071	0.2732
0:49:16	30.2	0.2939	0.3131	0.3073	0.3146	0.2933	0.2897	0.3002	0.2900	0.3239	0.2782	0.2753	0.2769	0.2886	0.2990	0.3066	0.3038	0.2854	0.2709	0.3026	0.2833	0.2848	0.2737	0.2737	0.2904	0.3091	0.3129	0.3068	0.3071	0.2942	0.2921	0.2880	0.2855	0.2936	0.2952	0.3900	0.2870	0.2969	0.3010	0.2926	0.2897	0.2883	0.2689	0.2815	0.2951	0.2777	0.3130	0.2683	0.3121	0.2822	0.2890	0.2832	0.2840	0.2879	0.2715	0.2903	0.2609	0.3033	0.2840	0.2570	0.2813	0.2965	0.2733	0.2757	0.2741	0.2489	0.2549	0.2775	0.2493	0.2911	0.2834	0.2486	0.2804	0.2950	0.2884	0.2951	0.2820	0.3012	0.2638	0.2991	0.2653	0.2754	0.3146	0.2517	0.3184	0.3008	0.3049	0.2712	0.3068	0.3481	0.3338	0.3027	0.3043	0.3271	0.3242	0.3108	0.2722
0:59:16	30.2	0.2937	0.3155	0.3104	0.3173	0.2939	0.2898	0.3001	0.2919	0.3239	0.2808	0.2753	0.2770	0.2907	0.3026	0.3102	0.3049	0.2864	0.2706	0.3049	0.2842	0.2854	0.2734	0.2720	0.2931	0.3078	0.3177	0.3089	0.3112	0.2967	0.2985	0.2919	0.2876	0.2994	0.2971	0.3901	0.2897	0.2974	0.3015	0.2931	0.2964	0.2905	0.2687	0.2825	0.2968	0.2793	0.3162	0.2680	0.3183	0.2846	0.2912	0.2860	0.2849	0.2898	0.2714	0.2943	0.2630	0.3062	0.2876	0.2567	0.2843	0.2991	0.2757	0.2769	0.2764	0.2488	0.2551	0.2789	0.2492	0.2890	0.2870	0.2486	0.2849	0.2982	0.2966	0.2962	0.2868	0.3031	0.2645	0.3022	0.2658	0.2783	0.3102	0.2519	0.3218	0.3114	0.3088	0.2711	0.3084	0.3534	0.3388	0.3139	0.3041	0.3311	0.3258	0.3136	0.2728
1:09:16	30.3	0.2935	0.3145	0.3107	0.3194	0.2947	0.2907	0.3031	0.2920	0.3202	0.2800	0.2754	0.2791	0.2941	0.3029	0.3144	0.3067	0.2891	0.2708	0.3105	0.2868	0.2879	0.2735	0.2736	0.2956	0.3088	0.3242	0.3111	0.3167	0.3010	0.3088	0.2982	0.2892	0.3103	0.3007	0.3894	0.2931	0.2985	0.3019	0.2935	0.3015	0.2924	0.2685	0.2808	0.2987	0.2840	0.3204	0.2682	0.3265	0.2920	0.2928	0.2908	0.2880	0.2916	0.2717	0.2982	0.2646	0.3092	0.2884	0.2566	0.2875	0.3026	0.2798	0.2803	0.2810	0.2489	0.2551	0.2804	0.2492	0.2983	0.2897	0.2487	0.2878	0.2985	0.3058	0.2966	0.2936	0.3053	0.2650	0.3049	0.2670	0.2804	0.3164	0.2520	0.3270	0.3233	0.3097	0.2714	0.3107	0.3581	0.3439	0.3183	0.3045	0.3386	0.3281	0.3185	0.2724
1:19:16	30.3	0.2933	0.3143	0.3118	0.3266	0.2987	0.2926	0.3037	0.2935	0.3280	0.2846	0.2753	0.2801	0.2983	0.3057	0.3195	0.3073	0.2898	0.2707	0.3196	0.2881	0.2912	0.2735	0.2682	0.2980	0.3119	0.3303	0.3118	0.3221	0.3066	0.3191	0.3060	0.2909	0.3227	0.3037	0.3886	0.2959	0.2999	0.3020	0.2946	0.3040	0.2922	0.2687	0.2827	0.3019	0.2838	0.3253	0.2682	0.3372	0.2969	0.2943	0.2974	0.2905	0.2930	0.2730	0.3033	0.2650	0.3133	0.2909	0.2565	0.2895	0.3072	0.2852	0.2815	0.2862	0.2490	0.2550	0.2830	0.2492	0.3801	0.2911	0.2486	0.2898	0.3021	0.3166	0.2981	0.3022	0.3065	0.2659	0.3097	0.2684	0.2828	0.3250	0.2523	0.3330	0.3400	0.3115	0.2714	0.3109	0.3646	0.3519	0.3242	0.3040	0.3451	0.3314	0.3214	0.2716
1:29:16	30.2	0.2931	0.3147	0.3138	0.3336	0.2974	0.2929	0.3042	0.2936	0.3384	0.2851	0.2754	0.2843	0.3029	0.3064	0.3261	0.3088	0.2923	0.2708	0.3305	0.2897	0.2928	0.2734	0.2709	0.3006	0.3138	0.3382	0.3125	0.3290	0.3135	0.3320	0.3163	0.2925	0.3384	0.3065	0.3885	0.2985	0.2991	0.3033	0.2947	0.3187	0.2934	0.2687	0.2864	0.3037	0.2879	0.3315	0.2680	0.3524	0.3059	0.2949	0.3050	0.2886	0.2936	0.2715	0.3106	0.2652	0.3179	0.2943	0.2565	0.2904	0.3115	0.2922	0.2828	0.2934	0.2489	0.2550	0.2849	0.2492	0.3052	0.2934	0.2485	0.2928	0.3021	0.3303	0.3000	0.3108	0.3088	0.2667	0.3145	0.2692	0.2847	0.3345	0.2520	0.3402	0.3681	0.3127	0.2715	0.3123	0.3707	0.3632	0.3298	0.3040	0.3567	0.3318	0.3240	0.2724
1:39:16	30.3	0.2929	0.3154	0.3164	0.3390	0.2995	0.2936	0.3059	0.2955	0.3477	0.2851	0.2753	0.2870	0.3088	0.3043	0.3321	0.3121	0.2922	0.2709	0.3395	0.2893	0.2942	0.2733	0.2705	0.3019	0.3169	0.3479	0.3129	0.3375	0.3230	0.3498	0.3285	0.2939	0.3555	0.3087	0.3888	0.3003	0.3010	0.3040	0.2974	0.3275	0.2980	0.2685	0.2852	0.3034	0.2894	0.3384	0.2680	0.3658	0.3140	0.2948	0.3157	0.2890	0.2954	0.2717	0.3183	0.2679	0.3228	0.2951	0.2564	0.2946	0.3170	0.3022	0.2844	0.3008	0.2490	0.2552	0.2849	0.2491	0.3166	0.2968	0.2485	0.2936	0.3018	0.3478	0.2999	0.3242	0.3086	0.2693	0.3186	0.2713	0.2869	0.3505	0.2522	0.3485	0.4060	0.3129	0.2715	0.3138	0.3805	0.3713	0.3385	0.3040	0.3677	0.3353	0.3273	0.2726
1:49:16	30.3	0.2929	0.3177	0.3147	0.3525	0.3012	0.2954	0.3061	0.2961	0.3534	0.2871	0.2754	0.2896	0.3181	0.3066	0.3397	0.3100	0.2939	0.2710	0.3526	0.2911	0.2955	0.2734	0.2691	0.3023	0.3216	0.3568	0.3137	0.3462	0.3350	0.3763	0.3449	0.2952	0.3860	0.3105	0.3887	0.3025	0.3021	0.3050	0.2979	0.3402	0.2958	0.2686	0.2852	0.3061	0.2897	0.3470	0.2681	0.3937	0.3278	0.2960	0.3305	0.2907	0.2971	0.2761	0.3290	0.2687	0.3284	0.2969	0.2565	0.2959	0.3222	0.3149	0.2854	0.3090	0.2490	0.2551	0.2882	0.2492	0.3277	0.2985	0.2486	0.2960	0.3019	0.3695	0.2999	0.3412	0.3104	0.2699	0.3233	0.2730	0.2882	0.3696	0.2524	0.3565	0.4836	0.3176	0.2716	0.3136	0.3891	0.3835	0.3488	0.3041	0.3864	0.3387	0.3289	0.2716
1:59:16	30.3	0.2929	0.3201	0.3175	0.3699	0.3011	0.2954	0.3059	0.2960	0.3745	0.2877	0.2754	0.2923	0.3302	0.3046	0.3474	0.3132	0.2959	0.2709	0.3686	0.2920	0.2965	0.2735	0.2715	0.3037	0.3276	0.3663	0.3133	0.3550	0.3502	0.4119	0.3657	0.2942	0.4178	0.3140	0.3905	0.3045	0.3015	0.3066	0.2986	0.3511	0.2974	0.2686	0.2858	0.3063	0.2937	0.3556	0.2680	0.4175	0.3306	0.2955	0.3507	0.2930	0.2960	0.2774	0.3422	0.2708	0.3350	0.3010	0.2564	0.3002	0.3275	0.3290	0.2858	0.3206	0.2490	0.2551	0.2904	0.2491	0.3405	0.3031	0.2486	0.2964	0.3034	0.4159	0.3018	0.3634	0.3114	0.2711	0.3286	0.2760	0.2907	0.3921	0.2525	0.3664	0.5562	0.3188	0.2718	0.3174	0.3981	0.4097	0.3603	0.3037	0.4115	0.3422	0.3328	0.2718
2:09:16	30.3	0.2927	0.3228	0.3163	0.3812	0.3030	0.2978	0.3091	0.2970	0.3905	0.2897	0.2755	0.2953	0.3441	0.3091	0.3568	0.3141	0.2955	0.2711	0.3876	0.2954	0.3040	0.2734	0.2736	0.3103	0.3360	0.3794	0.3139	0.3649	0.3717	0.4422	0.3925	0.2961	0.4468	0.3173	0.3891	0.3100	0.3060	0.3078	0.2974	0.3667	0.2977	0.2687	0.2865	0.3100	0.2964	0.3632	0.2681	0.4551	0.3388	0.2961	0.3813	0.2905	0.2989	0.2772	0.3611	0.2738	0.3409	0.3076	0.2565	0.3060	0.3313	0.3460	0.2893	0.3371	0.2489	0.2553	0.2931	0.2492	0.3576	0.3071	0.2487	0.3039	0.3078	0.4718	0.3037	0.3900	0.3171	0.2743	0.3353	0.2787	0.2940	0.4117	0.2524	0.3759	0.6253	0.3201	0.2717	0.3226	0.4122	0.4633	0.3743	0.3045	0.4425	0.3478	0.3416	0.2726
2:19:16	30.3	0.2924	0.3260	0.3221	0.4067	0.3017	0.3005	0.3062	0.3008	0.4230	0.2913	0.2753	0.2982	0.3664	0.3110	0.3658	0.3160	0.3012	0.2709	0.4130	0.2968	0.3070	0.2732	0.2735	0.3127	0.3459	0.3944	0.3150	0.3754	0.3963	0.4684	0.4300	0.2951	0.4741	0.3212	0.3918	0.3113	0.3094	0.3094	0.2989	0.3809	0.3057	0.2684	0.2893	0.3126	0.3067	0.3743	0.2678	0.4785	0.3465	0.2989	0.4209	0.2924	0.3020	0.2792	0.3876	0.2742	0.3487	0.3197	0.2562	0.3150	0.3386	0.3690	0.2932	0.3743	0.2488	0.2551	0.2974	0.2491	0.3760	0.3159	0.2485	0.3096	0.3074	0.5076	0.3061	0.4214	0.3302	0.2767	0.3405	0.2837	0.2962	0.4158	0.2522	0.3879	0.6723	0.3253	0.2715	0.3285	0.4269	0.4838	0.3901	0.3042	0.4673	0.3539	0.3519	0.2718
2:29:16	30.3	0.2922	0.3289	0.3238	0.4380	0.3027	0.2984	0.3084	0.3011	0.4441	0.2940	0.2754	0.3006	0.4290	0.3073	0.3777	0.3186	0.3025	0.2710	0.4377	0.3004	0.3140	0.2731	0.2733	0.3158	0.3586	0.4121	0.3178	0.3895	0.4360	0.4946	0.4727	0.2970	0.4947	0.3290	0.3919	0.3169	0.3169	0.3109	0.3042	0.3925	0.3220	0.2686	0.2903	0.3186	0.3106	0.3869	0.2679	0.4860	0.3542	0.3040	0.4713	0.2916	0.3123	0.2773	0.4254	0.2811	0.3575	0.3336	0.2562	0.3422	0.3457	0.4148	0.3005	0.3930	0.2489	0.2552	0.3038	0.2491	0.3931	0.3275	0.2484	0.3113	0.3178	0.5442	0.3144	0.4517	0.3492	0.2849	0.3500	0.2909	0.3310	0.4575	0.2525	0.4023	0.7048	0.3292	0.2716	0.3536	0.4446	0.5267	0.4034	0.3037	0.4851	0.3667	0.3903	0.2718
2:39:16	30.3	0.2923	0.3323	0.3282	0.4894	0.3034	0.3043	0.3111	0.3012	0.4684	0.2963	0.2754	0.3026	0.4472	0.3114	0.3909	0.3285	0.3041	0.2710	0.5096	0.3030	0.3217	0.2733	0.2707	0.3248	0.3974	0.4312	0.3191	0.4066	0.4663	0.5196	0.5302	0.2967	0.5186	0.3400	0.3912	0.3259	0.3143	0.3122	0.3105	0.4038	0.3446	0.2687	0.2946	0.3323	0.3374	0.4048	0.2680	0.5121	0.3641	0.2979	0.5017	0.2948	0.3265	0.2817	0.4477	0.2843	0.3692	0.3641	0.2563	0.3464	0.3529	0.4944	0.3134	0.4361	0.2489	0.2551	0.3118	0.2490	0.4064	0.3537	0.2486	0.3296	0.3351	0.5759	0.3720	0.4774	0.3863	0.2902	0.3624	0.2992	0.3110	0.5106	0.2526	0.4202	0.7128	0.3427	0.2717	0.3845	0.4589	0.5525	0.4216	0.3045	0.5139	0.3668	0.3952	0.2717
2:49:16	30.2	0.2923	0.3364	0.3347	0.5439	0.3090	0.3071	0.3124	0.3058	0.4998	0.3029	0.2755	0.3051	0.4647	0.3430	0.4073	0.3503	0.3266	0.2712	0.5026	0.3193	0.3552	0.2735	0.2714	0.3248	0.4027	0.4546	0.3288	0.4235	0.4913	0.5356	0.5383	0.3072	0.5447	0.3766	0.3911	0.3518	0.3446	0.3125	0.3406	0.4198	0.3652	0.2687	0.3006	0.3855	0.3612	0.4225	0.2679	0.5281	0.3731	0.3677	0.5392	0.3094	0.4035	0.2859	0.4796	0.2893	0.3809	0.4281	0.2564	0.4145	0.3688	0.5438	0.3486	0.4612	0.2489	0.2551	0.3357	0.2491	0.4218	0.3804	0.2485	0.3489	0.3524	0.5970	0.3589	0.5300	0.4057	0.3015	0.3700	0.3228	0.3966	0.5356	0.2525	0.4345	0.7355	0.3472	0.2717	0.4107	0.4853	0.6029	0.4343	0.3044	0.5303	0.4340	0.4568	0.2720
2:59:16	30.3	0.2924	0.3399	0.3481	0.5775	0.3042	0.3175	0.3141	0.3066	0.5331	0.3043	0.2755	0.3076	0.4790	0.3761	0.4266	0.4124	0.3717	0.2712	0.5146	0.3338	0.4273	0.2733	0.2732	0.3440	0.4357	0.4802	0.3113	0.4447	0.5120	0.5500	0.5515	0.3224	0.5573	0.4801	0.3923	0.4671	0.3795	0.3147	0.3712	0.4395	0.4088	0.2689	0.3169	0.4491	0.3838	0.4448	0.2679	0.5520	0.3827	0.3800	0.5872	0.3166	0.4256	0.2890	0.5129	0.3091	0.3954	0.4073	0.2564	0.4624	0.3782	0.5781	0.3755	0.5069	0.2491	0.2553	0.3704	0.2492	0.4407	0.4025	0.2486	0.3353	0.3548	0.6247	0.3930	0.5626	0.4312	0.3057	0.3777	0.3571	0.4068	0.5752	0.2527	0.4547	0.7534	0.3894	0.2718	0.4118	0.5064	0.6218	0.4493	0.3038	0.5571	0.4834	0.4803	0.2717
3:09:16	30.3	0.2922	0.3466	0.3931	0.6168	0.3148	0.3420	0.3182	0.3053	0.5630	0.3148	0.2755	0.3097	0.5208	0.3827	0.4452	0.4244	0.4245	0.2712	0.5535	0.3834	0.4512	0.2734	0.2736	0.3663	0.4559	0.5090	0.4007	0.4771	0.5247	0.5503	0.5830	0.3890	0.5847	0.4995	0.3910	0.4980	0.3857	0.3172	0.3986	0.4520	0.4355	0.2688	0.3437	0.4626	0.4406	0.4703	0.2679	0.5845	0.3954	0.3863	0.6054	0.3696	0.4407	0.2922	0.5492	0.3502	0.4136	0.4386	0.2564	0.4652	0.4026	0.6210	0.3831	0.5458	0.2490	0.2553	0.3829	0.2492	0.4626	0.4478	0.2486	0.4005	0.3904	0.6583	0.4203	0.5978	0.4472	0.3073	0.3946	0.3767	0.4133	0.6113	0.2527	0.4693	0.7827	0.4146	0.2720	0.4451	0.5278	0.6329	0.4682	0.3042	0.5711	0.4880	0.5069	0.2727
3:19:16	30.3	0.2920	0.3824	0.4060	0.6162	0.3171	0.3956	0.3263	0.3148	0.5590	0.3351	0.2754	0.3122	0.5332	0.4302	0.4672	0.4325	0.3968	0.2712	0.5889	0.4067	0.4838	0.2733	0.2716	0.3814	0.5063	0.5334	0.4154	0.5003	0.5416	0.5678	0.5965	0.3843	0.5933	0.5116	0.3914	0.4999	0.3986	0.3246	0.4103	0.4699	0.4271	0.2688	0.3802	0.4965	0.4455	0.4944	0.2679	0.5806	0.4776	0.4176	0.6362	0.4054	0.4577	0.2972	0.5590	0.4280	0.4298	0.4722	0.2563	0.4503	0.4236	0.6565	0.3964	0.5634	0.2490	0.2552	0.4029	0.2492	0.4852	0.4780	0.2486	0.4384	0.4064	0.6840	0.4351	0.6014	0.4601	0.3412	0.4201	0.4065	0.4596	0.6222	0.2527	0.4936	0.8032	0.4235	0.2717	0.4434	0.5484	0.6357	0.4852	0.3040	0.5794	0.4981	0.5184	0.2724
3:29:16	30.3	0.2920	0.4082	0.4291	0.6157	0.3330	0.4667	0.3436	0.3197	0.5704	0.3197	0.2755	0.3141	0.5603	0.4438	0.4917	0.4527	0.3966	0.2710	0.5628	0.4163	0.5107	0.2732	0.2724	0.3983	0.5294	0.5620	0.4558	0.5302	0.5575	0.5711	0.5976	0.4576	0.6104	0.5064	0.3921	0.5130	0.4288	0.3365	0.4377	0.4921	0.4542	0.2687	0.4322	0.5130	0.4822	0.5169	0.2679	0.5864	0.4217	0.4506	0.6634	0.4274	0.4690	0.3036	0.5562	0.4289	0.4498	0.4904	0.2563	0.4949	0.4552	0.6900	0.4102	0.5601	0.2489	0.2551	0.4226	0.2491	0.5119	0.5143	0.2486	0.4475	0.4365	0.7136	0.4539	0.6153	0.4749	0.4046	0.4533	0.4228	0.4745	0.6487	0.2527	0.5176	0.8143	0.4430	0.2718	0.4605	0.5731	0.6582	0.5119	0.3036	0.5870	0.5169	0.5502	0.2716
3:39:16	30.3	0.2920	0.4437	0.4095	0.6250	0.4091	0.4595	0.4183	0.3373	0.6025	0.4167	0.2754	0.3163	0.5947	0.4461	0.5154	0.4741	0.4621	0.2711	0.5850	0.4815	0.5119	0.2731	0.2739	0.5178	0.5374	0.5890	0.4440	0.5589	0.5726	0.5722	0.6181	0.4858	0.6391	0.5309	0.3924	0.5001	0.4343	0.3403	0.4308	0.5099	0.4922	0.2687	0.4361	0.5042	0.5125	0.5435	0.2678	0.6188	0.4438	0.4373	0.7069	0.4378	0.4823	0.3159	0.5965	0.5117	0.4716	0.5186	0.2563	0.5080	0.4882	0.7299	0.4370	0.5947	0.2490	0.2554	0.4443	0.2490	0.5322	0.5458	0.2487	0.4945	0.4384	0.7622	0.4742	0.6455	0.4983	0.4810	0.4739	0.4534	0.4750	0.7011	0.2526	0.5354	0.8424	0.4541	0.2718	0.4822	0.5968	0.6738	0.5476	0.3041	0.6092	0.5539	0.5682	0.2720
3:49:16	30.3	0.2920	0.5135	0.4628	0.6581	0.4742	0.4849	0.3982	0.4214	0.6081	0.4923	0.2756	0.3182	0.6232	0.4809	0.5352	0.4898	0.5096	0.2712	0.5874	0.5081	0.5132	0.2734	0.2744	0.5135	0.5616	0.6202	0.4390	0.5914	0.5730	0.6018	0.6115	0.4959	0.6307	0.5467	0.3930	0.4954	0.4403	0.3513	0.4677	0.5330	0.5127	0.2688	0.4716	0.5143	0.5398	0.5668	0.2679	0.6284	0.4608	0.5033	0.7426	0.4472	0.5059	0.3422	0.5919	0.5391	0.4912	0.5447	0.2563	0.5190	0.5060	0.7676	0.4532	0.6148	0.2491	0.2557	0.4376	0.2491	0.5656	0.5617	0.2488	0.5146	0.4791	0.7925	0.5018	0.6621	0.5109	0.5170	0.5194	0.4874	0.5066	0.7164	0.2528	0.5606	0.8671	0.4758	0.2718	0.4990	0.6222	0.6960	0.5820	0.3041	0.6265	0.5638	0.5705	0.2725
3:59:16	30.3	0.2920	0.5152	0.4990	0.6609	0.4892	0.5011	0.4631	0.4681	0.5857	0.4782	0.2754	0.3190	0.6470	0.4553	0.5611	0.5074	0.4962	0.2712	0.6414	0.5087	0.5273	0.2731	0.2744	0.5258	0.6175	0.6674	0.4545	0.6408	0.5885	0.6019	0.6442	0.5279	0.6436	0.5565	0.3911	0.5529	0.4889	0.4043	0.4941	0.5593	0.5281	0.2687	0.4829	0.5472	0.5402	0.5870	0.2679	0.6201	0.4797	0.5084	0.7853	0.4563	0.5274	0.3553	0.5968	0.5810	0.5189	0.5602	0.2562	0.5773	0.5686	0.8276	0.4835	0.6193	0.2491	0.2552	0.4442	0.2492	0.5976	0.5841	0.2486	0.5197	0.4783	0.8190	0.5008	0.6798	0.5330	0.5515	0.5428	0.4969	0.5259	0.7457	0.2527	0.5863	0.8858	0.4800	0.2719	0.5068	0.6475	0.7014	0.6213	0.3042	0.6339	0.5655	0.6010	0.2717
4:09:16	30.3	0.2920	0.5629	0.4783	0.6636	0.4584	0.5087	0.4896	0.4313	0.6307	0.5180	0.2754	0.3201	0.6681	0.4960	0.5880	0.5213	0.5491	0.2713	0.6134	0.5411	0.5415	0.2731	0.2744	0.5401	0.6376	0.7048	0.4739	0.6676	0.6115	0.6257	0.6232	0.5380	0.6580	0.5778	0.3912	0.5877	0.5012	0.4226	0.5094	0.5913	0.5505	0.2689	0.5089	0.5480	0.5796	0.6116	0.2679	0.6180	0.5095	0.5530	0.8253	0.5052	0.5369	0.4280	0.6243	0.6309	0.5394	0.5818	0.2562	0.5634	0.6138	0.8788	0.4945	0.6420	0.2490	0.2554	0.4843	0.2491	0.6436	0.6133	0.2486	0.5393	0.5072	0.8491	0.5297	0.7018	0.5530	0.5797	0.5900	0.5329	0.5595	0.7513	0.2528	0.6206	0.9095	0.4962	0.2719	0.5238	0.6743	0.7091	0.6691	0.3036	0.6421	0.6023	0.6315	0.2717
4:19:16	30.3	0.2921	0.5857	0.5208	0.6758	0.5129	0.5355	0.5404	0.4839	0.6328	0.5320	0.2755	0.3222	0.7111	0.5025	0.6092	0.5398	0.5702	0.2712	0.6565	0.5625	0.5891	0.2728	0.2742	0.5875	0.6872	0.7536	0.5094	0.7194	0.6180	0.6173	0.6625	0.5740	0.6773	0.6124	0.3908	0.5714	0.5133	0.4697	0.5256	0.6257	0.5608	0.2688	0.5119	0.5839	0.5825	0.6439	0.2680	0.6373	0.5348	0.5788	0.8695	0.5000	0.5654	0.4678	0.6283	0.6672	0.5649	0.6079	0.2562	0.6014	0.6578	0.9376	0.5063	0.6604	0.2490	0.2553	0.4974	0.2492	0.6850	0.6091	0.2487	0.5506	0.5176	0.8841	0.5482	0.6963	0.5797	0.6161	0.6316	0.5738	0.5563	0.7981	0.2529	0.6394	0.9206	0.4987	0.2719	0.5423	0.7055	0.7189	0.7139	0.3044	0.6559	0.6011	0.6362	0.2725
4:29:16	30.3	0.2919	0.5566	0.5311	0.6896	0.5100	0.5723	0.6160	0.5525	0.6315	0.5797	0.2755	0.3238	0.7637	0.5298	0.6318	0.5451	0.6053	0.2712	0.6690	0.6035	0.6108	0.2731	0.2743	0.5741	0.7256	0.7956	0.5416	0.7554	0.6270	0.6389	0.6698	0.5616	0.6855	0.6393	0.3919	0.5982	0.5403	0.5141	0.5481	0.6615	0.5797	0.2688	0.5496	0.5985	0.6088	0.6641	0.2680	0.6679	0.5826	0.6214	0.9138	0.5245	0.5870	0.4961	0.6280	0.6730	0.5841	0.6246	0.2563	0.6230	0.7039	0.9850	0.5236	0.6707	0.2489	0.2553	0.5109	0.2492	0.7313	0.6520	0.2486	0.5730	0.5341	0.9211	0.5828	0.7041	0.6169	0.6452	0.6712	0.5902	0.5917	0.8399	0.2529	0.6642	0.9440	0.5206	0.2719	0.5724	0.7392	0.7153	0.7607	0.3039	0.6644	0.6221	0.6401	0.2718
4:39:16	30.3	0.2919	0.6360	0.5467	0.7221	0.5333	0.5843	0.5911	0.5462	0.6634	0.6067	0.2756	0.3256	0.8049	0.5637	0.6655	0.5826	0.6417	0.2712	0.6596	0.6290	0.6146	0.2732	0.2742	0.5997	0.7434	0.8310	0.5585	0.7845	0.6415	0.6431	0.6713	0.5756	0.6929	0.6471	0.3917	0.6229	0.5611	0.4852	0.5643	0.7013	0.5998	0.2687	0.5597	0.6133	0.6342	0.6859	0.2678	0.6609	0.6383	0.6644	0.9649	0.5598	0.6112	0.4834	0.6607	0.6854	0.6122	0.6555	0.2562	0.6411	0.7251	1.0355	0.5555	0.7040	0.2489	0.2551	0.5367	0.2491	0.7720	0.6914	0.2486	0.6099	0.5617	0.9634	0.6176	0.7320	0.6345	0.6849	0.6898	0.6194	0.6127	0.8747	0.2529	0.6924	0.9609	0.5296	0.2718	0.5827	0.7719	0.7274	0.8133	0.3039	0.6760	0.6374	0.6799	0.2717
4:49:16	30.3	0.2920	0.5840	0.5574	0.7217	0.5631	0.6129	0.6377	0.5784	0.6473	0.6264	0.2755	0.3272	0.8596	0.5745	0.6862	0.5961	0.6644	0.2713	0.6823	0.6304	0.6471	0.2729	0.2743	0.6108	0.7941	0.8703	0.6132	0.8136	0.6468	0.6509	0.6919	0.5907	0.7076	0.6698	0.3920	0.6323	0.5970	0.5584	0.6161	0.7405	0.6259	0.2687	0.5810	0.6284	0.6513	0.7019	0.2680	0.6832	0.7046	0.7109	0.9990	0.5613	0.6351	0.4909	0.6349	0.7255	0.6408	0.6516	0.2563	0.6555	0.7701	1.0777	0.5717	0.7023	0.2490	0.2554	0.5550	0.2492	0.8259	0.7177	0.2488	0.6124	0.6080	1.0051	0.6429	0.7414	0.6379	0.7163	0.7459	0.6029	0.6256	0.9217	0.2532	0.7220	0.9752	0.5583	0.2720	0.6035	0.8025	0.7427	0.8501	0.3041	0.6934	0.6410	0.6738	0.2717
4:59:16	30.2	0.2920	0.6377	0.6238	0.7512	0.6110	0.6364	0.6075	0.6210	0.6708	0.6753	0.2756	0.3276	0.9140	0.6170	0.7142	0.6411	0.7047	0.2714	0.6972	0.6680	0.6801	0.2731	0.2742	0.5948	0.8220	0.9057	0.6290	0.8520	0.6651	0.6788	0.7059	0.6259	0.7434	0.6959	0.3931	0.6812	0.6436	0.5869	0.6446	0.7840	0.6613	0.2687	0.6358	0.6580	0.6963	0.7360	0.2681	0.7114	0.7652	0.7493	1.0345	0.5999	0.6770	0.5441	0.6549	0.7098	0.6705	0.6757	0.2563	0.6673	0.8155	1.1047	0.6115	0.7374	0.2492	0.2553	0.5720	0.2493	0.8634	0.7508	0.2488	0.6477	0.6366	1.0475	0.6871	0.7705	0.6959	0.7551	0.7872	0.6480	0.6758	0.9629	0.2532	0.7598	0.9905	0.5902	0.2721	0.6304	0.8239	0.7758	0.8880	0.3040	0.7187	0.6667	0.6945	0.2725
5:09:16	30.3	0.2919	0.6737	0.6495	0.7650	0.6235	0.6784	0.6211	0.6431	0.6824	0.6776	0.2756	0.3288	0.9516	0.6374	0.7444	0.6651	0.7475	0.2714	0.7173	0.6806	0.6786	0.2732	0.2743	0.6062	0.8599	0.9389	0.6425	0.8785	0.6844	0.6849	0.7283	0.6299	0.7469	0.6987	0.3929	0.6852	0.6740	0.6280	0.6849	0.8164	0.7017	0.2689	0.6407	0.6710	0.7099	0.7576	0.2680	0.7115	0.8431	0.7941	1.0697	0.6199	0.7245	0.5715	0.6633	0.7320	0.7244	0.6721	0.2564	0.6794	0.8459	1.1384	0.6315	0.7714	0.2492	0.2553	0.5896	0.2492	0.8934	0.7888	0.2488	0.6527	0.6639	1.0810	0.7197	0.7931	0.7167	0.7918	0.8211	0.6658	0.7006	1.0050	0.2531	0.7901	1.0132	0.6098	0.2720	0.6460	0.8553	0.8019	0.9293	0.3037	0.7374	0.6782	0.7081	0.2718
5:19:16	30.2	0.2919	0.6910	0.6638	0.7777	0.6548	0.6509	0.6485	0.6834	0.6955	0.6925	0.2756	0.3299	0.9849	0.6645	0.7773	0.6870	0.7742	0.2714	0.7234	0.6959	0.6837	0.2732	0.2743	0.6818	0.8889	0.9712	0.6764	0.9119	0.7048	0.7107	0.7526	0.6421	0.7484	0.7079	0.3941	0.7015	0.7002	0.6415	0.7038	0.8516	0.7287	0.2688	0.6442	0.6929	0.7145	0.7829	0.2680	0.7177	0.8971	0.8574	1.1089	0.6401	0.7585	0.6190	0.6870	0.7503	0.7909	0.7057	0.2562	0.6879	0.8804	1.1767	0.6611	0.8148	0.2490	0.2553	0.6227	0.2492	0.9482	0.8087	0.2488	0.6691	0.6797	1.1121	0.7499	0.8316	0.7442	0.8258	0.8597	0.6817	0.7320	1.0425	0.2531	0.8302	1.0368	0.6294	0.2720	0.6507	0.8829	0.8299	0.9554	0.3043	0.7721	0.7107	0.7127	0.2721
5:29:16	30.2	0.2921	0.7118	0.7146	0.7834	0.6427	0.6576	0.6575	0.6574	0.7013	0.6924	0.2757	0.3297	1.0156	0.7025	0.8034	0.7174	0.8083	0.2716	0.7449	0.7180	0.6999	0.2732	0.2744	0.6477	0.9235	0.9996	0.7050	0.9332	0.7219	0.7553	0.7708	0.6461	0.7558	0.7080	0.3938	0.7046	0.7467	0.6500	0.7279	0.8941	0.7513	0.2689	0.6423	0.7005	0.7417	0.8127	0.2680	0.7205	0.9216	0.8822	1.1352	0.6698	0.7772	0.5868	0.6854	0.7736	0.8495	0.7280	0.2562	0.6982	0.9148	1.1949	0.6942	0.8328	0.2491	0.2552	0.6353	0.2491	0.9757	0.8153	0.2487	0.6793	0.7140	1.1387	0.7887	0.8818	0.7682	0.8811	0.8943	0.6306	0.7629	1.0777	0.2530	0.8648	1.0632	0.6514	0.2721	0.6955	0.9148	0.8682	1.0761	0.3041	0.8049	0.7423	0.7188	0.2729
5:39:16	30.2	0.2919	0.7133	0.7313	0.8008	0.6671	0.6661	0.6757	0.6520	0.7052	0.6945	0.2756	0.3306	1.0522	0.7301	0.8275	0.7264	0.8394	0.2716	0.7567	0.7177	0.7005	0.2732	0.2743	0.6503	0.9435	1.0297	0.7117	0.9812	0.7461	0.7745	0.8077	0.6560	0.7747	0.7257	0.3932	0.7376	0.7848	0.7064	0.7598	0.9378	0.7794	0.2688	0.6773	0.7111	0.7586	0.8444	0.2680	0.7345	0.9244	0.9211	1.1462	0.6913	0.8009	0.6018	0.6817	0.7905	0.9047	0.7228	0.2562	0.7046	0.9579	1.2147	0.6905	0.8621	0.2489	0.2552	0.6588	0.2493	0.9852	0.8550	0.2486	0.6812	0.7366	1.1672	0.8026	0.9047	0.7937	0.8982	0.9327	0.7082	0.7857	1.1099	0.2532	0.8921	1.0671	0.6596	0.2719	0.7062	0.9384	0.9056	1.0972	0.3037	0.8384	0.7247	0.7546	0.2726
5:49:16	30.2	0.2919	0.7815	0.7571	0.8260	0.7171	0.7502	0.6977	0.7144	0.7279	0.7343	0.2756	0.3311	1.0842	0.7561	0.8599	0.7692	0.8637	0.2715	0.7969	0.7250	0.7355	0.2730	0.2743	0.7247	0.9871	1.0541	0.7624	1.0209	0.7858	0.8278	0.8431	0.6939	0.8116	0.7621	0.3950	0.7285	0.7827	0.7248	0.7911	0.9715	0.7995	0.2689	0.7078	0.7309	0.7809	0.8847	0.2679	0.7613	0.9802	0.9367	1.1687	0.7060	0.8518	0.6432	0.7142	0.8091	0.9474	0.7489	0.2562	0.7367	0.9903	1.2292	0.7316	0.9042	0.2491	0.2553	0.6616	0.2492	1.0220	0.8890	0.2486	0.7121	0.8101	1.1927	0.8313	0.9417	0.8199	0.9265	0.9719	0.7268	0.8215	1.1322	0.2530	0.9196	1.0875	0.6919	0.2721	0.7318	0.9629	0.9443	1.1237	0.3042	0.8883	0.7304	0.7646	0.2725
5:59:16	30.3	0.2917	0.8241	0.7695	0.8340	0.7199	0.7165	0.7076	0.7115	0.7349	0.7391	0.2755	0.3314	1.1084	0.7770	0.8942	0.7963	0.8868	0.2716	0.8146	0.7252	0.7325	0.2732	0.2743	0.7231	1.0076	1.0842	0.7788	1.0510	0.8303	0.8469	0.8774	0.6985	0.8192	0.7706	0.3939	0.7501	0.8171	0.7571	0.8552	0.9894	0.8230	0.2686	0.7176	0.7241	0.7841	0.9090	0.2679	0.7576	1.0036	0.9682	1.1887	0.7270	0.8653	0.6856	0.7271	0.8220	0.9834	0.7611	0.2563	0.7091	1.0213	1.2566	0.7509	0.9665	0.2490	0.2554	0.6773	0.2492	1.0282	0.8934	0.2486	0.7076	0.8019	1.2197	0.8540	0.9785	0.8350	0.9612	0.9963	0.7254	0.8372	1.1672	0.2531	0.9472	1.1037	0.7000	0.2721	0.7236	0.9916	0.9775	1.1320	0.3039	0.9271	0.7368	0.7702	0.2726
6:09:16	30.2	0.2921	0.8295	0.7499	0.8611	0.7102	0.7344	0.7195	0.7152	0.7358	0.7323	0.2756	0.3316	1.1278	0.7941	0.9212	0.8089	0.9101	0.2716	0.8615	0.7352	0.7439	0.2733	0.2740	0.6567	1.0370	1.0988	0.8025	1.0775	0.8637	0.8891	0.9328	0.7396	0.8722	0.7653	0.3941	0.7541	0.8566	0.7666	0.8447	1.0048	0.8292	0.2687	0.7136	0.7306	0.7900	0.9321	0.2680	0.7757	1.0082	1.0072	1.2083	0.7467	0.8801	0.6737	0.7487	0.8259	1.0216	0.7818	0.2561	0.7118	1.0584	1.2726	0.7743	1.0045	0.2491	0.2553	0.6833	0.2491	1.0775	0.9128	0.2487	0.7022	0.8134	1.2275	0.8767	1.0271	0.8607	0.9929	1.0383	0.7278	0.8575	1.1829	0.2530	0.9750	1.1284	0.7292	0.2722	0.7307	1.0183	1.0131	1.1541	0.3035	0.9685	0.7433	0.7810	0.2727
6:19:16	30.2	0.2919	0.8199	0.8127	0.8701	0.7398	0.7286	0.7402	0.7317	0.7563	0.7513	0.2756	0.3318	1.1507	0.8173	0.9406	0.8631	0.9191	0.2715	0.8771	0.7395	0.7463	0.2731	0.2742	0.7234	1.0626	1.1268	0.8261	1.0924	0.8938	0.9242	0.9583	0.7421	0.9023	0.7931	0.3950	0.7625	0.8879	0.7872	0.8613	1.0333	0.8546	0.2686	0.7591	0.7476	0.8194	0.9569	0.2679	0.7847	1.0253	1.0155	1.2276	0.7643	0.9319	0.6656	0.7650	0.8521	1.0577	0.8014	0.2561	0.7290	1.1027	1.2784	0.8086	1.0284	0.2490	0.2552	0.7184	0.2493	1.1093	0.9224	0.2487	0.7312	0.8400	1.2570	0.8959	1.0514	0.8811	1.0328	1.0675	0.7405	0.8881	1.2155	0.2534	1.0018	1.1492	0.7642	0.2722	0.7782	1.0485	1.0547	1.1650	0.3039	1.0114	0.7893	0.7837	0.2728
6:29:16	30.2	0.2918	0.8449	0.8129	0.8902	0.7365	0.7296	0.7223	0.7160	0.7333	0.7407	0.2756	0.3320	1.1733	0.8475	0.9689	0.8576	0.9510	0.2715	0.9040	0.7237	0.7446	0.2730	0.2741	0.6929	1.0775	1.1452	0.8178	1.1375	0.9389	0.9453	0.9942	0.7136	0.9314	0.7803	0.3931	0.7833	0.9132	0.8089	0.8734	1.0660	0.8716	0.2687	0.7357	0.7350	0.7961	0.9819	0.2678	0.8005	1.0474	1.0518	1.2408	0.7753	0.9284	0.6883	0.7634	0.8454	1.0899	0.8074	0.2561	0.7176	1.1373	1.3005	0.8185	1.0556	0.2488	0.2554	0.7095	0.2491	1.1197	0.9500	0.2486	0.7159	0.8678	1.2764	0.9259	1.0883	0.8999	1.0492	1.0991	0.7434	0.9079	1.2200	0.2529	1.0314	1.1587	0.7745	0.2721	0.7908	1.0784	1.0946	1.1880	0.3039	1.0419	0.7805	0.8251	0.2726
6:39:16	30.2	0.2917	0.8611	0.8500	0.9113	0.7383	0.7167	0.7456	0.7223	0.7568	0.7432	0.2757	0.3323	1.1828	0.8560	0.9932	0.8704	0.9621	0.2717	0.9212	0.7331	0.7408	0.2732	0.2742	0.7315	1.0920	1.1672	0.8409	1.1611	0.9612	0.9736	1.0202	0.7646	0.9471	0.7914	0.3921	0.8001	0.9346	0.8218	0.9122	1.0817	0.9053	0.2688	0.7435	0.7654	0.8172	1.0121	0.2679	0.8061	1.0844	1.0544	1.2563	0.7913	0.9660	0.6843	0.7944	0.8704	1.1237	0.8107	0.2562	0.7085	1.1616	1.3144	0.8260	1.0909	0.2491	0.2553	0.7048	0.2493	1.1566	0.9591	0.2487	0.7066	0.8673	1.2872	0.9501	1.1188	0.9127	1.0716	1.1282	0.7590	0.9346	1.2433	0.2531	1.0478	1.1743	0.7928	0.2722	0.8036	1.0994	1.1187	1.1956	0.3038	1.0768	0.7877	0.8092	0.2724
6:49:16	30.2	0.2919	0.8885	0.8407	0.9448	0.7394	0.7899	0.7250	0.7067	0.7507	0.7049	0.2757	0.3317	1.1996	0.8685	1.0203	0.8823	0.9849	0.2716	0.9583	0.7114	0.7624	0.2735	0.2742	0.7528	1.1154	1.1892	0.8500	1.1872	0.9788	0.9812	1.0509	0.7489	0.9678	0.8154	0.3961	0.8323	0.9433	0.8509	0.9050	1.0835	0.8768	0.2690	0.7306	0.7481	0.7798	1.0285	0.2680	0.8194	1.0973	1.0786	1.2636	0.7732	0.9712	0.7064	0.8078	0.8745	1.1445	0.8125	0.2562	0.7521	1.1909	1.3165	0.8493	1.1164	0.2491	0.2555	0.7144	0.2493	1.1703	0.9859	0.2487	0.7192	0.8917	1.3041	0.9526	1.1363	0.9344	1.0746	1.1553	0.7620	0.9402	1.2494	0.2531	1.0813	1.1919	0.7975	0.2721	0.8228	1.1208	1.1466	1.2075	0.3032	1.1064	0.7954	0.8530	0.2723
6:59:16	30.2	0.2920	0.8813	0.8616	0.9552	0.7519	0.7864	0.7519	0.7155	0.7618	0.7440	0.2757	0.3318	1.2187	0.8884	1.0363	0.9003	1.0132	0.2717	0.9837	0.7356	0.7564	0.2734	0.2742	0.7452	1.1327	1.2032	0.8958	1.2066	1.0044	1.0044	1.0795	0.7697	1.0014	0.8299	0.3935	0.7721	0.9790	0.8647	0.9256	1.1057	0.8968	0.2688	0.7425	0.7500	0.8035	1.0599	0.2679	0.8386	1.1122	1.0867	1.2744	0.7951	0.9624	0.7083	0.8230	0.9013	1.1720	0.8217	0.2563	0.7428	1.2179	1.3342	0.8720	1.1335	0.2490	0.2556	0.7145	0.2494	1.1822	0.9737	0.2488	0.7073	0.9094	1.3175	0.9719	1.1655	0.9330	1.0953	1.1685	0.7685	0.9470	1.2629	0.2534	1.0957	1.1998	0.8397	0.2722	0.8477	1.1436	1.1834	1.2157	0.3040	1.1295	0.8142	0.8558	0.2723
7:09:16	30.2	0.2919	0.9291	0.8755	0.9744	0.7707	0.7806	0.7703	0.7465	0.7903	0.7810	0.2757	0.3322	1.2267	0.9216	1.0549	0.9341	1.0273	0.2716	1.0091	0.7579	0.7830	0.2734	0.2744	0.7725	1.1361	1.2193	0.8879	1.2294	1.0177	1.0101	1.1091	0.7901	1.0126	0.8578	0.3950	0.7701	1.0017	0.8801	0.9549	1.1394	0.9107	0.2690	0.7700	0.7521	0.7989	1.0861	0.2679	0.8445	1.1272	1.1184	1.2945	0.8173	0.9921	0.7214	0.8582	0.9021	1.1906	0.8280	0.2562	0.7117	1.2315	1.3482	0.8795	1.1822	0.2490	0.2554	0.7380	0.2493	1.1972	0.9773	0.2488	0.7321	0.9359	1.3366	0.9947	1.1847	0.9555	1.1116	1.1762	0.8022	0.9444	1.2834	0.2533	1.1123	1.2187	0.8348	0.2721	0.8686	1.1635	1.1919	1.2234	0.3041	1.1591	0.8168	0.8626	0.2728
7:19:16	30.3	0.2917	0.9369	0.9033	0.9978	0.7766	0.7775	0.7777	0.7467	0.8041	0.7818	0.2757	0.3326	1.2443	0.9676	1.0677	0.9434	1.0261	0.2715	1.0345	0.7531	0.7983	0.2732	0.2741	0.7187	1.1561	1.2314	0.9159	1.2497	1.0432	1.0333	1.1320	0.8203	1.0398	0.8661	0.3941	0.7193	1.0320	0.8953	0.9759	1.1508	0.9332	0.2688	0.7810	0.7852	0.7915	1.1072	0.2680	0.8561	1.1369	1.1330	1.3056	0.8113	1.0093	0.7349	0.8689	0.9126	1.2095	0.8394	0.2562	0.7290	1.2517	1.3582	0.8951	1.2031	0.2491	0.2555	0.7426	0.2492	1.2015	1.0113	0.2487	0.7264	0.9518	1.3413	1.0209	1.2136	0.9592	1.1272	1.2018	0.8050	0.9719	1.2926	0.2533	1.1311	1.2224	0.8541	0.2721	0.8844	1.1766	1.2199	1.2308	0.3038	1.1866	0.8426	0.8926	0.2730
7:29:16	30.2	0.2917	0.9405	0.9343	1.0192	0.8085	0.8364	0.7922	0.7397	0.8276	0.7819	0.2757	0.3335	1.2534	1.0135	1.0839	0.9601	1.0472	0.2716	1.0614	0.7671	0.7916	0.2733	0.2742	0.7024	1.1660	1.2482	0.9480	1.2644	1.0692	1.0509	1.1534	0.8214	1.0575	0.8848	0.3936	0.7662	1.0484	0.9402	1.0099	1.1574	0.9679	0.2688	0.7821	0.8119	0.8102	1.1243	0.2679	0.8715	1.1462	1.1488	1.3118	0.8309	1.0279	0.7292	0.8995	0.9238	1.2253	0.8342	0.2563	0.7634	1.2720	1.3682	0.9166	1.2206	0.2492	0.2554	0.7759	0.2493	1.2214	1.0281	0.2488	0.7002	0.9755	1.3574	1.0924	1.2363	0.9903	1.1314	1.2277	0.8291	1.0096	1.3028	0.2533	1.1512	1.2322	0.8899	0.2722	0.9144	1.1963	1.2558	1.2408	0.3033	1.2146	0.8629	0.8913	0.2727
7:39:16	30.3	0.2918	0.9884	0.9626	1.0227	0.8279	0.8163	0.7785	0.7775	0.8599	0.7976	0.2757	0.3340	1.2638	1.0064	1.1072	0.9790	1.0788	0.2715	1.0720	0.7703	0.8007	0.2730	0.2741	0.7360	1.1891	1.2602	0.9792	1.2793	1.0946	1.0682	1.1749	0.8445	1.0750	0.9437	0.3940	0.7484	1.0656	0.9712	1.0277	1.1920	0.9796	0.2687	0.7794	0.8324	0.8285	1.1440	0.2679	0.8717	1.1589	1.1604	1.3299	0.8566	1.0461	0.7468	0.9322	0.9715	1.2429	0.8446	0.2561	0.7695	1.2836	1.3795	0.9308	1.2506	0.2489	0.2553	0.7956	0.2492	1.2383	1.0369	0.2486	0.7361	1.0022	1.3759	1.0598	1.2582	0.9999	1.1435	1.2359	0.8404	1.0387	1.3254	0.2534	1.1680	1.2542	0.9144	0.2721	0.9362	1.2120	1.2686	1.2453	0.3045	1.2329	0.8675	0.9243	0.2720
7:49:16	30.3	0.2918	1.0092	0.9759	1.0628	0.8265	0.8359	0.7911	0.7701	0.8747	0.7984	0.2756	0.3345	1.2816	1.0194	1.1178	0.9947	1.1081	0.2717	1.1094	0.7754	0.8089	0.2730	0.2740	0.7572	1.1887	1.2773	0.9804	1.2941	1.1081	1.0735	1.1953	0.8451	1.0970	0.9552	0.3931	0.7714	1.0905	0.9534	1.0457	1.1944	1.0038	0.2688	0.7748	0.8317	0.8298	1.1582	0.2680	0.8989	1.1638	1.1794	1.3309	0.8829	1.0636	0.7535	0.9522	1.0089	1.2543	0.8666	0.2562	0.7690	1.2986	1.3795	0.9548	1.2667	0.2491	0.2554	0.8003	0.2492	1.2401	1.0612	0.2487	0.7502	1.0218	1.3789	1.0958	1.2803	1.0190	1.1776	1.2545	0.8707	1.0510	1.3281	0.2534	1.1885	1.2598	0.9216	0.2720	0.9576	1.2254	1.2938	1.2587	0.3041	1.2550	0.8624	0.9332	0.2728
7:59:16	30.2	0.2916	1.0317	0.9953	1.0575	0.8381	0.8349	0.8220	0.8057	0.9067	0.8404	0.2757	0.3352	1.2905	1.0388	1.1434	1.0086	1.1424	0.2714	1.1151	0.8103	0.8429	0.2731	0.2742	0.7716	1.2215	1.2884	0.9922	1.3034	1.1503	1.0972	1.2212	0.8953	1.1150	0.9807	0.3921	0.7605	1.1042	0.9824	1.0734	1.2431	1.0484	0.2690	0.8044	0.8848	0.8479	1.1839	0.2678	0.8974	1.1808	1.1792	1.3457	0.9206	1.0792	0.7507	0.9813	1.0294	1.2716	0.8919	0.2562	0.7446	1.3181	1.3986	0.9982	1.2870	0.2491	0.2556	0.8382	0.2493	1.2642	1.0781	0.2487	0.7740	1.0376	1.3899	1.1111	1.2979	1.0395	1.1954	1.2643	0.8911	1.0652	1.3521	0.2533	1.2029	1.2704	0.9639	0.2720	0.9768	1.2417	1.3116	1.2587	0.3040	1.2731	0.8975	0.9548	0.2723
8:09:16	30.2	0.2917	1.0700	1.0135	1.0854	0.8759	0.8415	0.8795	0.8281	0.9234	0.8357	0.2755	0.3366	1.3038	1.0587	1.1514	1.0172	1.1609	0.2715	1.1479	0.8626	0.8598	0.2731	0.2740	0.7765	1.2282	1.2982	1.0092	1.3183	1.1636	1.1110	1.2389	0.9218	1.1399	0.9908	0.3929	0.7702	1.1238	1.0203	1.0792	1.2389	1.0692	0.2690	0.7988	0.9028	0.9032	1.2006	0.2680	0.9228	1.1873	1.1936	1.3484	0.9506	1.0920	0.7683	1.0044	1.0556	1.2849	0.9101	0.2561	0.7592	1.3267	1.4083	1.0224	1.2996	0.2491	0.2555	0.8475	0.2492	1.2614	1.0955	0.2487	0.8078	1.0640	1.4070	1.1255	1.3129	1.0614	1.2178	1.2777	0.9023	1.0777	1.3506	0.2534	1.2162	1.2848	0.9812	0.2721	0.9932	1.2546	1.3344	1.2646	0.3035	1.2946	0.9355	0.9686	0.2728
8:19:16	30.3	0.2917	1.0985	1.0237	1.0868	0.8917	0.8885	0.8609	0.8544	0.9294	0.8694	0.2758	0.3378	1.3166	1.0801	1.1661	1.0430	1.1556	0.2716	1.1628	0.8990	0.8856	0.2731	0.2741	0.7697	1.2411	1.3110	1.0174	1.3300	1.1902	1.1168	1.2550	0.9493	1.1601	1.0146	0.3941	0.7628	1.1349	1.0354	1.0948	1.2597	1.0801	0.2689	0.8385	0.9180	0.9090	1.2199	0.2680	0.9280	1.1898	1.2103	1.3622	0.9771	1.1116	0.7878	1.0236	1.0725	1.2976	0.9346	0.2562	0.7726	1.3397	1.4166	1.0411	1.3210	0.2492	0.2555	0.8783	0.2493	1.2760	1.1079	0.2488	0.8034	1.0755	1.4177	1.1325	1.3320	1.0951	1.2271	1.2864	0.9255	1.1028	1.3764	0.2534	1.2355	1.2942	1.0104	0.2722	1.0236	1.2707	1.3446	1.2753	0.3046	1.3142	0.9626	0.9781	0.2729
8:29:16	30.3	0.2918	1.1203	1.0392	1.1202	0.9329	0.9159	0.8891	0.8479	0.9702	0.8479	0.2758	0.3392	1.3266	1.1038	1.1742	1.0620	1.1702	0.2717	1.1859	0.9171	0.9148	0.2732	0.2742	0.7908	1.2350	1.3188	1.0474	1.3456	1.1998	1.1288	1.2722	0.9752	1.1797	1.0196	0.3945	0.7821	1.1571	1.0599	1.1171	1.2633	1.0938	0.2690	0.8562	0.9795	0.9317	1.2365	0.2680	0.9451	1.1992	1.2140	1.3737	0.9986	1.1255	0.8016	1.0554	1.0925	1.3094	0.9575	0.2562	0.8036	1.3514	1.4247	1.0592	1.3390	0.2491	0.2555	0.8920	0.2493	1.2673	1.1260	0.2488	0.8295	1.0992	1.4331	1.1522	1.3546	1.1132	1.2393	1.3001	0.9600	1.1171	1.3795	0.2533	1.2480	1.3091	1.0434	0.2722	1.0563	1.2805	1.3619	1.2811	0.3042	1.3315	0.9968	1.0165	0.2729
8:39:16	30.3	0.2917	1.1339	1.0738	1.1407	0.9687	0.9393	0.9233	0.8696	0.9956	0.8810	0.2757	0.3385	1.3335	1.1307	1.1855	1.0903	1.1767	0.2715	1.2097	0.9375	0.9431	0.2731	0.2741	0.7990	1.2627	1.3302	1.0660	1.3541	1.2170	1.1431	1.2916	1.0173	1.2006	1.0600	0.3934	0.8018	1.1760	1.0805	1.1315	1.2677	1.1154	0.2689	0.8790	1.0122	0.9656	1.2508	0.2680	0.9658	1.2115	1.2260	1.3844	1.0316	1.1493	0.8122	1.0795	1.1113	1.3193	0.9806	0.2562	0.8271	1.3619	1.4330	1.0774	1.3541	0.2491	0.2555	0.9361	0.2495	1.2743	1.1552	0.2487	0.8530	1.1189	1.4371	1.1727	1.3605	1.1324	1.2547	1.3136	0.9945	1.1373	1.3924	0.2535	1.2592	1.3134	1.0781	0.2723	1.0803	1.2962	1.3812	1.2820	0.3040	1.3463	1.0454	1.0510	0.2725
8:49:16	30.3	0.2920	1.1449	1.0886	1.1604	0.9856	0.9646	0.9492	0.9077	1.0244	0.9257	0.2759	0.3401	1.3464	1.1416	1.1932	1.1114	1.1925	0.2718	1.2344	0.9597	0.9773	0.2733	0.2741	0.7961	1.2775	1.3392	1.0799	1.3655	1.2289	1.1607	1.3119	1.0467	1.2202	1.0988	0.3918	0.8123	1.1908	1.1021	1.1485	1.2720	1.1347	0.2691	0.8970	1.0351	1.0068	1.2671	0.2681	0.9938	1.2196	1.2402	1.3912	1.0509	1.1623	0.8208	1.1080	1.1256	1.3306	1.0084	0.2563	0.8442	1.3729	1.4414	1.1023	1.3675	0.2494	0.2557	0.9734	0.2494	1.2853	1.1610	0.2488	0.8866	1.1393	1.4510	1.1920	1.3790	1.1495	1.2691	1.3230	1.0270	1.1578	1.3992	0.2536	1.2739	1.3268	1.0945	0.2723	1.0983	1.3065	1.3928	1.2885	0.3041	1.3646	1.0674	1.0636	0.2730
8:59:16	30.3	0.2918	1.1653	1.1055	1.1726	1.0012	0.9892	0.9890	0.9440	1.0511	0.9491	0.2758	0.3420	1.3547	1.1642	1.2065	1.1315	1.2121	0.2716	1.2496	0.9996	1.0161	0.2734	0.2742	0.7836	1.2913	1.3472	1.1140	1.3740	1.2508	1.1656	1.3234	1.0753	1.2387	1.1141	0.3928	0.8330	1.2028	1.1200	1.1626	1.2804	1.1479	0.2690	0.9415	1.0703	1.0582	1.2806	0.2680	1.0228	1.2272	1.2509	1.4023	1.0745	1.1787	0.8415	1.1277	1.1404	1.3402	1.0364	0.2563	0.8705	1.3842	1.4523	1.1179	1.3834	0.2492	0.2555	1.0148	0.2494	1.2967	1.1830	0.2489	0.9173	1.1560	1.4630	1.2109	1.3983	1.1830	1.2801	1.3294	1.0567	1.1745	1.4173	0.2536	1.2911	1.3323	1.1277	0.2722	1.1327	1.3178	1.4152	1.2978	0.3038	1.3764	1.0993	1.0933	0.2728
9:09:16	30.3	0.2917	1.1708	1.1297	1.1899	1.0374	1.0187	1.0222	0.9711	1.0705	0.9548	0.2758	0.3430	1.3640	1.1821	1.2204	1.1525	1.2241	0.2718	1.2608	1.0323	1.0418	0.2732	0.2743	0.8210	1.2996	1.3573	1.1384	1.3838	1.2789	1.1832	1.3373	1.0955	1.2564	1.1227	0.3933	0.8617	1.2242	1.1386	1.1879	1.2872	1.1695	0.2690	0.9944	1.0944	1.0884	1.2989	0.2680	1.0257	1.2279	1.2643	1.4123	1.1026	1.1925	0.8675	1.1590	1.1585	1.3508	1.0676	0.2562	0.8870	1.3887	1.4585	1.1452	1.3948	0.2491	0.2556	1.0519	0.2495	1.3042	1.2040	0.2488	0.9412	1.2098	1.4721	1.2253	1.4093	1.1976	1.3024	1.3440	1.0806	1.1890	1.4311	0.2536	1.3022	1.3447	1.1504	0.2724	1.1619	1.3306	1.4215	1.3014	0.3042	1.3899	1.1187	1.1124	0.2730
9:19:16	30.3	0.2917	1.1888	1.1561	1.2172	1.0623	1.0569	1.0520	0.9916	1.1004	0.9843	0.2758	0.3449	1.3746	1.1822	1.2283	1.1710	1.2441	0.2717	1.2852	1.0574	1.0737	0.2730	0.2742	0.8352	1.3060	1.3659	1.1695	1.3911	1.2877	1.1922	1.3511	1.1115	1.2733	1.1314	0.3945	0.8922	1.2325	1.1639	1.1971	1.2868	1.1858	0.2689	1.0317	1.1159	1.1163	1.3102	0.2680	1.0643	1.2420	1.2709	1.4171	1.1262	1.2081	0.8921	1.1783	1.1656	1.3601	1.0845	0.2562	0.9020	1.3969	1.4646	1.1643	1.4078	0.2492	0.2555	1.0787	0.2494	1.2997	1.2083	0.2488	0.9753	1.2200	1.4764	1.2338	1.4210	1.2068	1.3064	1.3492	1.1029	1.2048	1.4324	0.2536	1.3135	1.3505	1.1720	0.2723	1.1758	1.3394	1.4322	1.3041	0.3045	1.4033	1.1539	1.1341	0.2729
9:29:16	30.3	0.2918	1.2327	1.1603	1.2249	1.0940	1.0919	1.0787	1.0233	1.1286	1.0111	0.2758	0.3465	1.3817	1.2120	1.2408	1.1847	1.2507	0.2717	1.3001	1.0898	1.1062	0.2732	0.2742	0.8267	1.3180	1.3750	1.1719	1.4012	1.3184	1.1976	1.3664	1.1399	1.2903	1.1549	0.3932	0.9234	1.2504	1.1794	1.2049	1.2994	1.1963	0.2691	1.0636	1.1275	1.1391	1.3272	0.2680	1.0911	1.2497	1.2829	1.4275	1.1466	1.2128	0.9262	1.2011	1.1774	1.3687	1.1039	0.2562	0.9386	1.4092	1.4742	1.1760	1.4192	0.2492	0.2555	1.0994	0.2494	1.3076	1.2245	0.2488	0.9994	1.2315	1.4853	1.2508	1.4362	1.2323	1.3087	1.3611	1.1272	1.2181	1.4461	0.2538	1.3277	1.3512	1.1889	0.2723	1.1863	1.3509	1.4443	1.3112	0.3043	1.4173	1.1649	1.1548	0.2727
9:39:16	30.2	0.2919	1.2302	1.1748	1.2444	1.1004	1.1146	1.1033	1.0591	1.1429	1.0442	0.2759	0.3476	1.3956	1.2244	1.2556	1.1968	1.2532	0.2717	1.3176	1.1166	1.1087	0.2732	0.2742	0.8325	1.3244	1.3827	1.1800	1.4080	1.3283	1.2079	1.3819	1.1600	1.3045	1.1755	0.3937	0.9812	1.2546	1.1893	1.2206	1.3057	1.2174	0.2690	1.0833	1.1501	1.1606	1.3443	0.2680	1.1105	1.2553	1.2877	1.4361	1.1655	1.2233	0.9554	1.2187	1.1908	1.3784	1.1224	0.2563	0.9670	1.4167	1.4814	1.1892	1.4286	0.2493	0.2555	1.1271	0.2495	1.3088	1.2366	0.2487	1.0299	1.2449	1.4948	1.2617	1.4449	1.2471	1.3192	1.3679	1.1467	1.2350	1.4586	0.2536	1.3427	1.3620	1.2166	0.2723	1.2162	1.3642	1.4560	1.3187	0.3039	1.4300	1.1939	1.1738	0.2717
9:49:15	30.3	0.2918	1.2402	1.2070	1.2636	1.1395	1.1454	1.1294	1.0750	1.1692	1.0748	0.2758	0.3492	1.3995	1.2449	1.2650	1.2094	1.2706	0.2718	1.3310	1.1429	1.1565	0.2730	0.2742	0.8574	1.3294	1.3898	1.2166	1.4149	1.3349	1.2252	1.3929	1.1833	1.3182	1.1962	0.3932	0.9906	1.2751	1.2182	1.2432	1.3061	1.2392	0.2690	1.1135	1.1651	1.1721	1.3575	0.2680	1.1346	1.2622	1.3053	1.4433	1.1862	1.2434	0.9933	1.2449	1.2050	1.3885	1.1392	0.2563	0.9580	1.4239	1.4892	1.2067	1.4367	0.2492	0.2556	1.1565	0.2495	1.3140	1.2466	0.2487	1.0407	1.2567	1.5028	1.2731	1.4543	1.2566	1.3349	1.3773	1.1726	1.2497	1.4647	0.2536	1.3548	1.3733	1.2225	0.2723	1.2290	1.3745	1.4634	1.3237	0.3039	1.4430	1.2050	1.1870	0.2728
9:59:16	30.3	0.2919	1.2567	1.2181	1.2750	1.1545	1.1537	1.1495	1.1051	1.1859	1.1065	0.2760	0.3510	1.4125	1.2609	1.2807	1.2230	1.2689	0.2720	1.3385	1.1544	1.1643	0.2731	0.2744	0.8397	1.3366	1.3970	1.2285	1.4234	1.3609	1.2207	1.4036	1.1998	1.3299	1.2087	0.3942	0.9868	1.2796	1.2279	1.2467	1.3128	1.2475	0.2690	1.1296	1.1736	1.1847	1.3677	0.2682	1.1436	1.2648	1.3135	1.4527	1.2030	1.2536	1.0233	1.2582	1.2124	1.3966	1.1519	0.2563	1.0018	1.4288	1.4929	1.2287	1.4504	0.2494	0.2557	1.1799	0.2498	1.3296	1.2595	0.2489	1.0875	1.2696	1.5128	1.2898	1.4662	1.2702	1.3372	1.3911	1.1909	1.2593	1.4809	0.2538	1.3668	1.3895	1.2366	0.2723	1.2378	1.3836	1.4752	1.3271	0.3047	1.4524	1.2202	1.2084	0.2719
10:09:16	30.3	0.2918	1.2732	1.2301	1.2903	1.1904	1.1782	1.1604	1.1356	1.2121	1.1340	0.2759	0.3523	1.4207	1.2670	1.2885	1.2324	1.2684	0.2719	1.3525	1.1684	1.1775	0.2731	0.2741	0.8548	1.3449	1.4032	1.2356	1.4301	1.3725	1.2308	1.4148	1.2107	1.3425	1.2225	0.3921	1.0267	1.2946	1.2438	1.2619	1.3178	1.2621	0.2689	1.1495	1.1900	1.1949	1.3803	0.2680	1.1623	1.2721	1.3210	1.4618	1.2175	1.2572	1.0481	1.2770	1.2268	1.4043	1.1652	0.2564	1.0347	1.4380	1.4994	1.2302	1.4582	0.2493	0.2555	1.1828	0.2497	1.3341	1.2627	0.2488	1.0900	1.2798	1.5190	1.2988	1.4727	1.2743	1.3437	1.3990	1.2033	1.2672	1.4915	0.2536	1.3768	1.3948	1.2600	0.2723	1.2533	1.3932	1.4854	1.3315	0.3042	1.4622	1.2361	1.2241	0.2720
10:19:16	30.3	0.2917	1.2642	1.2462	1.3073	1.1790	1.1914	1.1721	1.1526	1.2369	1.1494	0.2759	0.3522	1.4258	1.2850	1.3003	1.2503	1.2901	0.2719	1.3747	1.1867	1.1891	0.2729	0.2742	0.8175	1.3543	1.4129	1.2582	1.4367	1.3726	1.2404	1.4278	1.2207	1.3545	1.2347	0.3929	1.0244	1.3061	1.2533	1.2727	1.3162	1.2687	0.2689	1.1650	1.2023	1.2061	1.3931	0.2680	1.1869	1.2755	1.3291	1.4663	1.2335	1.2698	1.0680	1.2974	1.2405	1.4106	1.1731	0.2563	1.0588	1.4462	1.5070	1.2472	1.4635	0.2492	0.2554	1.2016	0.2497	1.3326	1.2719	0.2489	1.1093	1.2935	1.5263	1.3134	1.4808	1.2877	1.3532	1.4035	1.2212	1.2829	1.4977	0.2537	1.3887	1.4006	1.2731	0.2724	1.2667	1.4011	1.4911	1.3396	0.3042	1.4726	1.2511	1.2352	0.2729
10:29:16	30.3	0.2917	1.2833	1.2547	1.3230	1.2114	1.2209	1.2026	1.1611	1.2540	1.1693	0.2759	0.3537	1.4371	1.2942	1.3156	1.2490	1.3001	0.2719	1.3815	1.2047	1.1977	0.2732	0.2743	0.8710	1.3612	1.4175	1.2639	1.4441	1.3869	1.2500	1.4374	1.2400	1.3569	1.2532	0.3957	1.0584	1.3055	1.2775	1.2793	1.3240	1.2803	0.2689	1.1898	1.2210	1.2324	1.4076	0.2681	1.2004	1.2821	1.3395	1.4682	1.2413	1.2763	1.1032	1.3128	1.2511	1.4179	1.2051	0.2564	1.0687	1.4499	1.5116	1.2510	1.4722	0.2494	0.2557	1.2240	0.2496	1.3430	1.2840	0.2488	1.1302	1.3058	1.5270	1.3160	1.4867	1.2988	1.3663	1.4131	1.2398	1.2930	1.5038	0.2536	1.3993	1.4127	1.2845	0.2723	1.2800	1.4124	1.4991	1.3448	0.3040	1.4835	1.2648	1.2524	0.2731
10:39:16	30.3	0.2917	1.3071	1.2636	1.3409	1.2190	1.2254	1.2064	1.1792	1.2753	1.1875	0.2758	0.3549	1.4461	1.2976	1.3256	1.2654	1.3042	0.2719	1.3855	1.2051	1.2083	0.2727	0.2742	0.8543	1.3683	1.4248	1.2695	1.4456	1.3927	1.2469	1.4472	1.2429	1.3654	1.2675	0.3942	1.0673	1.3263	1.2821	1.2891	1.3258	1.2855	0.2689	1.1958	1.2232	1.2353	1.4148	0.2679	1.2046	1.2828	1.3450	1.4755	1.2558	1.2829	1.1221	1.3195	1.2532	1.4265	1.2131	0.2563	1.0815	1.4562	1.5129	1.2583	1.4815	0.2494	0.2556	1.2349	0.2507	1.3465	1.3002	0.2489	1.1447	1.3145	1.5341	1.3332	1.4989	1.3111	1.3673	1.4209	1.2500	1.3042	1.5119	0.2537	1.4118	1.4133	1.2931	0.2724	1.2897	1.4205	1.5064	1.3552	0.3034	1.4899	1.2789	1.2603	0.2725
10:49:16	30.3	0.2917	1.3200	1.2770	1.3531	1.2344	1.2475	1.2297	1.2025	1.2979	1.2225	0.2759	0.3568	1.4530	1.3112	1.3333	1.2792	1.3118	0.2719	1.4008	1.2100	1.2072	0.2733	0.2742	0.9082	1.3757	1.4313	1.2841	1.4543	1.4013	1.2542	1.4570	1.2514	1.3815	1.2715	0.3942	1.0935	1.3363	1.2987	1.3016	1.3283	1.2975	0.2688	1.2220	1.2408	1.2512	1.4248	0.2680	1.2191	1.2867	1.3535	1.4766	1.2669	1.2906	1.1415	1.3330	1.2749	1.4331	1.2273	0.2563	1.1103	1.4624	1.5192	1.2725	1.4857	0.2493	0.2555	1.2446	0.2497	1.3512	1.3091	0.2488	1.1543	1.3241	1.5361	1.3415	1.5030	1.3250	1.3793	1.4317	1.2699	1.3118	1.5148	0.2537	1.4186	1.4186	1.3067	0.2723	1.2961	1.4304	1.5105	1.3581	0.3046	1.4998	1.2895	1.2730	0.2728
10:59:16	30.3	0.2918	1.3300	1.2781	1.3654	1.2537	1.2617	1.2431	1.2170	1.3092	1.2296	0.2759	0.3582	1.4590	1.3131	1.3443	1.2856	1.3236	0.2718	1.4066	1.2119	1.2436	0.2733	0.2710	0.8837	1.3856	1.4360	1.2886	1.4600	1.4074	1.2565	1.4614	1.2730	1.3936	1.2850	0.3938	1.1273	1.3427	1.3098	1.3033	1.3289	1.3058	0.2691	1.2448	1.2656	1.2628	1.4347	0.2681	1.2332	1.2903	1.3531	1.4839	1.2753	1.3013	1.1668	1.3448	1.2831	1.4387	1.2408	0.2562	1.1127	1.4683	1.5257	1.2836	1.4919	0.2494	0.2554	1.2672	0.2502	1.3503	1.3210	0.2487	1.1748	1.3387	1.5425	1.3544	1.5072	1.3288	1.3853	1.4350	1.2829	1.3251	1.5206	0.2536	1.4287	1.4313	1.3188	0.2723	1.3065	1.4359	1.5146	1.3635	0.3043	1.5098	1.3078	1.2835	0.2734
11:09:16	30.3	0.2918	1.3348	1.2734	1.3770	1.2617	1.2640	1.2512	1.2362	1.3271	1.2328	0.2760	0.3589	1.4682	1.3301	1.3527	1.2877	1.3304	0.2719	1.4237	1.2313	1.2554	0.2731	0.2715	0.9222	1.3920	1.4398	1.3008	1.4625	1.4230	1.2433	1.4715	1.2733	1.4055	1.2944	0.3945	1.1166	1.3561	1.3227	1.3189	1.3299	1.3068	0.2689	1.2487	1.2696	1.2717	1.4444	0.2680	1.2516	1.2993	1.3629	1.4923	1.2873	1.3188	1.1809	1.3609	1.2884	1.4439	1.2442	0.2563	1.1333	1.4717	1.5264	1.2961	1.4927	0.2496	0.2555	1.2665	0.2498	1.3798	1.3224	0.2488	1.1786	1.3442	1.5477	1.3582	1.5261	1.3412	1.3956	1.4480	1.2951	1.3386	1.5252	0.2537	1.4415	1.4394	1.3379	0.2725	1.3327	1.4464	1.5191	1.3705	0.3039	1.5140	1.3195	1.3038	0.2730
11:19:16	30.3	0.2918	1.3445	1.2970	1.3888	1.2768	1.2906	1.2689	1.2405	1.3495	1.2415	0.2761	0.3605	1.4714	1.3336	1.3631	1.3033	1.3342	0.2721	1.4295	1.2601	1.2629	0.2733	0.2719	0.9018	1.4036	1.4452	1.3107	1.4689	1.4327	1.2560	1.4802	1.2995	1.4096	1.2986	0.3961	1.1412	1.3615	1.3278	1.3243	1.3396	1.3234	0.2689	1.2604	1.2807	1.2824	1.4519	0.2682	1.2628	1.3024	1.3764	1.4976	1.2988	1.3203	1.1980	1.3699	1.2973	1.4480	1.2554	0.2564	1.1389	1.4720	1.5330	1.3035	1.4963	0.2494	0.2555	1.2745	0.2501	1.3775	1.3374	0.2489	1.1923	1.3617	1.5522	1.3672	1.5344	1.3518	1.3985	1.4502	1.3077	1.3391	1.5265	0.2538	1.4460	1.4428	1.3489	0.2726	1.3394	1.4461	1.5241	1.3763	0.3037	1.5196	1.3256	1.3108	0.2732
11:29:16	30.3	0.2916	1.3634	1.3103	1.4089	1.2864	1.2950	1.2818	1.2552	1.3675	1.2624	0.2759	0.3621	1.4807	1.3457	1.3668	1.3103	1.3446	0.2718	1.4375	1.2747	1.2789	0.2733	0.2711	0.9232	1.4050	1.4553	1.3281	1.4732	1.4339	1.2669	1.4852	1.3036	1.4245	1.3085	0.3945	1.1585	1.3698	1.3411	1.3388	1.3341	1.3440	0.2689	1.2689	1.2856	1.2975	1.4583	0.2679	1.2684	1.3010	1.3772	1.5017	1.3169	1.3336	1.2278	1.3847	1.3031	1.4564	1.2612	0.2562	1.1370	1.4763	1.5371	1.3119	1.5039	0.2492	0.2554	1.3022	0.2500	1.3774	1.3370	0.2488	1.2054	1.3668	1.5511	1.3745	1.5368	1.3649	1.4082	1.4607	1.3155	1.3500	1.5310	0.2536	1.4531	1.4564	1.3592	0.2722	1.3497	1.4571	1.5332	1.3824	0.3042	1.5274	1.3376	1.3176	0.2723
11:39:16	30.3	0.2915	1.3509	1.3184	1.4155	1.3021	1.3101	1.3017	1.2639	1.3724	1.2653	0.2758	0.3597	1.4872	1.3495	1.3755	1.3213	1.3410	0.2718	1.4416	1.2805	1.2803	0.2731	0.2715	0.9287	1.4146	1.4565	1.3349	1.4767	1.4439	1.2669	1.4934	1.3138	1.4353	1.3136	0.3933	1.1675	1.3758	1.3543	1.3555	1.3527	1.3475	0.2688	1.2791	1.2953	1.2995	1.4682	0.2678	1.2801	1.3027	1.3885	1.5092	1.3227	1.3417	1.2308	1.3888	1.3036	1.4619	1.2712	0.2561	1.1653	1.4811	1.5465	1.3256	1.5113	0.2492	0.2554	1.2999	0.2500	1.3801	1.3552	0.2487	1.2089	1.3804	1.5602	1.3887	1.5361	1.3769	1.4135	1.4619	1.3247	1.3631	1.5359	0.2535	1.4612	1.4565	1.3680	0.2723	1.3642	1.4626	1.5354	1.3880	0.3042	1.5285	1.3553	1.3330	0.2731
11:49:16	30.3	0.2919	1.3602	1.3212	1.4239	1.3124	1.3058	1.3132	1.2708	1.3829	1.2856	0.2760	0.3616	1.4925	1.3626	1.3853	1.3268	1.3544	0.2721	1.4468	1.2752	1.2855	0.2733	0.2714	0.9416	1.4168	1.4626	1.3395	1.4826	1.4524	1.2507	1.4965	1.3222	1.4354	1.3170	0.3947	1.2008	1.3854	1.3561	1.3522	1.3616	1.3442	0.2690	1.2831	1.2996	1.3087	1.4766	0.2681	1.2970	1.3116	1.3905	1.5138	1.3297	1.3442	1.2412	1.4007	1.3159	1.4676	1.2854	0.2563	1.1875	1.4837	1.5468	1.3287	1.5162	0.2494	0.2556	1.3171	0.2503	1.3904	1.3606	0.2489	1.2363	1.3872	1.5635	1.3985	1.5433	1.3777	1.4218	1.4686	1.3394	1.3659	1.5402	0.2539	1.4685	1.4687	1.3764	0.2724	1.3708	1.4703	1.5369	1.3930	0.3040	1.5329	1.3635	1.3465	0.2740
11:59:16	30.3	0.2917	1.3834	1.3361	1.4294	1.3255	1.3402	1.3182	1.2866	1.3912	1.3014	0.2760	0.3627	1.4970	1.3677	1.3907	1.3341	1.3564	0.2719	1.4482	1.2990	1.3066	0.2733	0.2719	0.9772	1.4305	1.4658	1.3476	1.4876	1.4624	1.2806	1.4992	1.3376	1.4522	1.3382	0.3943	1.2129	1.3937	1.3681	1.3565	1.3716	1.3579	0.2689	1.3004	1.3143	1.3225	1.4816	0.2680	1.3179	1.3168	1.4026	1.5206	1.3424	1.3599	1.2632	1.4091	1.3376	1.4725	1.2930	0.2563	1.2036	1.4849	1.5554	1.3429	1.5204	0.2493	0.2557	1.3369	0.2511	1.3970	1.3687	0.2488	1.2519	1.3966	1.5665	1.4049	1.5515	1.3889	1.4261	1.4734	1.3603	1.3789	1.5406	0.2536	1.4762	1.4689	1.3890	0.2725	1.3835	1.4749	1.5435	1.3994	0.3038	1.5366	1.3804	1.3518	0.2732
12:09:16	30.3	0.2918	1.3952	1.3417	1.4482	1.3361	1.3467	1.3271	1.3097	1.4076	1.3114	0.2759	0.3642	1.5057	1.3772	1.3967	1.3519	1.3632	0.2720	1.4612	1.3066	1.3108	0.2732	0.2718	1.0003	1.4354	1.4709	1.3513	1.4905	1.4643	1.2927	1.5064	1.3377	1.5070	1.3340	0.3943	1.2215	1.3996	1.3761	1.3658	1.3660	1.3686	0.2691	1.3087	1.3227	1.3346	1.4889	0.2680	1.3210	1.3186	1.4088	1.5191	1.3472	1.3663	1.2746	1.4170	1.3317	1.4777	1.3057	0.2563	1.2048	1.4857	1.5545	1.3560	1.5270	0.2493	0.2556	1.3382	0.2504	1.4110	1.3743	0.2490	1.2607	1.4008	1.5656	1.4089	1.5558	1.3897	1.4328	1.4788	1.3616	1.3827	1.5350	0.2540	1.4836	1.4712	1.3907	0.2726	1.3907	1.4826	1.5468	1.4026	0.3045	1.5439	1.3842	1.3588	0.2733
12:19:16	30.3	0.2917	1.4022	1.3595	1.4623	1.3444	1.3565	1.3425	1.3208	1.4206	1.3172	0.2761	0.3582	1.5110	1.3810	1.4020	1.3589	1.3647	0.2720	1.4659	1.3243	1.3271	0.2733	0.2714	0.9617	1.4427	1.4748	1.3707	1.4956	1.4678	1.2867	1.5127	1.3446	1.5349	1.3519	0.3934	1.2353	1.4083	1.3880	1.3782	1.3682	1.3807	0.2690	1.3227	1.3255	1.3433	1.4927	0.2681	1.3357	1.3159	1.4152	1.5250	1.3616	1.3746	1.2861	1.4249	1.3426	1.4832	1.3069	0.2562	1.2172	1.4898	1.5587	1.3584	1.5264	0.2494	0.2557	1.3527	0.2535	1.4051	1.3843	0.2489	1.2808	1.4172	1.5701	1.4174	1.5571	1.4015	1.4373	1.4863	1.3778	1.3917	1.5345	0.2539	1.4900	1.4798	1.4082	0.2725	1.4011	1.4874	1.5633	1.4071	0.3044	1.5459	1.3972	1.3715	0.2737
12:29:16	30.3	0.2917	1.4087	1.3579	1.4668	1.3432	1.3795	1.3491	1.3269	1.4265	1.3293	0.2761	0.3591	1.5123	1.3964	1.4107	1.3690	1.3773	0.2720	1.4699	1.3291	1.3329	0.2733	0.2712	0.9844	1.4507	1.4774	1.3712	1.4987	1.4770	1.2733	1.5135	1.3449	1.5077	1.3517	0.3944	1.2565	1.4164	1.3957	1.3872	1.3808	1.3867	0.2690	1.3290	1.3337	1.3445	1.4998	0.2681	1.3590	1.3304	1.4240	1.5345	1.3691	1.3785	1.2919	1.4319	1.3489	1.4864	1.3173	0.2563	1.2252	1.4904	1.5668	1.3689	1.5327	0.2493	0.2556	1.3612	0.2560	1.4119	1.3882	0.2489	1.2889	1.4276	1.5753	1.4350	1.5598	1.4172	1.4406	1.4871	1.3837	1.3977	1.5344	0.2539	1.4942	1.4884	1.4185	0.2724	1.4130	1.4909	1.5721	1.4080	0.3043	1.5512	1.4052	1.3808	0.2728
12:39:16	30.2	0.2918	1.4165	1.3609	1.4781	1.3536	1.3827	1.3703	1.3457	1.4343	1.3347	0.2759	0.3601	1.5143	1.4046	1.4159	1.3786	1.3911	0.2720	1.4750	1.3346	1.3449	0.2731	0.2704	1.0071	1.4583	1.4809	1.3921	1.5025	1.4797	1.2976	1.5189	1.3525	1.5403	1.3683	0.3941	1.2699	1.4281	1.4039	1.4001	1.3831	1.3936	0.2690	1.3378	1.3456	1.3531	1.5046	0.2680	1.3719	1.3332	1.4230	1.5373	1.3808	1.3931	1.3036	1.4385	1.3594	1.4906	1.3276	0.2563	1.2308	1.4907	1.5699	1.3789	1.5338	0.2492	0.2557	1.3663	0.2559	1.4209	1.4044	0.2490	1.2978	1.4394	1.5784	1.4482	1.5624	1.4266	1.4478	1.4926	1.3867	1.4078	1.5350	0.2538	1.5010	1.4905	1.4270	0.2725	1.4225	1.4976	1.5776	1.4179	0.3043	1.5553	1.4186	1.3857	0.2731
12:49:16	30.3	0.2917	1.4269	1.3818	1.4874	1.3692	1.3870	1.3717	1.3516	1.4470	1.3505	0.2759	0.3613	1.5191	1.4180	1.4220	1.3796	1.3930	0.2721	1.4791	1.3452	1.3520	0.2730	0.2713	1.0106	1.4641	1.4833	1.3936	1.5054	1.4859	1.2994	1.5247	1.3659	1.5350	1.3736	0.3932	1.2759	1.4335	1.4095	1.4086	1.3746	1.3999	0.2689	1.3482	1.3535	1.3631	1.5090	0.2681	1.3834	1.3316	1.4325	1.5405	1.3833	1.3972	1.3180	1.4464	1.3597	1.4945	1.3333	0.2562	1.2685	1.4893	1.5720	1.3824	1.5359	0.2493	0.2554	1.3753	0.2561	1.4271	1.4111	0.2490	1.3086	1.4481	1.5767	1.4465	1.5632	1.4361	1.4528	1.4980	1.3957	1.4163	1.5416	0.2538	1.5057	1.5013	1.4316	0.2724	1.4267	1.5035	1.5795	1.4224	0.3044	1.5608	1.4184	1.3987	0.2731
12:59:16	30.3	0.2916	1.4306	1.3809	1.4998	1.3816	1.3949	1.4001	1.3630	1.4565	1.3704	0.2760	0.3624	1.5264	1.4234	1.4287	1.3906	1.3992	0.2720	1.4897	1.3536	1.3690	0.2734	0.2721	1.0461	1.4690	1.4870	1.4014	1.5075	1.4900	1.2905	1.5261	1.3783	1.5320	1.3911	0.3952	1.2779	1.4422	1.4237	1.4237	1.3849	1.4138	0.2688	1.3610	1.3607	1.3713	1.5148	0.2680	1.3895	1.3297	1.4454	1.5422	1.3933	1.4006	1.3391	1.4522	1.3828	1.4992	1.3418	0.2563	1.2710	1.4893	1.5726	1.3942	1.5391	0.2494	0.2556	1.3881	0.2557	1.4262	1.4262	0.2488	1.3235	1.4572	1.5786	1.4544	1.5665	1.4447	1.4633	1.5029	1.4084	1.4187	1.5399	0.2539	1.5139	1.5027	1.4473	0.2725	1.4377	1.5085	1.5856	1.4284	0.3043	1.5612	1.4222	1.4015	0.2731
13:09:16	30.2	0.2917	1.4291	1.3967	1.4964	1.3762	1.4028	1.4052	1.3654	1.4625	1.3697	0.2760	0.3622	1.5284	1.4353	1.4351	1.4088	1.4064	0.2720	1.4841	1.3570	1.3723	0.2732	0.2720	1.0164	1.4752	1.4893	1.4085	1.5094	1.4958	1.2950	1.5179	1.3838	1.5235	1.3940	0.3939	1.2838	1.4588	1.4375	1.4221	1.3942	1.4175	0.2690	1.3609	1.3670	1.3734	1.5241	0.2680	1.4132	1.3421	1.4555	1.5541	1.3889	1.4100	1.3348	1.4564	1.3839	1.5025	1.3492	0.2561	1.2790	1.4886	1.5783	1.4045	1.5436	0.2491	0.2556	1.3919	0.2575	1.4380	1.4251	0.2488	1.3302	1.4751	1.5867	1.4493	1.5706	1.4456	1.4640	1.5073	1.4195	1.4301	1.5482	0.2538	1.5192	1.5066	1.4478	0.2724	1.4451	1.5115	1.5998	1.4371	0.3043	1.5698	1.4415	1.4224	0.2731
13:19:16	30.3	0.2917	1.4435	1.4026	1.5028	1.3819	1.4043	1.3945	1.3818	1.4707	1.3753	0.2760	0.3632	1.5314	1.4474	1.4410	1.4099	1.4124	0.2721	1.4845	1.3730	1.3828	0.2732	0.2714	1.0432	1.4798	1.4930	1.4172	1.5123	1.5046	1.3029	1.5137	1.3861	1.5202	1.4016	0.3940	1.2901	1.4689	1.4409	1.4210	1.4119	1.4289	0.2689	1.3687	1.3731	1.3811	1.5290	0.2681	1.4184	1.3479	1.4578	1.5603	1.4103	1.4164	1.3475	1.4620	1.3913	1.5063	1.3542	0.2562	1.2843	1.4885	1.5822	1.4113	1.5466	0.2494	0.2556	1.3970	0.2583	1.4411	1.4338	0.2488	1.3492	1.4689	1.5874	1.4647	1.5736	1.4561	1.4709	1.5116	1.4212	1.4287	1.5524	0.2539	1.5184	1.5072	1.4543	0.2725	1.4420	1.5190	1.6008	1.4351	0.3040	1.5735	1.4451	1.4237	0.2725
13:29:16	30.2	0.2919	1.4495	1.4130	1.5121	1.4074	1.4256	1.4153	1.3812	1.4744	1.3834	0.2760	0.3640	1.5343	1.4430	1.4477	1.4313	1.4178	0.2721	1.4802	1.3811	1.3939	0.2733	0.2722	1.0397	1.4892	1.4951	1.4233	1.5155	1.5074	1.3098	1.5151	1.3943	1.5014	1.4056	0.3936	1.2950	1.4623	1.4454	1.4280	1.4037	1.4439	0.2689	1.3740	1.3794	1.3877	1.5328	0.2680	1.4255	1.3463	1.4616	1.5603	1.4287	1.4428	1.3590	1.4630	1.3977	1.5099	1.3602	0.2562	1.2787	1.4872	1.5844	1.4206	1.5523	0.2492	0.2556	1.4099	0.2586	1.4445	1.4378	0.2488	1.3608	1.4734	1.5868	1.4706	1.5766	1.4573	1.4805	1.5128	1.4372	1.4457	1.5706	0.2540	1.5263	1.5149	1.4611	0.2725	1.4497	1.5243	1.6085	1.4402	0.3036	1.5745	1.4547	1.4354	0.2733
13:39:16	30.2	0.2918	1.4542	1.4146	1.5236	1.4035	1.4292	1.4117	1.3967	1.4885	1.3978	0.2758	0.3625	1.5415	1.4493	1.4516	1.4292	1.4239	0.2722	1.4866	1.3833	1.3982	0.2733	0.2738	1.0352	1.4909	1.4983	1.4347	1.5174	1.5083	1.3294	1.5266	1.4044	1.5545	1.4107	0.3949	1.3032	1.4611	1.4478	1.4331	1.4026	1.4387	0.2690	1.3749	1.3782	1.3878	1.5346	0.2681	1.4332	1.3440	1.4636	1.5565	1.4314	1.4392	1.3728	1.4658	1.3996	1.5130	1.3692	0.2561	1.2761	1.4863	1.5851	1.4242	1.5539	0.2492	0.2556	1.4172	0.2593	1.4470	1.4532	0.2488	1.3627	1.4807	1.5881	1.4721	1.5759	1.4598	1.4825	1.5219	1.4458	1.4378	1.5613	0.2540	1.5308	1.5180	1.4758	0.2727	1.4515	1.5292	1.6115	1.4498	0.3048	1.5766	1.4433	1.4337	0.2733
13:49:16	30.2	0.2918	1.4632	1.4317	1.5330	1.4195	1.4424	1.4352	1.4078	1.4862	1.4057	0.2760	0.3634	1.5446	1.4547	1.4577	1.4371	1.4415	0.2721	1.4899	1.3968	1.4122	0.2733	0.2735	1.0577	1.5019	1.5002	1.4371	1.5190	1.5137	1.3348	1.5295	1.4056	1.5174	1.4230	0.3931	1.3140	1.4650	1.4604	1.4439	1.4005	1.4427	0.2689	1.3833	1.3892	1.3906	1.5383	0.2682	1.4382	1.3493	1.4661	1.5629	1.4401	1.4468	1.3796	1.4694	1.4038	1.5175	1.3911	0.2562	1.2782	1.4836	1.5895	1.4299	1.5634	0.2491	0.2555	1.4262	0.2602	1.4496	1.4554	0.2490	1.3773	1.4780	1.5910	1.4821	1.5800	1.4659	1.4915	1.5246	1.4441	1.4443	1.5632	0.2540	1.5331	1.5171	1.4807	0.2725	1.4512	1.5337	1.6193	1.4551	0.3043	1.5809	1.4614	1.4348	0.2733
13:59:16	30.2	0.2919	1.4719	1.4404	1.5330	1.4326	1.4496	1.4383	1.4183	1.4912	1.4205	0.2761	0.3623	1.5452	1.4597	1.4634	1.4470	1.4415	0.2722	1.4968	1.4106	1.4190	0.2734	0.2734	1.0514	1.5023	1.5016	1.4438	1.5209	1.5221	1.3350	1.5325	1.4151	1.5380	1.4219	0.3938	1.3131	1.4723	1.4734	1.4485	1.4028	1.4420	0.2691	1.3948	1.3985	1.4026	1.5436	0.2682	1.4488	1.3558	1.4667	1.5667	1.4486	1.4521	1.3916	1.4729	1.4099	1.5198	1.3989	0.2564	1.2955	1.4805	1.5900	1.4336	1.5733	0.2493	0.2557	1.4124	0.2613	1.4589	1.4586	0.2489	1.3755	1.4843	1.5985	1.4858	1.5802	1.4702	1.4982	1.5283	1.4527	1.4452	1.5712	0.2541	1.5364	1.5182	1.4779	0.2728	1.4712	1.5384	1.6235	1.4585	0.3043	1.5858	1.4679	1.4474	0.2731
14:09:16	30.2	0.2917	1.4881	1.4434	1.5391	1.4415	1.4589	1.4508	1.4182	1.4866	1.4272	0.2761	0.3630	1.5481	1.4620	1.4694	1.4470	1.4534	0.2721	1.4988	1.4082	1.4300	0.2733	0.2736	1.0553	1.5044	1.5030	1.4517	1.5237	1.5274	1.3431	1.5468	1.4182	1.5414	1.4250	0.3954	1.3338	1.4841	1.4772	1.4504	1.4136	1.4413	0.2688	1.3971	1.4083	1.4143	1.5452	0.2682	1.4463	1.3557	1.4728	1.5717	1.4547	1.4568	1.3991	1.4751	1.4141	1.5231	1.4072	0.2562	1.3111	1.4736	1.5905	1.4397	1.5783	0.2491	0.2555	1.4318	0.2609	1.4542	1.4620	0.2489	1.3910	1.4989	1.5998	1.4918	1.5794	1.4733	1.5018	1.5313	1.4546	1.4513	1.5708	0.2542	1.5403	1.5214	1.4849	0.2726	1.4796	1.5415	1.6259	1.4662	0.3034	1.5866	1.4718	1.4512	0.2732
14:19:16	30.3	0.2917	1.4800	1.4470	1.5450	1.4392	1.4624	1.4585	1.4310	1.4907	1.4348	0.2760	0.3637	1.5504	1.4665	1.4747	1.4580	1.4534	0.2721	1.5031	1.4241	1.4316	0.2733	0.2730	1.0879	1.5082	1.5041	1.4614	1.5250	1.5381	1.3471	1.5574	1.4322	1.5115	1.4278	0.3942	1.3374	1.4878	1.4754	1.4563	1.4104	1.4478	0.2689	1.4043	1.4195	1.4296	1.5477	0.2681	1.4544	1.3647	1.4828	1.5740	1.4594	1.4605	1.4056	1.4802	1.4236	1.5267	1.4131	0.2563	1.3200	1.4653	1.5915	1.4450	1.5864	0.2491	0.2556	1.4440	0.2607	1.4574	1.4640	0.2489	1.3845	1.4941	1.6025	1.4936	1.5816	1.4763	1.5036	1.5331	1.4628	1.4625	1.5777	0.2540	1.5438	1.5234	1.4906	0.2726	1.4815	1.5471	1.6320	1.4705	0.3046	1.5883	1.4692	1.4540	0.2731
14:29:16	30.3	0.2918	1.4826	1.4501	1.5440	1.4472	1.4719	1.4684	1.4363	1.4973	1.4492	0.2760	0.3642	1.5520	1.4774	1.4796	1.4625	1.4494	0.2721	1.5093	1.4268	1.4357	0.2734	0.2731	1.0793	1.5133	1.5037	1.4662	1.5257	1.5517	1.3502	1.5362	1.4385	1.5312	1.4460	0.3954	1.3430	1.4861	1.4785	1.4609	1.4222	1.4561	0.2689	1.4129	1.4294	1.4326	1.5510	0.2680	1.4619	1.3713	1.4812	1.5772	1.4571	1.4631	1.4083	1.4843	1.4252	1.5292	1.4232	0.2562	1.3317	1.4541	1.5946	1.4541	1.5923	0.2491	0.2555	1.4476	0.2632	1.4642	1.4688	0.2489	1.3868	1.4958	1.6108	1.4961	1.5847	1.4806	1.5062	1.5350	1.4660	1.4648	1.5806	0.2541	1.5437	1.5211	1.4918	0.2727	1.4742	1.5477	1.6321	1.4736	0.3042	1.5905	1.4685	1.4575	0.2732
14:39:16	30.2	0.2918	1.4912	1.4562	1.5493	1.4638	1.4705	1.4693	1.4512	1.5463	1.4600	0.2761	0.3652	1.5561	1.4830	1.4848	1.4616	1.4553	0.2724	1.5115	1.4223	1.4434	0.2734	0.2738	1.0940	1.5174	1.5046	1.4669	1.5272	1.5570	1.3514	1.5656	1.4417	1.5426	1.4529	0.3951	1.3524	1.4881	1.4932	1.4671	1.4294	1.4648	0.2689	1.4362	1.4370	1.4416	1.5542	0.2681	1.4647	1.3755	1.4835	1.5807	1.4658	1.4709	1.4224	1.4885	1.4364	1.5317	1.4241	0.2562	1.3407	1.4440	1.5982	1.4608	1.5967	0.2493	0.2555	1.4496	0.2645	1.4696	1.4734	0.2489	1.3874	1.5002	1.6108	1.4980	1.5873	1.4810	1.5173	1.5372	1.4736	1.4703	1.5809	0.2541	1.5456	1.5228	1.4995	0.2729	1.4873	1.5531	1.6382	1.4759	0.3042	1.5941	1.4723	1.4625	0.2737
14:49:16	30.2	0.2917	1.5017	1.4584	1.5508	1.4596	1.4732	1.4771	1.4578	1.5033	1.4615	0.2761	0.3658	1.5602	1.4884	1.4908	1.4721	1.4541	0.2722	1.5172	1.4339	1.4446	0.2738	0.2740	1.0675	1.5148	1.5064	1.4794	1.5288	1.5591	1.3677	1.5554	1.4458	1.5556	1.4631	0.3972	1.3529	1.4921	1.4968	1.4675	1.4198	1.4708	0.2689	1.4442	1.4398	1.4442	1.5567	0.2681	1.4773	1.3785	1.4863	1.5836	1.4723	1.4702	1.4247	1.4915	1.4435	1.5358	1.4250	0.2564	1.3425	1.4249	1.5995	1.4626	1.5973	0.2493	0.2556	1.4490	0.2658	1.4726	1.4730	0.2489	1.3888	1.5048	1.6105	1.5015	1.5890	1.4828	1.5149	1.5431	1.4857	1.4760	1.5838	0.2540	1.5489	1.5259	1.5021	0.2729	1.4864	1.5561	1.6432	1.4808	0.3037	1.5986	1.4691	1.4695	0.2741
14:59:16	30.2	0.2918	1.5013	1.4711	1.5536	1.4627	1.4839	1.4808	1.4567	1.5064	1.4628	0.2761	0.3664	1.5633	1.4865	1.4944	1.4777	1.4672	0.2722	1.5196	1.4375	1.4527	0.2736	0.2731	1.1029	1.5170	1.5060	1.4779	1.5296	1.5651	1.3660	1.5622	1.4580	1.5272	1.4681	0.3957	1.3578	1.5000	1.5066	1.4691	1.4290	1.4726	0.2689	1.4492	1.4479	1.4465	1.5575	0.2680	1.4808	1.3816	1.4920	1.5871	1.4714	1.4704	1.4258	1.4982	1.4493	1.5374	1.4308	0.2563	1.3284	1.4125	1.6001	1.4637	1.6021	0.2494	0.2555	1.4574	0.2667	1.4780	1.4818	0.2488	1.3986	1.5078	1.6156	1.5092	1.5931	1.4880	1.5215	1.5474	1.4889	1.4740	1.5846	0.2540	1.5504	1.5260	1.5054	0.2730	1.4847	1.5585	1.6449	1.4881	0.3047	1.6011	1.4773	1.4730	0.2736
15:09:16	30.2	0.2918	1.5039	1.4722	1.5540	1.4732	1.4925	1.4807	1.4659	1.5264	1.4682	0.2762	0.3664	1.5642	1.4796	1.4993	1.4784	1.4708	0.2724	1.5457	1.4451	1.4529	0.2737	0.2731	1.1003	1.5237	1.5040	1.4825	1.5330	1.5728	1.3788	1.5487	1.4704	1.5495	1.4706	0.3971	1.3595	1.5003	1.5001	1.4708	1.4480	1.4763	0.2689	1.4523	1.4497	1.4416	1.5619	0.2681	1.4875	1.3857	1.4930	1.5908	1.4674	1.4677	1.4308	1.4982	1.4489	1.5406	1.4364	0.2562	1.3435	1.4033	1.6063	1.4691	1.6052	0.2494	0.2556	1.4611	0.2678	1.4782	1.4814	0.2491	1.4020	1.5085	1.6281	1.5120	1.5901	1.4950	1.5215	1.5519	1.4922	1.4822	1.5862	0.2538	1.5527	1.5248	1.5111	0.2731	1.4895	1.5607	1.6430	1.4896	0.3046	1.6034	1.4790	1.4778	0.2732
15:19:16	30.2	0.2916	1.5131	1.4736	1.5573	1.4719	1.4944	1.4887	1.4733	1.5305	1.4742	0.2762	0.3673	1.5704	1.4875	1.5020	1.4835	1.4693	0.2723	1.5308	1.4446	1.4535	0.2737	0.2723	1.1256	1.5226	1.5045	1.4840	1.5311	1.5717	1.3902	1.5862	1.4683	1.5783	1.4720	0.3973	1.3718	1.5092	1.5150	1.4781	1.4309	1.4787	0.2689	1.4590	1.4549	1.4555	1.5606	0.2682	1.4931	1.3914	1.5003	1.5925	1.4748	1.4829	1.4330	1.5102	1.4600	1.5426	1.4380	0.2563	1.3498	1.3754	1.6070	1.4768	1.6110	0.2496	0.2556	1.4681	0.2700	1.4737	1.4842	0.2489	1.4129	1.5178	1.6201	1.5162	1.5922	1.4936	1.5241	1.5547	1.4995	1.4843	1.5851	0.2541	1.5544	1.5296	1.5128	0.2731	1.4957	1.5635	1.6439	1.4984	0.3042	1.6055	1.4857	1.4811	0.2732
15:29:16	30.2	0.2915	1.5067	1.4732	1.5560	1.4744	1.4954	1.4829	1.4669	1.5333	1.4770	0.2759	0.3679	1.5736	1.4926	1.5069	1.4918	1.4745	0.2722	1.5318	1.4554	1.4596	0.2745	0.2698	1.1079	1.5262	1.5044	1.4908	1.5321	1.5729	1.3928	1.5564	1.4773	1.5341	1.4792	0.3960	1.3698	1.5069	1.5111	1.4786	1.4444	1.4821	0.2688	1.4625	1.4575	1.4596	1.5634	0.2681	1.4955	1.3970	1.4982	1.5949	1.4814	1.4743	1.4414	1.5139	1.4598	1.5452	1.4412	0.2561	1.3536	1.3524	1.6115	1.4750	1.6096	0.2495	0.2554	1.4713	0.2713	1.4857	1.4847	0.2489	1.4183	1.5179	1.6216	1.5213	1.5932	1.4990	1.5277	1.5557	1.5036	1.4797	1.5857	0.2540	1.5542	1.5294	1.5216	0.2730	1.4925	1.5649	1.6453	1.5004	0.3035	1.6064	1.4900	1.4844	0.2732
15:39:16	30.2	0.2917	1.5164	1.4841	1.5634	1.4792	1.4983	1.4941	1.4816	1.5397	1.4912	0.2761	0.3685	1.5756	1.4922	1.5105	1.4893	1.4803	0.2724	1.5372	1.4568	1.4638	0.2737	0.2698	1.1062	1.5327	1.5004	1.4932	1.5320	1.5832	1.4051	1.5523	1.4844	1.5302	1.4794	0.3962	1.3706	1.5158	1.5181	1.4822	1.4634	1.4854	0.2689	1.4646	1.4674	1.4611	1.5663	0.2680	1.5002	1.3995	1.5038	1.5958	1.4909	1.4915	1.4513	1.5159	1.4671	1.5479	1.4467	0.2562	1.3578	1.3314	1.6114	1.4744	1.6146	0.2496	0.2555	1.4752	0.2730	1.4766	1.4944	0.2490	1.4239	1.5233	1.6322	1.5268	1.5979	1.5009	1.5318	1.5571	1.5090	1.4863	1.5890	0.2538	1.5529	1.5314	1.5225	0.2730	1.5021	1.5680	1.6424	1.4984	0.3049	1.6091	1.5001	1.4878	0.2740
15:49:16	30.3	0.2919	1.5175	1.4838	1.5708	1.4835	1.5043	1.4963	1.4873	1.5470	1.4933	0.2763	0.3688	1.5776	1.4991	1.5111	1.4945	1.4847	0.2725	1.5498	1.4587	1.4680	0.2742	0.2707	1.1329	1.5321	1.4983	1.4997	1.5314	1.5830	1.4134	1.5595	1.4830	1.5487	1.4838	0.3977	1.3861	1.5177	1.5230	1.4878	1.4553	1.4832	0.2691	1.4665	1.4670	1.4623	1.5664	0.2682	1.5044	1.4038	1.5081	1.5985	1.4907	1.4936	1.4634	1.5196	1.4724	1.5492	1.4504	0.2562	1.3677	1.3046	1.6184	1.4857	1.6152	0.2496	0.2557	1.4823	0.2760	1.4777	1.4999	0.2489	1.4252	1.5265	1.6332	1.5260	1.5983	1.5062	1.5326	1.5592	1.5130	1.4892	1.5896	0.2541	1.5488	1.5314	1.5250	0.2732	1.5096	1.5681	1.6452	1.5057	0.3045	1.6099	1.5016	1.4932	0.2743
15:59:16	30.2	0.2917	1.5172	1.4879	1.5649	1.4897	1.5082	1.5015	1.4792	1.5515	1.4961	0.2761	0.3692	1.5801	1.4983	1.5154	1.4946	1.4823	0.2724	1.5476	1.4633	1.4698	0.2741	0.2710	1.1308	1.5362	1.4955	1.5040	1.5295	1.5849	1.4199	1.5830	1.4867	1.5381	1.4873	0.3962	1.3864	1.5177	1.5216	1.4913	1.4609	1.4879	0.2688	1.4718	1.4701	1.4634	1.5662	0.2682	1.5089	1.4076	1.5113	1.5989	1.4865	1.4960	1.4695	1.5245	1.4743	1.5514	1.4441	0.2561	1.3642	1.2715	1.6161	1.4809	1.6154	0.2497	0.2557	1.4794	0.2787	1.4816	1.5001	0.2488	1.4331	1.5288	1.6302	1.5322	1.5997	1.5049	1.5389	1.5582	1.5129	1.4884	1.5888	0.2542	1.5476	1.5334	1.5284	0.2734	1.5125	1.5691	1.6497	1.5086	0.3043	1.6121	1.5027	1.4929	0.2740
16:09:16	30.2	0.2916	1.5213	1.4918	1.5662	1.4886	1.5079	1.5037	1.4930	1.5502	1.4936	0.2760	0.3695	1.5840	1.5050	1.5180	1.4969	1.4787	0.2723	1.5501	1.4584	1.4711	0.2741	0.2717	1.1326	1.5380	1.4933	1.5056	1.5306	1.5843	1.4296	1.5668	1.4870	1.5458	1.4890	0.3977	1.3977	1.5231	1.5268	1.4922	1.4562	1.4897	0.2689	1.4727	1.4700	1.4650	1.5666	0.2681	1.5135	1.4118	1.5130	1.6042	1.4951	1.4980	1.4801	1.5295	1.4725	1.5550	1.4470	0.2561	1.3712	1.2563	1.6226	1.4852	1.6166	0.2496	0.2554	1.4775	0.2849	1.4771	1.4983	0.2489	1.4382	1.5303	1.6293	1.5329	1.6001	1.5111	1.5360	1.5649	1.5156	1.4923	1.5842	0.2541	1.5469	1.5393	1.5321	0.2734	1.5187	1.5701	1.6515	1.5163	0.3036	1.6153	1.5070	1.5027	0.2723
16:19:16	30.3	0.2917	1.5232	1.4953	1.5767	1.4943	1.5208	1.5069	1.4909	1.5592	1.5010	0.2761	0.3700	1.5825	1.5098	1.5212	1.5041	1.4809	0.2724	1.5499	1.4664	1.4724	0.2744	0.2712	1.0992	1.5388	1.4877	1.5138	1.5294	1.5905	1.4373	1.5503	1.4925	1.5526	1.4954	0.3962	1.3941	1.5254	1.5298	1.4948	1.4712	1.4982	0.2688	1.4773	1.4737	1.4655	1.5694	0.2681	1.5157	1.4078	1.5157	1.6026	1.4965	1.5042	1.4766	1.5313	1.4821	1.5555	1.4579	0.2561	1.3783	1.2168	1.6225	1.4885	1.6204	0.2498	0.2556	1.4912	0.2852	1.4834	1.4987	0.2489	1.4405	1.5357	1.6375	1.5366	1.6035	1.5115	1.5419	1.5609	1.5217	1.4996	1.5837	0.2541	1.5397	1.5383	1.5341	0.2737	1.5225	1.5716	1.6511	1.5152	0.3047	1.6142	1.5091	1.5054	0.2734
16:29:16	30.2	0.2915	1.5303	1.4954	1.5755	1.4979	1.5157	1.5079	1.4920	1.5550	1.5058	0.2761	0.3704	1.5815	1.5138	1.5228	1.5051	1.4888	0.2724	1.5540	1.4716	1.4727	0.2745	0.2711	1.0972	1.5423	1.4821	1.5150	1.5262	1.5922	1.4429	1.5624	1.4950	1.5547	1.4966	0.3953	1.3997	1.5307	1.5366	1.5003	1.4709	1.4976	0.2687	1.4801	1.4776	1.4696	1.5704	0.2680	1.5198	1.4184	1.5178	1.6049	1.4951	1.5150	1.4777	1.5320	1.4866	1.5566	1.4567	0.2562	1.3813	1.1838	1.6231	1.4881	1.6221	0.2497	0.2555	1.4893	0.2909	1.4829	1.5056	0.2489	1.4406	1.5377	1.6399	1.5391	1.6054	1.5152	1.5461	1.5612	1.5250	1.5021	1.5784	0.2541	1.5350	1.5411	1.5350	0.2737	1.5177	1.5708	1.6516	1.5176	0.3045	1.6158	1.5093	1.5085	0.2734
16:39:16	30.2	0.2916	1.5320	1.5006	1.5819	1.5000	1.5213	1.5110	1.5000	1.5548	1.5084	0.2761	0.3708	1.5861	1.5133	1.5253	1.5099	1.4938	0.2724	1.5584	1.4709	1.4788	0.2746	0.2712	1.0768	1.5437	1.4767	1.5151	1.5264	1.5970	1.4508	1.5752	1.5003	1.5472	1.4965	0.3954	1.4041	1.5329	1.5364	1.5028	1.4766	1.4979	0.2688	1.4820	1.4777	1.4729	1.5703	0.2681	1.5222	1.4380	1.5190	1.6092	1.5012	1.5145	1.4845	1.5380	1.4896	1.5609	1.4587	0.2562	1.3844	1.1720	1.6243	1.4928	1.6231	0.2498	0.2559	1.4847	0.3046	1.4788	1.5155	0.2489	1.4521	1.5404	1.6401	1.5390	1.6052	1.5181	1.5451	1.5594	1.5301	1.5031	1.5749	0.2542	1.5297	1.5430	1.5406	0.2739	1.5258	1.5704	1.6516	1.5246	0.3041	1.6186	1.5111	1.5134	0.2737
16:49:16	30.2	0.2917	1.5343	1.5061	1.5876	1.5024	1.5227	1.5114	1.5004	1.5707	1.5113	0.2761	0.3711	1.5873	1.5187	1.5269	1.5124	1.4948	0.2724	1.5596	1.4780	1.4842	0.2749	0.2729	1.0525	1.5449	1.4688	1.5189	1.5240	1.5975	1.4585	1.5664	1.5010	1.5540	1.5025	0.3975	1.4083	1.5343	1.5413	1.5099	1.4823	1.5019	0.2688	1.4864	1.4794	1.4740	1.5705	0.2682	1.5245	1.4499	1.5246	1.6071	1.5021	1.5056	1.4864	1.5385	1.4939	1.5612	1.4610	0.2562	1.3951	1.1445	1.6255	1.4952	1.6237	0.2497	0.2557	1.4931	0.3124	1.4849	1.5130	0.2490	1.4536	1.5422	1.6417	1.5398	1.6105	1.5261	1.5480	1.5604	1.5288	1.5084	1.5717	0.2541	1.5245	1.5447	1.5433	0.2742	1.5284	1.5702	1.6535	1.5283	0.3040	1.6188	1.5100	1.5153	0.2740
16:59:16	30.2	0.2916	1.5366	1.5067	1.5930	1.5049	1.5230	1.5174	1.5035	1.6226	1.5140	0.2761	0.3715	1.5904	1.5194	1.5274	1.5097	1.4966	0.2726	1.5626	1.4784	1.4868	0.2751	0.2711	1.0616	1.5472	1.4599	1.5147	1.5189	1.5997	1.4687	1.5754	1.5003	1.5436	1.4965	0.3958	1.4083	1.5372	1.5434	1.5099	1.4859	1.5044	0.2689	1.4836	1.4792	1.4784	1.5704	0.2682	1.5270	1.4353	1.5263	1.6101	1.5067	1.5202	1.4975	1.5450	1.4933	1.5633	1.4678	0.2562	1.3981	1.1216	1.6280	1.5049	1.6231	0.2499	0.2558	1.4956	0.3750	1.4837	1.5153	0.2489	1.4638	1.5445	1.6453	1.5442	1.6131	1.5293	1.5537	1.5566	1.5372	1.5135	1.5675	0.2542	1.5184	1.5457	1.5457	0.2742	1.5261	1.5659	1.6529	1.5358	0.3038	1.6208	1.5205	1.5185	0.2735
17:09:16	30.2	0.2917	1.5392	1.5126	1.5942	1.5104	1.5295	1.5203	1.5060	1.5919	1.5174	0.2761	0.3720	1.5921	1.5198	1.5292	1.5169	1.5055	0.2726	1.5667	1.4810	1.4874	0.2755	0.2696	1.0492	1.5480	1.4508	1.5171	1.5154	1.6021	1.4748	1.5641	1.5044	1.5440	1.5061	0.3956	1.4044	1.5328	1.5467	1.5078	1.4882	1.5132	0.2689	1.4855	1.4846	1.4790	1.5696	0.2681	1.5280	1.4527	1.5268	1.6121	1.5119	1.5124	1.4998	1.5461	1.4967	1.5653	1.4675	0.2563	1.4056	1.1068	1.6261	1.5097	1.6250	0.2500	0.2558	1.5023	0.4328	1.4820	1.5187	0.2489	1.4714	1.5478	1.6443	1.5429	1.6120	1.5270	1.5560	1.5622	1.5391	1.5124	1.5623	0.2541	1.5099	1.5490	1.5506	0.2747	1.5273	1.5624	1.6492	1.5348	0.3038	1.6192	1.5283	1.5227	0.2741
17:19:16	30.2	0.2917	1.5451	1.5185	1.6045	1.5149	1.5303	1.5249	1.5057	1.6138	1.5215	0.2761	0.3723	1.5925	1.5210	1.5294	1.5176	1.5085	0.2725	1.5694	1.4843	1.4917	0.2764	0.2733	1.0465	1.5443	1.4385	1.5205	1.5107	1.6044	1.4805	1.5808	1.5052	1.5452	1.5074	0.3977	1.4027	1.5382	1.5483	1.5104	1.4933	1.5135	0.2686	1.4909	1.4855	1.4800	1.5698	0.2682	1.5300	1.4645	1.5258	1.6145	1.5147	1.5135	1.5054	1.5510	1.5009	1.5659	1.4711	0.2562	1.4070	1.0827	1.6288	1.5142	1.6269	0.2500	0.2557	1.5146	0.4571	1.4841	1.5281	0.2489	1.4784	1.5477	1.6457	1.5493	1.6150	1.5324	1.5594	1.5590	1.5437	1.5113	1.5614	0.2542	1.5017	1.5505	1.5547	0.2750	1.5334	1.5588	1.6500	1.5352	0.3046	1.6201	1.5227	1.5235	0.2742
17:29:16	30.2	0.2917	1.5437	1.5190	1.6041	1.5155	1.5336	1.5227	1.5150	1.5955	1.5240	0.2761	0.3725	1.5935	1.5204	1.5296	1.5174	1.5091	0.2726	1.5704	1.4926	1.4974	0.2764	0.2699	1.0482	1.5505	1.4268	1.5235	1.5043	1.6039	1.4835	1.5659	1.5070	1.6048	1.5122	0.3975	1.3928	1.5373	1.5507	1.5113	1.4955	1.5111	0.2689	1.4903	1.4869	1.4815	1.5687	0.2681	1.5329	1.4615	1.5261	1.6113	1.5152	1.5202	1.5073	1.5571	1.5019	1.5668	1.4823	0.2562	1.4091	1.0532	1.6305	1.5182	1.6258	0.2500	0.2559	1.5142	0.4753	1.4850	1.5295	0.2489	1.4849	1.5462	1.6456	1.5437	1.6176	1.5300	1.5627	1.5471	1.5451	1.5135	1.5597	0.2540	1.4925	1.5530	1.5513	0.2752	1.5255	1.5564	1.6552	1.5372	0.3044	1.6196	1.5201	1.5218	0.2736
17:39:16	30.2	0.2917	1.5431	1.5235	1.6040	1.5138	1.5365	1.5273	1.5141	1.5882	1.5284	0.2761	0.3726	1.5940	1.5239	1.5287	1.5222	1.5133	0.2725	1.5789	1.4903	1.4978	0.2766	0.2734	1.0557	1.5520	1.4138	1.5287	1.4960	1.6050	1.4892	1.5679	1.5098	1.5778	1.5157	0.3960	1.3953	1.5356	1.5563	1.5164	1.5008	1.5113	0.2688	1.4931	1.4880	1.4830	1.5684	0.2681	1.5343	1.4495	1.5239	1.6138	1.5204	1.5170	1.5123	1.5610	1.5054	1.5666	1.4792	0.2560	1.4072	1.0524	1.6328	1.5223	1.6264	0.2499	0.2555	1.5136	0.5026	1.4848	1.5349	0.2489	1.4845	1.5460	1.6464	1.5482	1.6202	1.5368	1.5662	1.5400	1.5469	1.5171	1.5590	0.2540	1.4827	1.5540	1.5554	0.2759	1.5412	1.5514	1.6504	1.5410	0.3042	1.6201	1.5233	1.5294	0.2741
17:49:16	30.2	0.2919	1.5470	1.5309	1.6124	1.5188	1.5398	1.5341	1.5203	1.5851	1.5300	0.2761	0.3729	1.5978	1.5254	1.5269	1.5277	1.5204	0.2725	1.5802	1.4971	1.5019	0.2782	0.2703	1.0514	1.5523	1.3994	1.5291	1.4875	1.6086	1.4846	1.5764	1.5107	1.5900	1.5204	0.3952	1.3955	1.5391	1.5558	1.5215	1.4974	1.5142	0.2689	1.4955	1.4930	1.4872	1.5666	0.2682	1.5360	1.4678	1.5267	1.6204	1.5219	1.5232	1.5146	1.5599	1.5084	1.5704	1.4775	0.2561	1.3981	1.0260	1.6299	1.5217	1.6256	0.2500	0.2556	1.5101	0.5026	1.4843	1.5327	0.2490	1.4849	1.5501	1.6453	1.5550	1.6188	1.5400	1.5674	1.5404	1.5469	1.5205	1.5556	0.2542	1.4723	1.5578	1.5603	0.2762	1.5399	1.5448	1.6525	1.5433	0.3038	1.6189	1.5217	1.5254	0.2740
17:59:16	30.2	0.2915	1.5522	1.5294	1.6103	1.5212	1.5422	1.5285	1.5217	1.6105	1.5332	0.2760	0.3731	1.5970	1.5278	1.5267	1.5283	1.5197	0.2725	1.5827	1.5036	1.5076	0.2787	0.2705	1.0488	1.5541	1.3837	1.5318	1.4806	1.6099	1.4970	1.6078	1.5188	1.5643	1.5207	0.3972	1.3886	1.5399	1.5609	1.5195	1.5015	1.5117	0.2688	1.4956	1.4959	1.4897	1.5662	0.2680	1.5390	1.4839	1.5299	1.6173	1.5204	1.5251	1.5158	1.5642	1.5096	1.5696	1.4768	0.2561	1.3997	1.0233	1.6322	1.5236	1.6268	0.2501	0.2557	1.5128	0.5081	1.4841	1.5265	0.2489	1.4808	1.5500	1.6473	1.5510	1.6203	1.5405	1.5680	1.5250	1.5475	1.5167	1.5551	0.2543	1.4619	1.5640	1.5626	0.2768	1.5446	1.5392	1.6512	1.5437	0.3034	1.6199	1.5239	1.5229	0.2736
18:09:16	30.2	0.2917	1.5518	1.5317	1.6151	1.5251	1.5464	1.5380	1.5216	1.6181	1.5376	0.2761	0.3734	1.5985	1.5309	1.5262	1.5279	1.5232	0.2727	1.5816	1.5019	1.4999	0.2805	0.2710	1.0431	1.5528	1.3680	1.5313	1.4712	1.6106	1.4976	1.6118	1.5169	1.5642	1.5218	0.3975	1.3841	1.5450	1.5665	1.5231	1.5065	1.5201	0.2689	1.4996	1.4961	1.4874	1.5646	0.2681	1.5411	1.4881	1.5306	1.6164	1.5229	1.5252	1.5195	1.5685	1.5162	1.5696	1.4760	0.2562	1.4021	1.0025	1.6360	1.5268	1.6283	0.2503	0.2558	1.5167	0.5561	1.4863	1.5296	0.2491	1.4840	1.5526	1.6461	1.5539	1.6204	1.5402	1.5701	1.5144	1.5425	1.5181	1.5533	0.2542	1.4511	1.5678	1.5675	0.2773	1.5462	1.5330	1.6492	1.5475	0.3049	1.6200	1.5284	1.5207	0.2741
18:19:16	30.2	0.2917	1.5517	1.5327	1.6187	1.5289	1.5515	1.5429	1.5237	1.6211	1.5419	0.2761	0.3737	1.6001	1.5326	1.5276	1.5246	1.5188	0.2725	1.5805	1.5041	1.5057	0.2820	0.2736	1.0469	1.5545	1.3522	1.5325	1.4623	1.6127	1.5031	1.5781	1.5234	1.5627	1.5199	0.3965	1.3802	1.5456	1.5662	1.5273	1.5062	1.5194	0.2687	1.5023	1.4940	1.4842	1.5618	0.2682	1.5420	1.4889	1.5319	1.6181	1.5238	1.5286	1.5205	1.5701	1.5175	1.5715	1.4710	0.2562	1.3982	1.0078	1.6331	1.5286	1.6279	0.2500	0.2557	1.5188	0.5883	1.4870	1.5307	0.2488	1.4897	1.5551	1.6461	1.5565	1.6192	1.5369	1.5715	1.4993	1.5493	1.5148	1.5533	0.2541	1.4409	1.5710	1.5697	0.2780	1.5439	1.5268	1.6528	1.5549	0.3044	1.6202	1.5251	1.5236	0.2736
18:29:16	30.2	0.2917	1.5576	1.5330	1.6198	1.5309	1.5545	1.5412	1.5288	1.5939	1.5425	0.2763	0.3738	1.6031	1.5338	1.5226	1.5286	1.5215	0.2728	1.5898	1.5060	1.5080	0.2821	0.2733	1.0487	1.5524	1.3357	1.5343	1.4484	1.6138	1.5078	1.5715	1.5234	1.5681	1.5215	0.3964	1.3853	1.5429	1.5669	1.5264	1.5113	1.5177	0.2688	1.4996	1.4902	1.4846	1.5607	0.2682	1.5422	1.4883	1.5336	1.6168	1.5279	1.5302	1.5246	1.5732	1.5200	1.5711	1.4764	0.2563	1.4026	0.9930	1.6347	1.5264	1.6280	0.2502	0.2560	1.5161	0.6316	1.4893	1.5258	0.2490	1.4859	1.5570	1.6484	1.5550	1.6283	1.5379	1.5695	1.4854	1.5498	1.5177	1.5534	0.2543	1.4292	1.5750	1.5732	0.2787	1.5366	1.5180	1.6485	1.5521	0.3040	1.6199	1.5276	1.5247	0.2738
18:39:16	30.2	0.2917	1.5569	1.5346	1.6214	1.5359	1.5528	1.5389	1.5307	1.5977	1.5434	0.2761	0.3721	1.6045	1.5320	1.5203	1.5363	1.5243	0.2727	1.5919	1.5059	1.5054	0.2830	0.2708	1.0365	1.5590	1.3189	1.5404	1.4384	1.6158	1.5141	1.5769	1.5298	1.5639	1.5301	0.3977	1.3790	1.5443	1.5668	1.5246	1.5155	1.5137	0.2689	1.5018	1.4910	1.4826	1.5580	0.2682	1.5431	1.4864	1.5369	1.6177	1.5270	1.5334	1.5260	1.5724	1.5242	1.5706	1.4775	0.2563	1.3995	0.9783	1.6359	1.5267	1.6298	0.2503	0.2559	1.5136	0.6232	1.4890	1.5199	0.2491	1.4861	1.5594	1.6502	1.5544	1.6282	1.5385	1.5700	1.4704	1.5519	1.5178	1.5514	0.2542	1.4176	1.5835	1.5750	0.2800	1.5403	1.5107	1.6502	1.5563	0.3039	1.6203	1.5322	1.5250	0.2734
18:49:16	30.2	0.2915	1.5595	1.5396	1.6233	1.5372	1.5544	1.5408	1.5348	1.5976	1.5462	0.2761	0.3723	1.6101	1.5291	1.5147	1.5331	1.5208	0.2726	1.5892	1.5058	1.5024	0.2840	0.2697	1.0166	1.5578	1.3041	1.5395	1.4262	1.6153	1.5096	1.5763	1.5280	1.5669	1.5317	0.3959	1.3782	1.5445	1.5686	1.5202	1.5156	1.5092	0.2687	1.5002	1.4908	1.4822	1.5549	0.2680	1.5441	1.4938	1.5377	1.6194	1.5289	1.5326	1.5239	1.5750	1.5273	1.5714	1.4691	0.2562	1.3969	0.9713	1.6325	1.5283	1.6282	0.2503	0.2560	1.5122	0.6248	1.4922	1.5211	0.2491	1.4830	1.5616	1.6446	1.5527	1.6259	1.5389	1.5694	1.4517	1.5506	1.5178	1.5527	0.2543	1.4065	1.5895	1.5736	0.2807	1.5422	1.5034	1.6544	1.5589	0.3034	1.6204	1.5286	1.5266	0.2735
18:59:16	30.2	0.2917	1.5594	1.5392	1.6244	1.5363	1.5579	1.5377	1.5361	1.6203	1.5488	0.2762	0.3725	1.6079	1.5286	1.5102	1.5294	1.5248	0.2726	1.5913	1.5098	1.5032	0.2860	0.2702	1.0057	1.5559	1.2865	1.5437	1.4121	1.6168	1.5157	1.6004	1.5297	1.5715	1.5354	0.3965	1.3711	1.5442	1.5715	1.5226	1.5178	1.5097	0.2686	1.4997	1.4917	1.4814	1.5518	0.2681	1.5440	1.5055	1.5360	1.6187	1.5281	1.5356	1.5266	1.5769	1.5297	1.5704	1.4689	0.2563	1.4028	0.9641	1.6342	1.5284	1.6285	0.2503	0.2556	1.5121	0.6511	1.4889	1.5170	0.2490	1.4838	1.5616	1.6487	1.5526	1.6278	1.5388	1.5699	1.4365	1.5483	1.5218	1.5501	0.2542	1.3947	1.5942	1.5734	0.2817	1.5363	1.4913	1.6498	1.5593	0.3047	1.6199	1.5318	1.5238	0.2736
19:09:16	30.2	0.2918	1.5640	1.5371	1.6274	1.5403	1.5584	1.5408	1.5430	1.6020	1.5496	0.2763	0.3727	1.6104	1.5295	1.5055	1.5299	1.5251	0.2727	1.5944	1.5106	1.5067	0.2864	0.2732	1.0018	1.5558	1.2714	1.5459	1.4010	1.6149	1.5193	1.6024	1.5287	1.5693	1.5368	0.3975	1.3689	1.5461	1.5744	1.5246	1.5216	1.5090	0.2690	1.4998	1.4892	1.4800	1.5494	0.2682	1.5435	1.5071	1.5361	1.6195	1.5271	1.5401	1.5329	1.5807	1.5316	1.5686	1.4667	0.2563	1.4038	0.9628	1.6332	1.5312	1.6285	0.2504	0.2561	1.5114	0.6520	1.4947	1.5171	0.2491	1.4823	1.5629	1.6493	1.5515	1.6328	1.5417	1.5691	1.4146	1.5539	1.5210	1.5489	0.2543	1.3855	1.6013	1.5750	0.2832	1.5433	1.4852	1.6516	1.5637	0.3044	1.6193	1.5358	1.5249	0.2737
19:19:16	30.2	0.2919	1.5625	1.5385	1.6297	1.5403	1.5570	1.5413	1.5468	1.6055	1.5454	0.2763	0.3727	1.6115	1.5321	1.4985	1.5273	1.5215	0.2728	1.5951	1.5054	1.5075	0.2904	0.2728	0.9923	1.5547	1.2563	1.5424	1.3858	1.6142	1.5254	1.6410	1.5290	1.5808	1.5379	0.3985	1.3646	1.5490	1.5743	1.5243	1.5236	1.5100	0.2690	1.4996	1.4877	1.4750	1.5449	0.2683	1.5454	1.5051	1.5371	1.6205	1.5272	1.5411	1.5365	1.5815	1.5309	1.5671	1.4649	0.2564	1.3998	0.9556	1.6322	1.5341	1.6302	0.2506	0.2557	1.5143	0.6661	1.4944	1.5215	0.2492	1.4847	1.5632	1.6486	1.5529	1.6301	1.5428	1.5680	1.3959	1.5519	1.5235	1.5464	0.2545	1.3744	1.6078	1.5758	0.2847	1.5399	1.4729	1.6487	1.5654	0.3043	1.6186	1.5364	1.5259	0.2737
19:29:16	30.2	0.2918	1.5597	1.5354	1.6322	1.5437	1.5555	1.5351	1.5459	1.6193	1.5431	0.2762	0.3728	1.6131	1.5335	1.4910	1.5267	1.5198	0.2728	1.5951	1.5034	1.5084	0.2921	0.2736	0.9867	1.5475	1.2395	1.5434	1.3712	1.6147	1.5246	1.5922	1.5296	1.5629	1.5345	0.3960	1.3658	1.5496	1.5725	1.5243	1.5263	1.5110	0.2688	1.5000	1.4895	1.4721	1.5405	0.2682	1.5462	1.5066	1.5333	1.6192	1.5266	1.5431	1.5404	1.5818	1.5306	1.5654	1.4684	0.2563	1.4007	0.9519	1.6316	1.5351	1.6278	0.2503	0.2559	1.5164	0.6812	1.4980	1.5229	0.2490	1.4858	1.5632	1.6479	1.5526	1.6287	1.5447	1.5715	1.3768	1.5586	1.5216	1.5482	0.2543	1.3653	1.6109	1.5787	0.2867	1.5386	1.4645	1.6527	1.5659	0.3038	1.6183	1.5381	1.5244	0.2740
19:39:16	30.2	0.2918	1.5590	1.5313	1.6320	1.5428	1.5529	1.5283	1.5455	1.6118	1.5429	0.2762	0.3730	1.6126	1.5355	1.4839	1.5247	1.5158	0.2727	1.5968	1.5014	1.5058	0.2958	0.2729	0.9804	1.5498	1.2237	1.5427	1.3604	1.6165	1.5305	1.5834	1.5315	1.5683	1.5324	0.3972	1.3608	1.5519	1.5677	1.5239	1.5291	1.5124	0.2688	1.4987	1.4852	1.4693	1.5369	0.2682	1.5468	1.4983	1.5322	1.6172	1.5278	1.5464	1.5427	1.5840	1.5283	1.5630	1.4698	0.2562	1.3980	0.9431	1.6311	1.5339	1.6281	0.2504	0.2559	1.5154	0.6811	1.4980	1.5211	0.2490	1.4877	1.5644	1.6503	1.5541	1.6301	1.5444	1.5722	1.3563	1.5593	1.5228	1.5523	0.2543	1.3548	1.6117	1.5782	0.2881	1.5412	1.4540	1.6475	1.5691	0.3037	1.6129	1.5392	1.5248	0.2727
19:49:16	30.2	0.2917	1.5599	1.5305	1.6335	1.5424	1.5523	1.5291	1.5435	1.6107	1.5407	0.2762	0.3729	1.6125	1.5364	1.4717	1.5254	1.5182	0.2726	1.5934	1.5036	1.5096	0.3035	0.2696	0.9755	1.5473	1.2111	1.5404	1.3484	1.6175	1.5319	1.5791	1.5315	1.5709	1.5316	0.3973	1.3573	1.5504	1.5674	1.5252	1.5303	1.5133	0.2686	1.4961	1.4855	1.4708	1.5319	0.2681	1.5470	1.5124	1.5323	1.6193	1.5276	1.5468	1.5418	1.5739	1.5274	1.5601	1.4703	0.2561	1.3996	0.9477	1.6320	1.5317	1.6282	0.2504	0.2559	1.5155	0.6932	1.5029	1.5194	0.2492	1.4868	1.5626	1.6468	1.5538	1.6272	1.5446	1.5715	1.3361	1.5585	1.5219	1.5575	0.2542	1.3494	1.6153	1.5790	0.2922	1.5418	1.4473	1.6503	1.5711	0.3048	1.6115	1.5429	1.5277	0.2735
19:59:16	30.2	0.2918	1.5594	1.5329	1.6350	1.5437	1.5525	1.5281	1.5387	1.6154	1.5399	0.2763	0.3731	1.6149	1.5375	1.4670	1.5286	1.5169	0.2728	1.5934	1.5041	1.5137	0.3076	0.2725	0.9719	1.5423	1.1963	1.5402	1.3297	1.6162	1.5325	1.6225	1.5338	1.5718	1.5306	0.3975	1.3566	1.5516	1.5688	1.5258	1.5312	1.5105	0.2689	1.4923	1.4851	1.4699	1.5279	0.2683	1.5477	1.5016	1.5327	1.6186	1.5281	1.5492	1.5440	1.5770	1.5268	1.5565	1.4708	0.2562	1.3979	0.9473	1.6292	1.5337	1.6289	0.2503	0.2560	1.5159	0.7007	1.5010	1.5185	0.2490	1.4847	1.5649	1.6467	1.5579	1.6279	1.5479	1.5721	1.3134	1.5593	1.5228	1.5610	0.2544	1.3388	1.6187	1.5819	0.2957	1.5440	1.4368	1.6485	1.5737	0.3044	1.6124	1.5419	1.5261	0.2738
20:09:16	30.2	0.2917	1.5597	1.5303	1.6345	1.5394	1.5556	1.5286	1.5343	1.6155	1.5390	0.2763	0.3730	1.6146	1.5384	1.4589	1.5282	1.5194	0.2726	1.5959	1.5063	1.5154	0.3161	0.2731	0.9647	1.5438	1.1816	1.5446	1.3169	1.6165	1.5395	1.5853	1.5320	1.5701	1.5301	0.3970	1.3563	1.5538	1.5687	1.5247	1.5342	1.5114	0.2688	1.4900	1.4836	1.4711	1.5221	0.2682	1.5474	1.4967	1.5305	1.6181	1.5292	1.5512	1.5519	1.5762	1.5221	1.5507	1.4761	0.2563	1.3949	0.9331	1.6302	1.5343	1.6302	0.2504	0.2559	1.5176	0.7146	1.5040	1.5186	0.2489	1.4851	1.5663	1.6467	1.5599	1.6350	1.5482	1.5714	1.2889	1.5599	1.5216	1.5629	0.2545	1.3318	1.6218	1.5810	0.2991	1.5476	1.4270	1.6459	1.5760	0.3038	1.6119	1.5434	1.5296	0.2737
20:19:16	30.2	0.2917	1.5601	1.5322	1.6396	1.5414	1.5562	1.5318	1.5349	1.6107	1.5402	0.2764	0.3734	1.6151	1.5406	1.4466	1.5278	1.5178	0.2729	1.5942	1.5068	1.5168	0.3263	0.2740	0.9562	1.5407	1.1712	1.5433	1.3055	1.6189	1.5349	1.5862	1.5262	1.5822	1.5320	0.3987	1.3566	1.5539	1.5703	1.5245	1.5359	1.5129	0.2688	1.4932	1.4832	1.4740	1.5160	0.2683	1.5477	1.5119	1.5330	1.6183	1.5298	1.5531	1.5481	1.5745	1.5204	1.5466	1.4763	0.2563	1.3994	0.9386	1.6315	1.5357	1.6275	0.2506	0.2559	1.5195	0.7193	1.5099	1.5202	0.2491	1.4857	1.5663	1.6486	1.5610	1.6288	1.5491	1.5703	1.2654	1.5634	1.5243	1.5626	0.2544	1.3271	1.6300	1.5837	0.3064	1.5489	1.4228	1.6490	1.5775	0.3038	1.6124	1.5434	1.5308	0.2739
20:29:16	30.2	0.2917	1.5616	1.5335	1.6398	1.5442	1.5573	1.5310	1.5368	1.6327	1.5396	0.2763	0.3735	1.6142	1.5413	1.4399	1.5314	1.5192	0.2728	1.5950	1.5102	1.5190	0.3467	0.2741	0.9568	1.5380	1.1586	1.5477	1.2927	1.6176	1.5398	1.5952	1.5245	1.5999	1.5333	0.3994	1.3551	1.5537	1.5709	1.5248	1.5405	1.5165	0.2688	1.4911	1.4815	1.4715	1.5102	0.2682	1.5479	1.5132	1.5309	1.6182	1.5305	1.5529	1.5511	1.5711	1.5202	1.5395	1.4806	0.2563	1.3977	0.9415	1.6265	1.5363	1.6280	0.2505	0.2558	1.5208	0.7484	1.5107	1.5180	0.2490	1.4844	1.5663	1.6482	1.5624	1.6259	1.5503	1.5705	1.2450	1.5633	1.5231	1.5630	0.2545	1.3201	1.6333	1.5852	0.3125	1.5466	1.4128	1.6506	1.5788	0.3037	1.6111	1.5453	1.5290	0.2732
20:39:16	30.2	0.2917	1.5637	1.5339	1.6398	1.5438	1.5574	1.5314	1.5362	1.6204	1.5417	0.2762	0.3731	1.6149	1.5418	1.4307	1.5315	1.5186	0.2728	1.5941	1.5090	1.5213	0.3963	0.2739	0.9519	1.5393	1.1457	1.5490	1.2823	1.6188	1.5397	1.5897	1.5253	1.5853	1.5330	0.3986	1.3540	1.5554	1.5705	1.5249	1.5415	1.5157	0.2688	1.4919	1.4806	1.4753	1.5048	0.2682	1.5481	1.5086	1.5302	1.6185	1.5293	1.5548	1.5480	1.5741	1.5197	1.5301	1.4804	0.2562	1.3968	0.9389	1.6282	1.5322	1.6259	0.2505	0.2561	1.5202	0.7689	1.5119	1.5191	0.2492	1.4872	1.5675	1.6465	1.5641	1.6283	1.5528	1.5714	1.2227	1.5661	1.5237	1.5617	0.2544	1.3143	1.6319	1.5839	0.3278	1.5470	1.4080	1.6501	1.5812	0.3048	1.6102	1.5415	1.5288	0.2733
20:49:16	30.2	0.2918	1.5653	1.5352	1.6388	1.5434	1.5566	1.5305	1.5345	1.6169	1.5417	0.2763	0.3724	1.6165	1.5441	1.4219	1.5330	1.5199	0.2727	1.5946	1.5118	1.5236	0.4385	0.2736	0.9397	1.5364	1.1336	1.5501	1.2666	1.6189	1.5392	1.5892	1.5254	1.5838	1.5342	0.3979	1.3544	1.5580	1.5716	1.5280	1.5421	1.5179	0.2688	1.4925	1.4816	1.4755	1.4985	0.2681	1.5483	1.5099	1.5309	1.6183	1.5303	1.5573	1.5487	1.5742	1.5203	1.5214	1.4807	0.2562	1.3960	0.9378	1.6255	1.5310	1.6270	0.2504	0.2558	1.5242	0.7943	1.5145	1.5194	0.2489	1.4870	1.5669	1.6468	1.5628	1.6297	1.5529	1.5699	1.2048	1.5657	1.5236	1.5615	0.2543	1.3102	1.6368	1.5841	0.3537	1.5467	1.3971	1.6498	1.5817	0.3044	1.6099	1.5439	1.5312	0.2724
20:59:16	30.2	0.2917	1.5669	1.5364	1.6412	1.5436	1.5581	1.5320	1.5353	1.6352	1.5424	0.2764	0.3718	1.6165	1.5456	1.4147	1.5359	1.5207	0.2729	1.5948	1.5107	1.5268	0.5410	0.2739	0.9403	1.5389	1.1221	1.5504	1.2528	1.6182	1.5408	1.6328	1.5254	1.5851	1.5338	0.3985	1.3519	1.5606	1.5719	1.5273	1.5453	1.5186	0.2688	1.4922	1.4793	1.4780	1.4923	0.2682	1.5493	1.5088	1.5319	1.6174	1.5326	1.5592	1.5494	1.5744	1.5215	1.5117	1.4806	0.2562	1.3951	0.9395	1.6285	1.5325	1.6248	0.2505	0.2560	1.5246	0.8192	1.5174	1.5188	0.2491	1.4914	1.5670	1.6486	1.5634	1.6263	1.5555	1.5720	1.1844	1.5655	1.5225	1.5609	0.2543	1.3046	1.6337	1.5869	0.3999	1.5491	1.3916	1.6481	1.5846	0.3043	1.6081	1.5428	1.5310	0.2733
21:09:16	30.2	0.2916	1.5656	1.5372	1.6423	1.5457	1.5588	1.5338	1.5364	1.6192	1.5429	0.2763	0.3713	1.6189	1.5468	1.4136	1.5369	1.5199	0.2728	1.5937	1.5122	1.5259	0.5257	0.2744	0.9407	1.5329	1.1116	1.5513	1.2397	1.6189	1.5428	1.5921	1.5241	1.5721	1.5342	0.3982	1.3513	1.5586	1.5737	1.5272	1.5499	1.5178	0.2688	1.4925	1.4806	1.4810	1.4860	0.2681	1.5487	1.5086	1.5289	1.6142	1.5354	1.5633	1.5463	1.5758	1.5209	1.5000	1.4839	0.2562	1.3963	0.9286	1.6288	1.5356	1.6246	0.2507	0.2559	1.5244	0.8336	1.5167	1.5174	0.2491	1.4879	1.5680	1.6466	1.5627	1.6343	1.5556	1.5702	1.1675	1.5647	1.5221	1.5599	0.2544	1.3007	1.6396	1.5848	0.4360	1.5489	1.3866	1.6454	1.5867	0.3039	1.6081	1.5412	1.5381	0.2733
21:19:16	30.2	0.2918	1.5661	1.5375	1.6422	1.5432	1.5588	1.5350	1.5379	1.6210	1.5413	0.2763	0.3690	1.6216	1.5490	1.4034	1.5393	1.5200	0.2729	1.5947	1.5127	1.5282	0.5315	0.2743	0.9360	1.5328	1.1009	1.5532	1.2296	1.6184	1.5514	1.6159	1.5249	1.5761	1.5358	0.3972	1.3463	1.5619	1.5755	1.5286	1.5456	1.5193	0.2688	1.4938	1.4831	1.4784	1.4792	0.2682	1.5496	1.5073	1.5295	1.6130	1.5372	1.5640	1.5432	1.5778	1.5213	1.4883	1.4836	0.2563	1.3975	0.9248	1.6271	1.5347	1.6255	0.2506	0.2558	1.5252	0.8507	1.5149	1.5178	0.2490	1.4902	1.5686	1.6453	1.5658	1.6321	1.5563	1.5693	1.1511	1.5699	1.5209	1.5593	0.2545	1.2970	1.6395	1.5869	0.4729	1.5530	1.3774	1.6461	1.5876	0.3036	1.6073	1.5401	1.5335	0.2735
21:29:16	30.2	0.2916	1.5679	1.5385	1.6411	1.5432	1.5622	1.5365	1.5396	1.6421	1.5440	0.2762	0.3684	1.6213	1.5499	1.3958	1.5403	1.5219	0.2728	1.5950	1.5160	1.5313	0.5509	0.2739	0.9485	1.5295	1.0915	1.5538	1.2185	1.6197	1.5520	1.5953	1.5252	1.5802	1.5373	0.3984	1.3497	1.5606	1.5769	1.5291	1.5513	1.5217	0.2687	1.4944	1.4841	1.4794	1.4749	0.2682	1.5503	1.5071	1.5292	1.6147	1.5390	1.5662	1.5420	1.5753	1.5204	1.4747	1.4842	0.2561	1.3965	0.9213	1.6267	1.5341	1.6248	0.2504	0.2557	1.5234	0.8643	1.5140	1.5196	0.2490	1.4914	1.5683	1.6397	1.5641	1.6354	1.5572	1.5675	1.1355	1.5693	1.5205	1.5576	0.2543	1.2920	1.6345	1.5887	0.4750	1.5531	1.3672	1.6436	1.5913	0.3048	1.6059	1.5386	1.5357	0.2729
21:39:16	30.1	0.2917	1.5688	1.5382	1.6394	1.5458	1.5605	1.5343	1.5360	1.6239	1.5434	0.2762	0.3686	1.6251	1.5503	1.3922	1.5402	1.5217	0.2728	1.5963	1.5201	1.5322	0.5883	0.2735	0.9398	1.5262	1.0825	1.5549	1.2054	1.6183	1.5556	1.5896	1.5267	1.5860	1.5361	0.3986	1.3502	1.5618	1.5779	1.5309	1.5538	1.5198	0.2686	1.4923	1.4838	1.4796	1.4680	0.2681	1.5503	1.5044	1.5287	1.6125	1.5392	1.5684	1.5421	1.5764	1.5207	1.4604	1.4839	0.2560	1.3985	0.9183	1.6256	1.5345	1.6246	0.2504	0.2559	1.5282	0.8628	1.5166	1.5224	0.2490	1.4928	1.5690	1.6432	1.5636	1.6392	1.5582	1.5693	1.1208	1.5731	1.5212	1.5567	0.2543	1.2881	1.6424	1.5890	0.4879	1.5551	1.3635	1.6432	1.5935	0.3044	1.6056	1.5394	1.5358	0.2735
21:49:16	30.1	0.2917	1.5690	1.5390	1.6393	1.5476	1.5613	1.5366	1.5367	1.6229	1.5431	0.2762	0.3680	1.6230	1.5511	1.3865	1.5424	1.5216	0.2727	1.5949	1.5161	1.5356	0.5911	0.2732	0.9381	1.5275	1.0729	1.5553	1.1921	1.6150	1.5584	1.6246	1.5277	1.5853	1.5384	0.3998	1.3518	1.5620	1.5763	1.5323	1.5541	1.5226	0.2687	1.4921	1.4835	1.4831	1.4601	0.2681	1.5503	1.5057	1.5275	1.6101	1.5411	1.5696	1.5408	1.5778	1.5198	1.4448	1.4834	0.2561	1.3924	0.9143	1.6234	1.5383	1.6241	0.2503	0.2558	1.5287	0.8762	1.5154	1.5191	0.2490	1.4933	1.5682	1.6452	1.5659	1.6377	1.5590	1.5700	1.1075	1.5774	1.5253	1.5548	0.2543	1.2818	1.6410	1.5896	0.5071	1.5563	1.3583	1.6392	1.5941	0.3034	1.6032	1.5381	1.5342	0.2734
21:59:16	30.1	0.2919	1.5698	1.5407	1.6358	1.5452	1.5625	1.5357	1.5372	1.6234	1.5446	0.2764	0.3665	1.6221	1.5507	1.3769	1.5412	1.5213	0.2730	1.5940	1.5197	1.5386	0.6018	0.2737	0.9355	1.5253	1.0646	1.5557	1.1844	1.6154	1.5606	1.6214	1.5269	1.5799	1.5379	0.4019	1.3526	1.5632	1.5763	1.5325	1.5548	1.5240	0.2686	1.4943	1.4842	1.4826	1.4540	0.2682	1.5515	1.5098	1.5302	1.6113	1.5424	1.5718	1.5408	1.5788	1.5204	1.4309	1.4849	0.2561	1.3928	0.9171	1.6247	1.5361	1.6233	0.2504	0.2558	1.5288	0.8898	1.5169	1.5149	0.2492	1.4956	1.5681	1.6418	1.5629	1.6353	1.5585	1.5668	1.0949	1.5739	1.5250	1.5533	0.2544	1.2793	1.6451	1.5895	0.5103	1.5570	1.3543	1.6386	1.5931	0.3037	1.6021	1.5330	1.5397	0.2738
22:09:16	30.1	0.2919	1.5689	1.5395	1.6321	1.5452	1.5625	1.5376	1.5334	1.6209	1.5416	0.2763	0.3643	1.6251	1.5515	1.3741	1.5436	1.5226	0.2730	1.5865	1.5185	1.5380	0.6189	0.2735	0.9171	1.5223	1.0585	1.5564	1.1763	1.6163	1.5554	1.6509	1.5257	1.5844	1.5368	0.4026	1.3461	1.5640	1.5780	1.5341	1.5517	1.5251	0.2687	1.4956	1.4839	1.4798	1.4449	0.2681	1.5508	1.5062	1.5283	1.6106	1.5420	1.5728	1.5387	1.5769	1.5170	1.4187	1.4884	0.2559	1.3870	0.9032	1.6230	1.5376	1.6190	0.2503	0.2557	1.5279	0.9070	1.5184	1.5188	0.2492	1.4941	1.5689	1.6394	1.5631	1.6315	1.5571	1.5684	1.0821	1.5747	1.5256	1.5514	0.2542	1.2766	1.6449	1.5897	0.5429	1.5623	1.3497	1.6384	1.5960	0.3048	1.6013	1.5312	1.5411	0.2735
