

Software Version	3.14.03



Experiment File Path:	C:\Users\Public\Documents\Experiments\Hermina\serial_passage\8July24\day5--8July24.xpt
Protocol File Path:	C:\Users\Public\Documents\Protocols\rough_growth_curve.prt



Plate Number	Plate 1
Date	12/07/2024
Time	10:35:10
Reader Type:	Epoch 2
Reader Serial Number:	23053024
Reading Type	Reader

Procedure Details

Plate Type	96 WELL PLATE (Use plate lid)
Well Selection	Runtime
Eject plate on completion	
Set Temperature	Setpoint 30°C, Gradient 1 °C
	Preheat before moving to next step
Read	OD 600
	Absorbance Endpoint
	Full Plate
	Wavelengths:  600
	Read Speed: Normal,  Delay: 100 msec,  Measurements/Data Point: 8
Start Kinetic	Runtime 24:00:00 (HH:MM:SS), Interval 0:10:00, 145 Reads
    Shake	Double Orbital: Continuous
	Frequency: 205 cpm (5 mm)
    Read	Absorbance Endpoint
	Full Plate
	Wavelengths:  600
	Read Speed: Normal,  Delay: 100 msec,  Measurements/Data Point: 8
End Kinetic	

OD 600:600

0:09:16	30.1	0.2543	0.2772	0.2822	0.2676	0.2726	0.2889	0.2710	0.2700	0.2898	0.2776	0.2766	0.2488	0.2689	0.2770	0.2785	0.2792	0.2687	0.2685	0.2714	0.2832	0.2884	0.2736	0.2653	0.2805	0.2715	0.2696	0.2731	0.2804	0.2699	0.2698	0.2620	0.2636	0.2705	0.2797	0.2623	0.2819	0.3000	0.2677	0.2826	0.2799	0.2858	0.2595	0.2708	0.2828	0.2801	0.2915	0.2722	0.2787	0.2767	0.2637	0.2944	0.2737	0.2857	0.2680	0.2865	0.2699	0.2905	0.2697	0.2554	0.2864	0.7977	0.2692	0.2807	0.2809	0.2720	0.2674	0.2758	0.2641	0.2690	0.2799	0.2556	0.2921	0.2787	0.2924	0.2793	0.2867	0.2896	0.2814	0.2974	0.2786	0.2779	0.2714	0.2589	0.3119	0.3389	0.3188	0.3112	0.3229	0.7868	0.3265	0.3178	0.2881	0.3119	0.3107	0.3036	0.2697
0:19:16	30.1	0.2546	0.2749	0.2801	0.2666	0.2722	0.2884	0.2698	0.2690	0.2919	0.2741	0.2761	0.2492	0.2687	0.2756	0.2795	0.2755	0.2666	0.2685	0.2723	0.2814	0.2860	0.2729	0.2652	0.2782	0.2707	0.2702	0.2712	0.2810	0.2697	0.2707	0.2630	0.2616	0.2714	0.2785	0.2624	0.2802	0.2982	0.2663	0.2819	0.2813	0.2844	0.2597	0.2695	0.2791	0.2820	0.2921	0.2724	0.2765	0.2757	0.2636	0.2958	0.2724	0.2834	0.2661	0.2874	0.2692	0.2909	0.2704	0.2556	0.2829	0.7796	0.2679	0.2802	0.2819	0.2686	0.2680	0.2739	0.2632	0.2690	0.2782	0.2557	0.2893	0.2773	0.2910	0.2786	0.2880	0.2887	0.2790	0.2955	0.2751	0.2762	0.2716	0.2587	0.3137	0.3392	0.3163	0.3125	0.3219	0.7646	0.3275	0.3200	0.2879	0.3120	0.3078	0.3003	0.2696
0:29:16	30.1	0.2545	0.2753	0.2815	0.2677	0.2707	0.2878	0.2690	0.2683	0.2933	0.2749	0.2706	0.2486	0.2691	0.2756	0.2805	0.2754	0.2660	0.2683	0.2734	0.2817	0.2848	0.2725	0.2653	0.2773	0.2700	0.2707	0.2704	0.2820	0.2699	0.2702	0.2638	0.2616	0.2726	0.2785	0.2625	0.2782	0.2970	0.2650	0.2814	0.2776	0.2835	0.2597	0.2693	0.2789	0.2809	0.2928	0.2724	0.2782	0.2757	0.2632	0.2970	0.2719	0.2816	0.2654	0.2877	0.2694	0.2916	0.2682	0.2554	0.2816	0.7642	0.2690	0.2795	0.2828	0.2689	0.2678	0.2727	0.2629	0.2688	0.2770	0.2554	0.2878	0.2750	0.2907	0.2782	0.2884	0.2870	0.2782	0.2947	0.2754	0.2746	0.2720	0.2586	0.3136	0.3399	0.3159	0.3133	0.3208	0.7550	0.3284	0.3215	0.2877	0.3123	0.3068	0.2979	0.2694
0:39:16	30.1	0.2543	0.2760	0.2836	0.2679	0.2745	0.2895	0.2711	0.2698	0.2967	0.2768	0.2640	0.2477	0.2689	0.2750	0.2814	0.2774	0.2679	0.2681	0.2748	0.2829	0.2864	0.2734	0.2646	0.2790	0.2708	0.2722	0.2712	0.2836	0.2708	0.2703	0.2652	0.2625	0.2746	0.2814	0.2622	0.2802	0.2988	0.2668	0.2825	0.2782	0.2863	0.2595	0.2704	0.2806	0.2815	0.2942	0.2723	0.2781	0.2758	0.2637	0.2971	0.2723	0.2826	0.2674	0.2889	0.2713	0.2926	0.2685	0.2552	0.2821	0.7518	0.2696	0.2810	0.2847	0.2701	0.2679	0.2725	0.2633	0.2687	0.2791	0.2551	0.2898	0.2766	0.2917	0.2791	0.2902	0.2870	0.2774	0.2947	0.2766	0.2763	0.2736	0.2585	0.3151	0.3409	0.3178	0.3147	0.3205	0.7452	0.3303	0.3238	0.2875	0.3141	0.3069	0.2989	0.2692
0:49:16	30.1	0.2544	0.2793	0.2855	0.2685	0.2752	0.2914	0.2736	0.2731	0.2973	0.2796	0.2594	0.2469	0.2695	0.2758	0.2851	0.2802	0.2690	0.2681	0.2768	0.2853	0.2883	0.2753	0.2651	0.2819	0.2717	0.2747	0.2741	0.2853	0.2721	0.2713	0.2671	0.2651	0.2773	0.2834	0.2623	0.2824	0.3009	0.2684	0.2840	0.2840	0.2886	0.2599	0.2720	0.2833	0.2842	0.2967	0.2724	0.2795	0.2763	0.2637	0.2995	0.2729	0.2837	0.2694	0.2904	0.2735	0.2949	0.2707	0.2553	0.2844	0.7402	0.2711	0.2829	0.2870	0.2715	0.2681	0.2735	0.2647	0.2691	0.2803	0.2552	0.2904	0.2781	0.2934	0.2795	0.2924	0.2882	0.2803	0.2961	0.2795	0.2773	0.2766	0.2587	0.3185	0.3428	0.3185	0.3151	0.3220	0.7356	0.3323	0.3261	0.2875	0.3161	0.3082	0.3008	0.2692
0:59:16	30.2	0.2543	0.2794	0.2869	0.2705	0.2762	0.2930	0.2751	0.2747	0.2996	0.2819	0.2714	0.2496	0.2707	0.2769	0.2872	0.2812	0.2706	0.2679	0.2798	0.2871	0.2896	0.2770	0.2648	0.2855	0.2730	0.2779	0.2755	0.2886	0.2741	0.2727	0.2690	0.2671	0.2801	0.2866	0.2620	0.2859	0.3030	0.2696	0.2837	0.2822	0.2892	0.2597	0.2731	0.2862	0.2857	0.2982	0.2721	0.2816	0.2765	0.2634	0.3030	0.2739	0.2841	0.2711	0.2931	0.2761	0.2971	0.2721	0.2553	0.2865	0.7315	0.2732	0.2851	0.2900	0.2711	0.2679	0.2754	0.2659	0.2690	0.2822	0.2549	0.2919	0.2789	0.2962	0.2813	0.2953	0.2893	0.2824	0.2975	0.2815	0.2788	0.2797	0.2584	0.3215	0.3440	0.3200	0.3161	0.3225	0.7477	0.3352	0.3264	0.2874	0.3190	0.3088	0.3032	0.2690
1:09:16	30.2	0.2543	0.2822	0.2892	0.2734	0.2777	0.2959	0.2780	0.2769	0.3040	0.2854	0.2729	0.2502	0.2727	0.2799	0.2914	0.2833	0.2729	0.2680	0.2836	0.2894	0.2923	0.2781	0.2646	0.2900	0.2739	0.2811	0.2773	0.2901	0.2778	0.2733	0.2735	0.2699	0.2857	0.2896	0.2621	0.2886	0.3046	0.2704	0.2865	0.2923	0.2933	0.2597	0.2752	0.2891	0.2885	0.3018	0.2722	0.2848	0.2765	0.2641	0.3058	0.2763	0.2842	0.2737	0.2972	0.2790	0.2990	0.2767	0.2553	0.2914	0.7222	0.2760	0.2869	0.2939	0.2693	0.2683	0.2775	0.2670	0.2695	0.2856	0.2549	0.2939	0.2793	0.2999	0.2841	0.2997	0.2911	0.2853	0.2991	0.2843	0.2805	0.2851	0.2585	0.3262	0.3467	0.3218	0.3180	0.3242	0.7398	0.3392	0.3298	0.2874	0.3233	0.3100	0.3062	0.2691
1:19:16	30.2	0.2541	0.2818	0.2910	0.2776	0.2813	0.2982	0.2799	0.2795	0.3093	0.2883	0.2717	0.2484	0.2757	0.2786	0.2947	0.2847	0.2752	0.2679	0.2894	0.2911	0.2940	0.2794	0.2642	0.2947	0.2748	0.2846	0.2783	0.2938	0.2820	0.2733	0.2787	0.2717	0.2921	0.2928	0.2621	0.2920	0.3059	0.2716	0.2882	0.2984	0.2948	0.2598	0.2765	0.2919	0.2905	0.3060	0.2723	0.2892	0.2769	0.2668	0.3112	0.2760	0.2854	0.2762	0.3026	0.2818	0.3017	0.2772	0.2555	0.2919	0.7122	0.2794	0.2882	0.2985	0.2703	0.2682	0.2791	0.2681	0.2696	0.2882	0.2548	0.2968	0.2810	0.3046	0.2846	0.3047	0.2923	0.2863	0.3023	0.2869	0.2822	0.2914	0.2585	0.3307	0.3515	0.3220	0.3189	0.3266	0.7329	0.3444	0.3314	0.2874	0.3288	0.3111	0.3087	0.2690
1:29:16	30.2	0.2541	0.2833	0.2919	0.2826	0.2825	0.3000	0.2819	0.2819	0.3173	0.2906	0.2721	0.2469	0.2791	0.2799	0.2996	0.2862	0.2764	0.2679	0.2963	0.2931	0.2963	0.2802	0.2648	0.2992	0.2748	0.2891	0.2795	0.2967	0.2879	0.2717	0.2860	0.2739	0.3006	0.2955	0.2621	0.2951	0.3070	0.2720	0.2895	0.3035	0.2955	0.2598	0.2778	0.2941	0.2919	0.3100	0.2723	0.2954	0.2771	0.2665	0.3174	0.2776	0.2867	0.2779	0.3100	0.2839	0.3039	0.2793	0.2553	0.2947	0.7059	0.2838	0.2894	0.3046	0.2706	0.2683	0.2807	0.2699	0.2695	0.2901	0.2548	0.2979	0.2816	0.3106	0.2847	0.3115	0.2927	0.2891	0.3058	0.2884	0.2837	0.2990	0.2583	0.3366	0.3575	0.3230	0.3202	0.3254	0.7312	0.3507	0.3331	0.2872	0.3351	0.3120	0.3110	0.2688
1:39:16	30.2	0.2541	0.2848	0.2933	0.2880	0.2845	0.3007	0.2842	0.2837	0.3300	0.2933	0.2740	0.2503	0.2837	0.2801	0.3055	0.2880	0.2778	0.2679	0.3062	0.2948	0.2983	0.2828	0.2647	0.3046	0.2749	0.2933	0.2804	0.2999	0.2958	0.2727	0.2976	0.2754	0.3147	0.2997	0.2622	0.2980	0.3080	0.2737	0.2894	0.3139	0.2975	0.2599	0.2801	0.2969	0.2936	0.3149	0.2724	0.3046	0.2774	0.2656	0.3245	0.2784	0.2887	0.2800	0.3204	0.2864	0.3069	0.2811	0.2554	0.2971	0.6972	0.2896	0.2869	0.3121	0.2710	0.2680	0.2803	0.2710	0.2700	0.2915	0.2547	0.2997	0.2825	0.3176	0.2848	0.3203	0.2940	0.2911	0.3129	0.2899	0.2852	0.3139	0.2584	0.3467	0.3655	0.3241	0.3220	0.3271	0.7514	0.3600	0.3402	0.2873	0.3499	0.3137	0.3144	0.2689
1:49:16	30.2	0.2541	0.2863	0.2946	0.2958	0.2856	0.3032	0.2859	0.2856	0.3463	0.2957	0.2707	0.2499	0.2888	0.2813	0.3124	0.2893	0.2795	0.2678	0.3184	0.2965	0.3006	0.2829	0.2645	0.3101	0.2761	0.2986	0.2811	0.3048	0.3053	0.2746	0.3118	0.2764	0.3313	0.3029	0.2624	0.3002	0.3088	0.2743	0.2904	0.3257	0.3015	0.2597	0.2794	0.2982	0.2953	0.3203	0.2725	0.3157	0.2781	0.2670	0.3330	0.2795	0.2882	0.2813	0.3320	0.2879	0.3102	0.2821	0.2553	0.2973	0.6899	0.2965	0.2905	0.3208	0.2709	0.2683	0.2816	0.2730	0.2707	0.2936	0.2548	0.3018	0.2824	0.3273	0.2884	0.3306	0.2949	0.2927	0.3189	0.2920	0.2865	0.3248	0.2586	0.3554	0.3747	0.3249	0.3237	0.3281	0.7599	0.3697	0.3456	0.2874	0.3608	0.3154	0.3173	0.2688
1:59:16	30.2	0.2540	0.2880	0.2952	0.3107	0.2870	0.3053	0.2877	0.2877	0.3654	0.2980	0.2741	0.2483	0.2952	0.2827	0.3171	0.2910	0.2811	0.2681	0.3328	0.2989	0.3030	0.2882	0.2644	0.3150	0.2770	0.3037	0.2819	0.3098	0.3170	0.2754	0.3277	0.2778	0.3495	0.3063	0.2626	0.3041	0.3103	0.2752	0.2905	0.3337	0.3028	0.2600	0.2823	0.2995	0.2977	0.3282	0.2726	0.3296	0.2784	0.2675	0.3446	0.2803	0.2901	0.2832	0.3495	0.2900	0.3143	0.2848	0.2554	0.3010	0.6843	0.3064	0.2903	0.3316	0.2717	0.2684	0.2824	0.2772	0.2711	0.2960	0.2548	0.3029	0.2841	0.3378	0.2881	0.3429	0.2958	0.2950	0.3259	0.2924	0.2884	0.3304	0.2586	0.3645	0.3876	0.3253	0.3246	0.3293	0.7713	0.3836	0.3505	0.2874	0.3710	0.3172	0.3205	0.2688
2:09:16	30.2	0.2540	0.2875	0.2965	0.3267	0.2897	0.3086	0.2895	0.2908	0.3934	0.3013	0.2743	0.2475	0.3025	0.2832	0.3249	0.2916	0.2837	0.2680	0.3481	0.3001	0.3058	0.2911	0.2643	0.3219	0.2772	0.3078	0.2821	0.3151	0.3322	0.2752	0.3507	0.2796	0.3745	0.3100	0.2626	0.3092	0.3122	0.2772	0.2935	0.3460	0.3021	0.2599	0.2826	0.3011	0.2996	0.3371	0.2727	0.3514	0.2788	0.2701	0.3590	0.2825	0.2948	0.2853	0.3724	0.2922	0.3184	0.2876	0.2557	0.3056	0.6806	0.3185	0.2925	0.3456	0.2719	0.2683	0.2850	0.2806	0.2715	0.2991	0.2547	0.3067	0.2846	0.3545	0.2901	0.3608	0.2972	0.2961	0.3355	0.2951	0.2903	0.3597	0.2584	0.3737	0.4031	0.3260	0.3276	0.3298	0.7856	0.4021	0.3673	0.2877	0.3799	0.3197	0.3236	0.2688
2:19:16	30.2	0.2540	0.2895	0.2973	0.3427	0.2969	0.3130	0.2937	0.2948	0.4282	0.3068	0.2739	0.2505	0.3119	0.2856	0.3325	0.2946	0.2870	0.2679	0.3674	0.3025	0.3099	0.2971	0.2650	0.3352	0.2796	0.3129	0.2843	0.3214	0.3511	0.2762	0.3857	0.2816	0.4111	0.3211	0.2625	0.3113	0.3159	0.2785	0.2943	0.3610	0.3031	0.2599	0.2845	0.3070	0.3015	0.3430	0.2725	0.3816	0.2796	0.2692	0.3797	0.2834	0.3194	0.2884	0.4046	0.3008	0.3219	0.2905	0.2555	0.3089	0.6788	0.3345	0.2930	0.3663	0.2709	0.2683	0.2856	0.2855	0.2720	0.3042	0.2546	0.3114	0.2862	0.3911	0.2874	0.3948	0.3002	0.3067	0.3443	0.2995	0.2924	0.4014	0.2585	0.3855	0.4269	0.3264	0.3331	0.3308	0.7960	0.4460	0.3827	0.2871	0.4455	0.3230	0.3317	0.2687
2:29:16	30.2	0.2541	0.2922	0.2980	0.3584	0.3093	0.3230	0.3006	0.3015	0.4754	0.3143	0.2743	0.2495	0.3224	0.2876	0.3416	0.2976	0.2934	0.2680	0.3984	0.3089	0.3198	0.3043	0.2651	0.3509	0.2803	0.3207	0.2842	0.3284	0.3738	0.2766	0.4350	0.2847	0.4596	0.3290	0.2625	0.3219	0.3233	0.2817	0.2961	0.3759	0.3089	0.2601	0.2856	0.3141	0.3068	0.3493	0.2725	0.4293	0.2799	0.2695	0.4109	0.2836	0.3456	0.3043	0.4399	0.3153	0.3282	0.2936	0.2556	0.3202	0.6792	0.3590	0.2927	0.4046	0.2714	0.2685	0.2880	0.2895	0.2727	0.3077	0.2545	0.3149	0.2882	0.4417	0.2911	0.4430	0.3023	0.3175	0.3546	0.3158	0.2969	0.4585	0.2585	0.3997	0.4737	0.3280	0.3403	0.3334	0.8025	0.4911	0.3876	0.2872	0.4886	0.3278	0.3394	0.2687
2:39:16	30.2	0.2539	0.2984	0.3003	0.4298	0.3327	0.3430	0.3121	0.3133	0.5024	0.3231	0.2738	0.2490	0.3449	0.2887	0.3521	0.3038	0.3059	0.2679	0.4267	0.3150	0.3353	0.3153	0.2649	0.3717	0.2825	0.3304	0.2895	0.3364	0.4430	0.2778	0.4803	0.2884	0.5040	0.3473	0.2626	0.3350	0.3508	0.2891	0.2990	0.3926	0.3204	0.2600	0.2890	0.3300	0.3163	0.3587	0.2725	0.4576	0.2794	0.2714	0.4654	0.2869	0.3764	0.3303	0.4741	0.3397	0.3346	0.2958	0.2553	0.3321	0.6822	0.4109	0.2894	0.4621	0.2707	0.2685	0.2927	0.3019	0.2730	0.3179	0.2546	0.3208	0.2907	0.4762	0.2919	0.4898	0.3086	0.3450	0.3661	0.3431	0.3052	0.4800	0.2585	0.4172	0.5154	0.3294	0.3535	0.3360	0.8110	0.5094	0.4032	0.2871	0.5032	0.3346	0.3548	0.2686
2:49:16	30.2	0.2540	0.3237	0.3118	0.4285	0.3341	0.3831	0.3204	0.3239	0.4963	0.3351	0.2718	0.2473	0.3771	0.2913	0.3661	0.3217	0.3222	0.2681	0.4532	0.3266	0.3517	0.3314	0.2647	0.4015	0.2900	0.3450	0.2986	0.3472	0.4778	0.2837	0.5023	0.3028	0.5283	0.3751	0.2626	0.3373	0.3681	0.2938	0.3105	0.4105	0.3305	0.2602	0.2961	0.3461	0.3340	0.3734	0.2727	0.4789	0.2815	0.2727	0.5416	0.2929	0.4124	0.3442	0.5194	0.3662	0.3417	0.3122	0.2556	0.3380	0.6852	0.4780	0.2912	0.4853	0.2685	0.2687	0.3064	0.3289	0.2742	0.3188	0.2546	0.3338	0.2929	0.5033	0.2936	0.4954	0.3127	0.3861	0.3812	0.3553	0.3216	0.5059	0.2587	0.4344	0.5656	0.3279	0.3831	0.3358	0.8156	0.5177	0.4180	0.2874	0.5174	0.3482	0.3796	0.2689
2:59:16	30.2	0.2539	0.3997	0.3636	0.4654	0.4016	0.4278	0.3359	0.3457	0.5113	0.3400	0.2726	0.2472	0.4293	0.2979	0.3823	0.3813	0.3472	0.2682	0.4804	0.3432	0.3897	0.3538	0.2645	0.4253	0.3207	0.3583	0.3428	0.3572	0.5183	0.2971	0.5146	0.3216	0.5426	0.4096	0.2626	0.4056	0.3870	0.3306	0.3372	0.4304	0.3563	0.2601	0.3060	0.3940	0.3619	0.3902	0.2727	0.4987	0.2852	0.2784	0.5703	0.2989	0.4538	0.3922	0.5467	0.4057	0.3485	0.3406	0.2556	0.3388	0.6854	0.5180	0.2987	0.4972	0.2718	0.2685	0.3097	0.3642	0.2749	0.3339	0.2545	0.3489	0.2951	0.5175	0.2949	0.5226	0.3179	0.4045	0.3932	0.4390	0.3388	0.5218	0.2586	0.4492	0.5979	0.3397	0.4370	0.3406	0.8241	0.5316	0.4387	0.2873	0.5493	0.3760	0.4153	0.2688
3:09:16	30.3	0.2538	0.4099	0.4216	0.4972	0.4322	0.4623	0.3990	0.4332	0.5643	0.3797	0.2719	0.2487	0.4323	0.3206	0.3999	0.4106	0.4014	0.2680	0.4981	0.4353	0.4202	0.4267	0.2644	0.4292	0.3620	0.3765	0.4259	0.3704	0.5584	0.3104	0.5300	0.3774	0.5639	0.4146	0.2624	0.4322	0.4267	0.3896	0.3996	0.4491	0.4133	0.2601	0.3426	0.4528	0.3954	0.3997	0.2726	0.5254	0.2934	0.2775	0.5923	0.3479	0.4466	0.4297	0.5558	0.4460	0.3564	0.3908	0.2555	0.3800	0.6825	0.5579	0.3280	0.5063	0.2712	0.2686	0.3221	0.3661	0.2764	0.4186	0.2547	0.3898	0.3036	0.5540	0.3468	0.5438	0.3769	0.4160	0.4111	0.4119	0.3579	0.5530	0.2586	0.4743	0.6356	0.3563	0.4886	0.3722	0.8338	0.5751	0.4575	0.2872	0.5759	0.4120	0.4456	0.2687
3:19:16	30.2	0.2538	0.4211	0.4405	0.5131	0.4454	0.4718	0.4456	0.4658	0.5796	0.3917	0.2721	0.2500	0.4612	0.3140	0.4187	0.4188	0.4146	0.2678	0.5092	0.4516	0.4559	0.4545	0.2643	0.4502	0.3691	0.3974	0.4568	0.3838	0.6122	0.3256	0.5498	0.3415	0.5765	0.4401	0.2627	0.4570	0.4298	0.4543	0.4018	0.4678	0.4366	0.2601	0.3957	0.5004	0.4209	0.4141	0.2724	0.5320	0.3144	0.2866	0.6204	0.3843	0.4446	0.4489	0.5725	0.4549	0.3687	0.4374	0.2555	0.4244	0.6942	0.6026	0.3959	0.5353	0.2713	0.2683	0.3779	0.4300	0.2780	0.4449	0.2544	0.4294	0.3143	0.5915	0.3426	0.5671	0.4004	0.4569	0.4403	0.4350	0.3864	0.5704	0.2586	0.4953	0.6566	0.3977	0.4946	0.3934	0.8399	0.5954	0.4802	0.2871	0.5875	0.4553	0.4765	0.2686
3:29:16	30.2	0.2536	0.4317	0.4651	0.5091	0.4573	0.4957	0.4669	0.4814	0.5758	0.4048	0.2716	0.2477	0.4873	0.3668	0.4376	0.4506	0.4294	0.2679	0.5136	0.4787	0.4652	0.4858	0.2644	0.4811	0.3912	0.4315	0.4622	0.4080	0.6486	0.3640	0.5517	0.3529	0.5712	0.4658	0.2626	0.4690	0.4589	0.4735	0.4219	0.4923	0.4659	0.2602	0.4261	0.5093	0.4460	0.4363	0.2726	0.5587	0.3278	0.3141	0.6381	0.3988	0.4966	0.4834	0.5997	0.4707	0.3885	0.4484	0.2555	0.4321	0.6940	0.6183	0.4341	0.5642	0.2709	0.2687	0.4316	0.4553	0.2805	0.4399	0.2543	0.4499	0.3770	0.5926	0.4070	0.6032	0.4301	0.4729	0.4436	0.4684	0.4136	0.5615	0.2586	0.5183	0.6768	0.4051	0.5238	0.4406	0.8483	0.5974	0.5111	0.2872	0.6125	0.4807	0.5085	0.2685
3:39:16	30.2	0.2537	0.4568	0.4618	0.5504	0.4759	0.5096	0.4809	0.4724	0.5815	0.4606	0.2712	0.2479	0.5166	0.4100	0.4571	0.4740	0.4310	0.2680	0.5570	0.4948	0.4807	0.5030	0.2643	0.5096	0.3999	0.4622	0.4800	0.4273	0.7043	0.3856	0.5667	0.4154	0.5813	0.4804	0.2624	0.4684	0.4622	0.4772	0.4431	0.5215	0.4705	0.2600	0.4738	0.5270	0.4596	0.4549	0.2726	0.5813	0.3588	0.3558	0.6728	0.4267	0.4901	0.4850	0.6095	0.4812	0.3959	0.4491	0.2555	0.3833	0.7058	0.6370	0.4322	0.5925	0.2709	0.2685	0.4352	0.4123	0.2833	0.4359	0.2544	0.4692	0.3638	0.6225	0.4413	0.6126	0.4462	0.4986	0.4699	0.4936	0.4495	0.5914	0.2585	0.5411	0.7126	0.4494	0.5422	0.4674	0.8522	0.6087	0.5428	0.2872	0.6132	0.5155	0.5291	0.2685
3:49:16	30.2	0.2538	0.4770	0.4772	0.5710	0.5026	0.5121	0.5076	0.4980	0.5975	0.5031	0.2633	0.2508	0.5284	0.4221	0.4758	0.4782	0.4551	0.2680	0.5760	0.5104	0.5065	0.5345	0.2644	0.5392	0.4107	0.4963	0.5012	0.4602	0.7507	0.4558	0.5742	0.4732	0.5913	0.5434	0.2626	0.4890	0.4840	0.4956	0.4691	0.5487	0.5001	0.2601	0.4999	0.5541	0.4916	0.4796	0.2727	0.5810	0.4029	0.3636	0.7013	0.4349	0.5301	0.5171	0.6174	0.5248	0.4224	0.4870	0.2555	0.4585	0.7081	0.6460	0.4662	0.6026	0.2706	0.2687	0.4536	0.4963	0.2869	0.4765	0.2545	0.4858	0.4032	0.6376	0.4437	0.6254	0.4742	0.5139	0.4997	0.5135	0.4147	0.5818	0.2586	0.5659	0.7438	0.4361	0.5622	0.4689	0.8591	0.6086	0.5777	0.2872	0.6432	0.5358	0.5385	0.2685
3:59:16	30.2	0.2536	0.5062	0.4919	0.6101	0.4973	0.5016	0.5321	0.5032	0.5913	0.5303	0.2673	0.2469	0.5708	0.4392	0.4882	0.5010	0.4831	0.2679	0.5855	0.5227	0.5479	0.5458	0.2644	0.5650	0.4320	0.5351	0.5329	0.4905	0.8081	0.4811	0.5744	0.4891	0.5904	0.5351	0.2624	0.4982	0.5091	0.4879	0.5051	0.5804	0.5266	0.2603	0.5057	0.5376	0.5144	0.5056	0.2726	0.5809	0.4348	0.3766	0.7308	0.4588	0.5721	0.5435	0.6140	0.5440	0.4502	0.4738	0.2555	0.4671	0.7045	0.6674	0.4657	0.6140	0.2711	0.2685	0.4675	0.5286	0.2902	0.4440	0.2544	0.4774	0.4433	0.6826	0.4753	0.6322	0.4865	0.5167	0.5334	0.5018	0.4127	0.6024	0.2585	0.5826	0.7822	0.4837	0.5711	0.4853	0.8642	0.6082	0.6112	0.2871	0.6505	0.5469	0.5448	0.2685
4:09:16	30.2	0.2537	0.5096	0.5001	0.6350	0.5494	0.5533	0.5351	0.5260	0.6149	0.5797	0.2753	0.2506	0.5958	0.4492	0.5093	0.5202	0.4821	0.2681	0.6122	0.5411	0.5462	0.5886	0.2646	0.5762	0.4502	0.5671	0.5444	0.5213	0.8677	0.4903	0.5976	0.5196	0.6031	0.5542	0.2627	0.4577	0.5300	0.5121	0.5160	0.6132	0.5295	0.2602	0.5158	0.6027	0.5158	0.5216	0.2728	0.6121	0.4297	0.4168	0.7498	0.4748	0.5682	0.5349	0.6415	0.5501	0.4553	0.4564	0.2556	0.5113	0.7178	0.6791	0.5132	0.6286	0.2683	0.2688	0.4949	0.4912	0.2946	0.4498	0.2545	0.4944	0.4544	0.7301	0.4898	0.6387	0.4805	0.5206	0.5637	0.5251	0.4849	0.6276	0.2588	0.6189	0.8190	0.5098	0.5950	0.5004	0.8753	0.6468	0.6586	0.2872	0.6503	0.5877	0.5947	0.2687
4:19:16	30.2	0.2537	0.4905	0.5127	0.6648	0.5778	0.5702	0.5705	0.5663	0.6270	0.6227	0.2583	0.2504	0.6084	0.4849	0.5272	0.5292	0.4919	0.2679	0.6280	0.5771	0.6005	0.6256	0.2645	0.6187	0.4746	0.6010	0.5431	0.5601	0.9214	0.5138	0.6027	0.5458	0.6104	0.6192	0.2626	0.5237	0.5772	0.5373	0.5327	0.6462	0.5445	0.2602	0.5433	0.6331	0.5771	0.5536	0.2728	0.6202	0.4706	0.4316	0.7849	0.4922	0.5937	0.5540	0.6488	0.5818	0.4827	0.5038	0.2555	0.5408	0.7819	0.6910	0.5250	0.6446	0.2703	0.2687	0.5082	0.5513	0.2991	0.4749	0.2544	0.5394	0.4633	0.7758	0.5088	0.6642	0.5006	0.5350	0.5861	0.5441	0.4961	0.6406	0.2585	0.6502	0.8591	0.5134	0.6156	0.5340	0.8843	0.6504	0.7571	0.2871	0.6700	0.6017	0.5971	0.2685
4:29:16	30.2	0.2537	0.5182	0.5370	0.6830	0.6012	0.5664	0.5927	0.5892	0.6307	0.6388	0.2755	0.2480	0.6441	0.5028	0.5526	0.5622	0.5184	0.2681	0.6511	0.6039	0.6334	0.6414	0.2647	0.6283	0.4993	0.6434	0.5880	0.5976	0.9693	0.5432	0.6064	0.5614	0.6165	0.6248	0.2626	0.5483	0.6236	0.5735	0.5576	0.6921	0.5819	0.2603	0.5698	0.6489	0.5961	0.5755	0.2728	0.6242	0.5018	0.4529	0.8016	0.5277	0.6222	0.5836	0.6546	0.6079	0.5186	0.5664	0.2557	0.5728	0.7846	0.7057	0.5432	0.6671	0.2711	0.2688	0.5202	0.5567	0.3055	0.5498	0.2545	0.4989	0.4930	0.8197	0.5262	0.6733	0.5311	0.5466	0.6147	0.5616	0.5110	0.6460	0.2587	0.6838	0.9044	0.5452	0.6380	0.5510	0.8939	0.6540	0.8216	0.2873	0.6788	0.6314	0.6221	0.2685
4:39:16	30.2	0.2538	0.5694	0.5597	0.7208	0.6251	0.6407	0.6221	0.6007	0.6481	0.6722	0.2631	0.2474	0.6834	0.5341	0.5764	0.5751	0.5452	0.2680	0.6519	0.6336	0.6490	0.6661	0.2646	0.6489	0.5266	0.6799	0.6356	0.6396	1.0182	0.5861	0.6031	0.5853	0.6280	0.6567	0.2626	0.5720	0.6583	0.6134	0.5905	0.7230	0.6054	0.2602	0.6061	0.6675	0.6312	0.6041	0.2727	0.6350	0.5352	0.4401	0.8533	0.5358	0.6448	0.6036	0.6610	0.6341	0.5499	0.5867	0.2557	0.5860	0.8169	0.7138	0.5729	0.6709	0.2717	0.2690	0.5172	0.5710	0.3138	0.5602	0.2544	0.5672	0.5285	0.8511	0.5594	0.6850	0.5575	0.5907	0.6474	0.5868	0.5693	0.6542	0.2587	0.7076	0.9463	0.5587	0.6368	0.5625	0.9081	0.6602	0.8578	0.2872	0.6830	0.6353	0.6491	0.2686
4:49:16	30.2	0.2538	0.6114	0.5779	0.7471	0.6572	0.6271	0.6522	0.6124	0.6355	0.6633	0.2719	0.2487	0.7372	0.5474	0.6110	0.6175	0.5569	0.2679	0.6758	0.6271	0.6700	0.6780	0.2646	0.6657	0.5798	0.7190	0.6680	0.6667	1.0582	0.6160	0.6207	0.6029	0.6159	0.6543	0.2625	0.6181	0.7083	0.6496	0.6090	0.7520	0.6315	0.2602	0.6329	0.6422	0.6629	0.6254	0.2728	0.6319	0.5619	0.4905	0.8563	0.5650	0.6762	0.6327	0.6683	0.6536	0.5790	0.5816	0.2556	0.5584	0.8301	0.6858	0.5822	0.7043	0.2716	0.2688	0.5839	0.5864	0.3249	0.6101	0.2544	0.5482	0.5289	0.9095	0.5582	0.7062	0.5745	0.5915	0.6755	0.5785	0.5572	0.6634	0.2587	0.7349	1.0049	0.5937	0.6641	0.5706	0.9207	0.6582	0.8754	0.2871	0.6834	0.6489	0.6721	0.2684
4:59:16	30.2	0.2537	0.6419	0.6544	0.7963	0.6789	0.6840	0.6626	0.6400	0.6666	0.7096	0.2575	0.2487	0.7817	0.6122	0.6488	0.6546	0.5825	0.2680	0.7038	0.6686	0.6859	0.6888	0.2646	0.6675	0.5947	0.7643	0.7100	0.7010	1.0974	0.6170	0.6338	0.6206	0.6369	0.6627	0.2627	0.6155	0.7304	0.6794	0.6411	0.7889	0.6268	0.2602	0.6319	0.6986	0.6386	0.6472	0.2728	0.6378	0.5842	0.4954	0.9019	0.5609	0.6840	0.6260	0.6949	0.6508	0.6021	0.6439	0.2558	0.6389	0.8294	0.7119	0.6084	0.7123	0.2715	0.2688	0.5785	0.6291	0.3521	0.6670	0.2544	0.5647	0.5789	0.9374	0.5963	0.7220	0.5875	0.6107	0.7070	0.6120	0.6127	0.6678	0.2587	0.7717	1.0335	0.6133	0.6724	0.6047	0.9086	0.6859	0.8878	0.2871	0.6863	0.6792	0.6915	0.2685
5:09:16	30.2	0.2537	0.6923	0.6588	0.8248	0.6967	0.6818	0.6900	0.6421	0.6563	0.6798	0.2663	0.2498	0.8320	0.6631	0.6706	0.6704	0.6346	0.2679	0.7470	0.6630	0.7057	0.7065	0.2650	0.6766	0.6533	0.8107	0.7452	0.7352	1.1359	0.6595	0.6277	0.6498	0.6317	0.7200	0.2626	0.6552	0.7670	0.7270	0.6559	0.7986	0.6731	0.2604	0.6682	0.6553	0.7006	0.6665	0.2730	0.6463	0.6189	0.5622	0.9289	0.5993	0.7105	0.6709	0.6808	0.6791	0.6542	0.6371	0.2557	0.6511	0.8289	0.7187	0.6183	0.7119	0.2702	0.2687	0.6241	0.6104	0.3646	0.6690	0.2544	0.6125	0.5983	0.9796	0.6077	0.7234	0.6172	0.6327	0.7312	0.6254	0.5378	0.6778	0.2586	0.7908	1.0741	0.6463	0.6889	0.6067	0.9557	0.6581	0.9366	0.2872	0.6970	0.6856	0.6961	0.2684
5:19:16	30.2	0.2537	0.7107	0.7234	0.8656	0.7315	0.7031	0.7033	0.6664	0.6621	0.6812	0.2719	0.2480	0.8613	0.6778	0.7096	0.7138	0.6178	0.2680	0.7829	0.6780	0.7234	0.7167	0.2653	0.6841	0.6996	0.8680	0.7886	0.7666	1.1594	0.6583	0.6429	0.6508	0.6393	0.6686	0.2627	0.6522	0.8120	0.7950	0.6908	0.8222	0.6814	0.2606	0.6714	0.6926	0.6975	0.6877	0.2729	0.6450	0.6639	0.5990	0.9604	0.6239	0.7052	0.6708	0.7077	0.6867	0.6693	0.6488	0.2558	0.6534	0.8342	0.7230	0.6476	0.7147	0.2714	0.2688	0.6095	0.6617	0.4365	0.6534	0.2544	0.6218	0.6405	1.0121	0.6175	0.7425	0.6235	0.6422	0.7494	0.6497	0.6178	0.6784	0.2587	0.8258	1.0904	0.6731	0.6802	0.6325	0.9861	0.6944	0.9496	0.2872	0.6956	0.7099	0.7212	0.2686
5:29:16	30.2	0.2536	0.7571	0.7716	0.9057	0.7614	0.7449	0.7212	0.6830	0.6817	0.7112	0.2720	0.2507	0.9005	0.7359	0.7470	0.7442	0.6500	0.2679	0.8202	0.7086	0.7239	0.7212	0.2656	0.6981	0.7248	0.9130	0.8134	0.8079	1.1890	0.6747	0.6519	0.6632	0.6511	0.7199	0.2627	0.6730	0.8590	0.8172	0.7022	0.8450	0.6836	0.2602	0.6828	0.7250	0.6815	0.7088	0.2729	0.6473	0.6953	0.6183	0.9756	0.6417	0.7243	0.6746	0.7272	0.6973	0.6982	0.6970	0.2557	0.6584	0.8549	0.7567	0.6656	0.7267	0.2688	0.2687	0.6550	0.6956	0.4639	0.6760	0.2544	0.6570	0.6665	1.0484	0.6578	0.7707	0.6367	0.6578	0.7766	0.6341	0.6484	0.6990	0.2586	0.8490	1.1163	0.7038	0.6998	0.6504	1.0208	0.7093	0.9814	0.2872	0.7136	0.7245	0.7166	0.2685
5:39:16	30.2	0.2534	0.7792	0.7921	0.9349	0.7846	0.7396	0.7383	0.6628	0.6752	0.6818	0.2723	0.2485	0.9491	0.7481	0.7814	0.7685	0.6571	0.2679	0.8519	0.7059	0.7380	0.7207	0.2653	0.7134	0.7741	0.9672	0.8534	0.8458	1.2100	0.6875	0.6486	0.6729	0.6524	0.6846	0.2627	0.6804	0.9044	0.8627	0.7201	0.8684	0.7094	0.2601	0.6995	0.6963	0.7233	0.7273	0.2727	0.6582	0.7542	0.6341	0.9954	0.6547	0.7270	0.6916	0.7468	0.7040	0.7388	0.6805	0.2558	0.6755	0.8453	0.7689	0.6649	0.7187	0.2711	0.2689	0.6655	0.7057	0.4717	0.7115	0.2544	0.6334	0.6913	1.0701	0.6580	0.7882	0.6601	0.6600	0.8076	0.6683	0.6393	0.6900	0.2585	0.8781	1.1297	0.7203	0.7197	0.6575	1.0501	0.7156	0.9956	0.2872	0.7202	0.7247	0.7397	0.2683
5:49:16	30.2	0.2536	0.8060	0.8057	0.9583	0.8084	0.7635	0.7223	0.6939	0.6788	0.7032	0.2718	0.2488	0.9801	0.7793	0.8050	0.7746	0.6840	0.2679	0.8695	0.7225	0.7178	0.7284	0.2654	0.7110	0.7898	1.0050	0.8769	0.8703	1.2316	0.7135	0.6592	0.6873	0.6411	0.6795	0.2627	0.7009	0.9069	0.8725	0.7442	0.8690	0.7294	0.2604	0.7249	0.6960	0.7286	0.7482	0.2729	0.6804	0.7797	0.6668	1.0201	0.6698	0.7539	0.7067	0.7436	0.7122	0.7890	0.6901	0.2558	0.6863	0.8536	0.7800	0.6768	0.7373	0.2708	0.2689	0.6749	0.7278	0.4991	0.7213	0.2545	0.6319	0.7360	1.1013	0.6646	0.8015	0.6789	0.6742	0.8239	0.7013	0.6199	0.7074	0.2585	0.8971	1.1406	0.7497	0.7426	0.6927	1.0826	0.7011	1.0039	0.2873	0.7267	0.7435	0.7374	0.2686
5:59:16	30.2	0.2536	0.8355	0.8137	0.9985	0.8187	0.7747	0.7203	0.6953	0.7122	0.7130	0.2715	0.2479	1.0274	0.8218	0.8362	0.7789	0.7257	0.2680	0.9046	0.7182	0.7531	0.7525	0.2651	0.7348	0.8157	1.0320	0.9115	0.9004	1.2624	0.7313	0.6648	0.6945	0.6668	0.7850	0.2628	0.7190	0.9148	0.8703	0.7889	0.8940	0.7337	0.2605	0.7181	0.7292	0.7518	0.7701	0.2731	0.6946	0.8020	0.6934	1.0446	0.6948	0.7753	0.7261	0.7628	0.7311	0.8214	0.7116	0.2559	0.7051	0.8817	0.8200	0.7177	0.7606	0.2711	0.2688	0.7065	0.7172	0.5122	0.7305	0.2545	0.6857	0.7425	1.1253	0.7202	0.8227	0.6995	0.7248	0.8353	0.7138	0.7189	0.7415	0.2586	0.9157	1.1610	0.7760	0.7669	0.7116	1.1168	0.7398	1.0272	0.2873	0.7598	0.7516	0.7815	0.2683
6:09:16	30.2	0.2533	0.8556	0.8632	1.0167	0.8578	0.8114	0.7350	0.6936	0.6955	0.6945	0.2708	0.2482	1.0515	0.8692	0.8698	0.8261	0.7091	0.2679	0.9232	0.7295	0.7464	0.7362	0.2649	0.7408	0.8422	1.0722	0.9335	0.9347	1.2750	0.7269	0.6660	0.6918	0.6729	0.7034	0.2625	0.7584	0.9202	0.9089	0.7817	0.9028	0.7299	0.2604	0.7315	0.7170	0.7302	0.7888	0.2729	0.6778	0.8371	0.7094	1.0421	0.6944	0.7920	0.7252	0.8186	0.7265	0.8244	0.7042	0.2556	0.6820	0.8419	0.8395	0.7130	0.7730	0.2713	0.2689	0.6980	0.7339	0.5331	0.7506	0.2542	0.6759	0.7618	1.1445	0.7035	0.8563	0.6941	0.6975	0.8564	0.7222	0.6803	0.7237	0.2585	0.9401	1.1684	0.7876	0.7775	0.7070	1.1295	0.7862	1.0343	0.2870	0.7450	0.7486	0.7554	0.2682
6:19:16	30.2	0.2535	0.9107	0.8875	1.0490	0.8538	0.8046	0.7634	0.7068	0.7222	0.7392	0.2703	0.2499	1.0831	0.8975	0.9087	0.8334	0.7332	0.2679	0.9460	0.7432	0.7635	0.7599	0.2650	0.7390	0.8513	1.1009	0.9548	0.9590	1.2900	0.7357	0.6696	0.7077	0.6810	0.7459	0.2627	0.7610	0.9224	0.9333	0.7957	0.9137	0.7525	0.2604	0.7492	0.7345	0.7372	0.8016	0.2730	0.6815	0.8648	0.7357	1.0705	0.7127	0.7931	0.7429	0.8225	0.7343	0.8566	0.7511	0.2557	0.7213	0.8646	0.8899	0.7370	0.8031	0.2694	0.2689	0.7279	0.7698	0.5432	0.7608	0.2542	0.6956	0.8043	1.1660	0.7252	0.8874	0.7080	0.7151	0.8646	0.7272	0.7046	0.7362	0.2586	0.9619	1.1842	0.8147	0.7988	0.7354	1.1440	0.8200	1.0617	0.2872	0.7688	0.7525	0.7811	0.2684
6:29:16	30.2	0.2535	0.9306	0.9017	1.0682	0.8650	0.8795	0.7525	0.7189	0.7135	0.7406	0.2706	0.2499	1.1134	0.9419	0.9366	0.8536	0.7564	0.2680	0.9637	0.7419	0.7454	0.7577	0.2648	0.7454	0.8787	1.1257	0.9722	0.9964	1.3070	0.7508	0.6783	0.7036	0.6734	0.7384	0.2627	0.7218	0.9528	0.9787	0.8117	0.9217	0.7502	0.2603	0.7277	0.7453	0.7689	0.8246	0.2728	0.7059	0.9134	0.7593	1.0935	0.7248	0.8261	0.7429	0.8502	0.7259	0.8820	0.7433	0.2557	0.7219	0.8619	0.9135	0.7545	0.8163	0.2716	0.2688	0.7296	0.7636	0.5432	0.7317	0.2542	0.6609	0.8091	1.1903	0.7383	0.9079	0.7131	0.7328	0.8938	0.7216	0.6934	0.7391	0.2586	0.9827	1.1964	0.8097	0.8260	0.7460	1.1635	0.8556	1.0538	0.2871	0.7679	0.7768	0.7679	0.2684
6:39:16	30.2	0.2535	0.9430	0.9210	1.1000	0.9015	0.8221	0.7349	0.7158	0.7027	0.6535	0.2700	0.2498	1.1407	0.8973	0.9523	0.8552	0.7668	0.2681	0.9832	0.7333	0.7351	0.7462	0.2653	0.7351	0.9124	1.1531	0.9845	1.0055	1.3171	0.7512	0.6785	0.6990	0.6610	0.7467	0.2626	0.7487	0.9776	0.9867	0.8220	0.9300	0.7620	0.2604	0.7444	0.7178	0.7489	0.8332	0.2728	0.7025	0.9360	0.7581	1.1051	0.7344	0.8083	0.7372	0.8522	0.7243	0.9040	0.7372	0.2558	0.7145	0.8596	0.9405	0.7395	0.8289	0.2716	0.2688	0.7089	0.7558	0.5379	0.7335	0.2543	0.7169	0.8197	1.2104	0.7471	0.9254	0.7092	0.7477	0.8934	0.7385	0.7004	0.7556	0.2585	1.0086	1.2097	0.8322	0.8569	0.7600	1.1758	0.8803	1.0475	0.2872	0.7695	0.7652	0.7836	0.2682
6:49:16	30.2	0.2536	0.9511	0.9289	1.1228	0.9007	0.8073	0.7637	0.7320	0.7120	0.7497	0.2710	0.2494	1.1640	0.9201	0.9755	0.8753	0.7696	0.2680	1.0083	0.7643	0.7557	0.7768	0.2654	0.7467	0.9195	1.1686	1.0173	1.0269	1.3273	0.7678	0.6829	0.7122	0.6650	0.7828	0.2626	0.7734	1.0030	0.9756	0.8299	0.9383	0.7786	0.2606	0.7500	0.7346	0.7686	0.8519	0.2729	0.7189	0.9758	0.7664	1.1159	0.7477	0.8065	0.7497	0.8644	0.7386	0.9239	0.7560	0.2557	0.7594	0.8598	0.9735	0.7575	0.8475	0.2700	0.2689	0.7313	0.7728	0.5523	0.7760	0.2543	0.7168	0.8330	1.2275	0.7794	0.9495	0.7280	0.7619	0.8985	0.7541	0.7268	0.7570	0.2586	1.0207	1.2154	0.8576	0.8727	0.7688	1.1922	0.9122	1.0659	0.2872	0.7915	0.7557	0.7628	0.2682
6:59:16	30.2	0.2535	0.9892	0.9371	1.1325	0.9049	0.8354	0.7242	0.7446	0.7303	0.7342	0.2722	0.2480	1.1842	0.9632	1.0051	0.8827	0.7533	0.2679	1.0342	0.7593	0.7567	0.7524	0.2655	0.7722	0.9375	1.1854	1.0381	1.0568	1.3405	0.7931	0.6961	0.7103	0.6942	0.8003	0.2624	0.7843	1.0067	0.9678	0.8446	0.9548	0.7922	0.2602	0.7489	0.7522	0.7766	0.8702	0.2729	0.7274	0.9993	0.7944	1.1361	0.7584	0.8228	0.7655	0.8980	0.7433	0.9439	0.7768	0.2556	0.7539	0.8509	1.0029	0.7712	0.8755	0.2697	0.2687	0.7281	0.7883	0.5727	0.7694	0.2543	0.7033	0.8853	1.2383	0.8000	0.9713	0.7172	0.7319	0.9234	0.7278	0.7377	0.7486	0.2586	1.0314	1.2251	0.8749	0.8876	0.7654	1.2069	0.9393	1.0808	0.2871	0.7993	0.7473	0.7368	0.2683
7:09:16	30.2	0.2535	1.0138	0.9548	1.1551	0.9005	0.8392	0.7228	0.7581	0.7319	0.7324	0.2709	0.2490	1.2051	0.9822	1.0197	0.8819	0.7598	0.2681	1.0496	0.7349	0.7537	0.7663	0.2656	0.7546	0.9601	1.2096	1.0785	1.0836	1.3498	0.8065	0.6938	0.7100	0.6947	0.7877	0.2628	0.7581	1.0513	0.9855	0.8727	0.9645	0.8046	0.2603	0.7455	0.7506	0.7744	0.8896	0.2729	0.7338	1.0248	0.8053	1.1493	0.7638	0.8293	0.7548	0.9179	0.7348	0.9605	0.7667	0.2559	0.7177	0.8602	1.0329	0.7853	0.8958	0.2684	0.2690	0.7357	0.7586	0.5691	0.7653	0.2542	0.7040	0.8449	1.2565	0.8241	0.9937	0.7235	0.7311	0.9160	0.7519	0.6959	0.7678	0.2586	1.0520	1.2367	0.8712	0.9113	0.7748	1.2200	0.9606	1.0855	0.2873	0.8109	0.7635	0.7539	0.2683
7:19:16	30.2	0.2534	1.0228	0.9835	1.1744	0.8966	0.8453	0.7461	0.8198	0.7496	0.7608	0.2724	0.2503	1.2242	1.0049	1.0468	0.8997	0.7843	0.2679	1.0663	0.7620	0.7644	0.7816	0.2655	0.7755	0.9867	1.2259	1.0925	1.1044	1.3598	0.8116	0.7058	0.7296	0.7089	0.7884	0.2627	0.7796	1.1280	1.0365	0.8935	0.9805	0.8072	0.2605	0.7595	0.7543	0.7925	0.9030	0.2729	0.7418	1.0323	0.8300	1.1685	0.7853	0.8569	0.7632	0.9244	0.7430	0.9788	0.7702	0.2558	0.7452	0.8685	1.0588	0.7989	0.9257	0.2715	0.2690	0.7807	0.7522	0.5842	0.7824	0.2542	0.7014	0.8540	1.2690	0.8239	1.0183	0.7156	0.7782	0.9529	0.7845	0.6808	0.7672	0.2585	1.0615	1.2489	0.8774	0.9641	0.8154	1.2316	0.9806	1.0988	0.2871	0.8306	0.7614	0.7829	0.2682
7:29:16	30.2	0.2536	1.0357	0.9910	1.1934	0.9077	0.8535	0.7476	0.8064	0.7616	0.7517	0.2725	0.2486	1.2420	1.0344	1.0654	0.9259	0.7946	0.2681	1.0765	0.7326	0.7693	0.7853	0.2655	0.7866	1.0050	1.2425	1.1057	1.1202	1.3667	0.7994	0.7294	0.7541	0.7140	0.7785	0.2626	0.7860	1.0794	1.0443	0.8864	0.9904	0.8119	0.2604	0.7709	0.7396	0.7827	0.9167	0.2729	0.7645	1.0435	0.8614	1.1813	0.8196	0.8906	0.7634	0.9454	0.7349	0.9930	0.7599	0.2560	0.7395	0.8829	1.0875	0.7885	0.9490	0.2715	0.2689	0.7596	0.7889	0.5833	0.7675	0.2543	0.7400	0.8798	1.2840	0.8544	1.0381	0.7314	0.8253	0.9627	0.8179	0.6967	0.7773	0.2586	1.0787	1.2609	0.9060	0.9586	0.8329	1.2467	1.0057	1.1055	0.2872	0.8353	0.7893	0.7606	0.2683
7:39:16	30.2	0.2537	1.0536	1.0039	1.2013	0.9350	0.8812	0.7631	0.7860	0.7696	0.7543	0.2719	0.2497	1.2608	1.0499	1.0800	0.9484	0.8097	0.2681	1.0832	0.7527	0.7763	0.7724	0.2654	0.7788	1.0587	1.2596	1.1227	1.1300	1.3629	0.8051	0.7463	0.7575	0.7089	0.8027	0.2627	0.7991	1.0912	1.0720	0.9373	0.9995	0.8206	0.2606	0.7627	0.7531	0.7778	0.9227	0.2730	0.7647	1.0924	0.8621	1.1912	0.8179	0.9260	0.7881	0.9652	0.7454	1.0054	0.7544	0.2560	0.7358	0.8929	1.1131	0.8306	0.9726	0.2713	0.2691	0.7345	0.8063	0.5583	0.7526	0.2543	0.7617	0.9008	1.3008	0.8787	1.0520	0.7546	0.8455	0.9732	0.8379	0.6820	0.7785	0.2588	1.0951	1.2759	0.9416	0.9885	0.8530	1.2638	1.0378	1.1036	0.2873	0.8653	0.8100	0.7648	0.2684
7:49:16	30.2	0.2534	1.0670	1.0316	1.2246	0.9533	0.8936	0.7688	0.7972	0.7998	0.7595	0.2713	0.2492	1.2790	1.0752	1.0978	0.9754	0.8550	0.2679	1.1182	0.7464	0.7812	0.7965	0.2654	0.8100	1.0713	1.2674	1.1329	1.1454	1.3781	0.8218	0.7598	0.7650	0.7251	0.8084	0.2626	0.8112	1.1147	1.0925	0.9471	1.0142	0.8523	0.2605	0.7802	0.7615	0.7599	0.9417	0.2729	0.7802	1.0975	0.8821	1.2093	0.8704	0.9568	0.7977	0.9882	0.7486	1.0224	0.7728	0.2558	0.7736	0.9069	1.1340	0.8726	0.9934	0.2714	0.2688	0.7364	0.8256	0.5343	0.7571	0.2542	0.7859	0.9321	1.3146	0.9118	1.0766	0.8016	0.8731	0.9768	0.8525	0.7113	0.8074	0.2586	1.1110	1.2880	0.9600	1.0381	0.8903	1.2798	1.0632	1.1186	0.2872	0.8871	0.8273	0.8018	0.2682
7:59:16	30.2	0.2534	1.0896	1.0451	1.2388	0.9728	0.9243	0.7855	0.8038	0.8072	0.7805	0.2701	0.2505	1.2960	1.0848	1.1053	0.9900	0.8707	0.2681	1.1339	0.7717	0.7863	0.8109	0.2655	0.8137	1.0863	1.2829	1.1495	1.1571	1.3844	0.8317	0.7802	0.7795	0.7100	0.8343	0.2626	0.8118	1.1273	1.1130	0.9753	1.0168	0.8848	0.2605	0.7851	0.7716	0.7825	0.9549	0.2730	0.7946	1.1201	0.9105	1.2123	0.8745	0.9825	0.8207	1.0059	0.7728	1.0385	0.7626	0.2559	0.7772	0.9144	1.1530	0.8957	1.0134	0.2709	0.2689	0.7522	0.8628	0.5538	0.7493	0.2542	0.7776	0.9359	1.3288	0.9217	1.0924	0.8423	0.8936	0.9895	0.8758	0.7209	0.8187	0.2586	1.1250	1.3013	0.9773	1.0588	0.8847	1.2925	1.0761	1.1242	0.2873	0.9082	0.8459	0.7867	0.2684
8:09:16	30.2	0.2533	1.1149	1.0497	1.2566	1.0041	0.9535	0.8237	0.9118	0.8139	0.7982	0.2695	0.2494	1.3120	1.0930	1.1118	1.0194	0.9069	0.2679	1.1452	0.8139	0.8259	0.8486	0.2654	0.8117	1.1117	1.2945	1.1525	1.1715	1.3848	0.8678	0.7940	0.7967	0.7064	0.8320	0.2626	0.8070	1.1394	1.1257	1.0085	1.0277	0.9201	0.2605	0.7925	0.8016	0.7858	0.9598	0.2728	0.7822	1.1396	0.9402	1.2211	0.9217	0.9975	0.8567	1.0243	0.7945	1.0487	0.7743	0.2557	0.7854	0.9254	1.1637	0.9261	1.0391	0.2704	0.2689	0.7732	0.8751	0.5525	0.7445	0.2541	0.7830	1.0029	1.3417	0.9399	1.1097	0.8553	0.9369	0.9932	0.9047	0.7387	0.8429	0.2586	1.1337	1.3115	1.0125	1.0807	0.9282	1.3005	1.0959	1.1223	0.2872	0.9224	0.8681	0.8147	0.2682
8:19:16	30.2	0.2535	1.1271	1.0722	1.2734	1.0275	0.9766	0.8600	0.9176	0.8442	0.8029	0.2694	0.2492	1.3245	1.1200	1.1339	1.0292	0.9389	0.2682	1.1644	0.8535	0.8608	0.8951	0.2657	0.8107	1.1329	1.3032	1.1600	1.1868	1.3967	0.8936	0.8174	0.8320	0.7370	0.8417	0.2626	0.8204	1.1549	1.1355	1.0308	1.0411	0.9393	0.2606	0.8055	0.8316	0.7924	0.9741	0.2730	0.7901	1.1575	0.9683	1.2382	0.9320	1.0272	0.9008	1.0466	0.8314	1.0664	0.7929	0.2561	0.7995	0.9466	1.1876	0.9528	1.0640	0.2707	0.2690	0.8176	0.9056	0.5650	0.7780	0.2543	0.7741	1.0077	1.3514	0.9709	1.1393	0.8740	0.9598	1.0014	0.9262	0.7583	0.8496	0.2588	1.1479	1.3208	1.0308	1.1090	0.9520	1.3140	1.1246	1.1323	0.2873	0.9467	0.8743	0.8238	0.2683
8:29:16	30.2	0.2533	1.1441	1.0929	1.2937	1.0453	0.9879	0.8645	0.9073	0.8717	0.8028	0.2696	0.2499	1.3381	1.1280	1.1466	1.0623	0.9543	0.2680	1.1820	0.8653	0.8589	0.9202	0.2652	0.8399	1.1726	1.3108	1.1780	1.1973	1.4030	0.9166	0.8506	0.8562	0.7422	0.8502	0.2627	0.8112	1.1709	1.1526	1.0522	1.0485	0.9718	0.2604	0.8310	0.8382	0.8049	0.9888	0.2729	0.8426	1.1706	1.0040	1.2489	0.9522	1.0599	0.9210	1.0621	0.8418	1.0765	0.8029	0.2557	0.8019	0.9661	1.2067	0.9790	1.0867	0.2707	0.2689	0.8305	0.9555	0.5898	0.7805	0.2540	0.8055	1.0359	1.3612	1.0053	1.1535	0.9054	0.9858	1.0103	0.9552	0.7809	0.8813	0.2586	1.1602	1.3349	1.0394	1.1222	0.9806	1.3261	1.1418	1.1408	0.2870	0.9606	0.9228	0.8511	0.2681
8:39:16	30.2	0.2535	1.1660	1.1159	1.3170	1.0601	1.0191	0.9113	0.9427	0.8653	0.8055	0.2702	0.2489	1.3518	1.1491	1.1583	1.0682	0.9689	0.2682	1.1921	0.8947	0.9047	0.9865	0.2655	0.8432	1.1714	1.3254	1.1908	1.2149	1.4062	0.9598	0.8574	0.8864	0.7482	0.8962	0.2628	0.8461	1.1911	1.1718	1.0674	1.0563	0.9956	0.2605	0.8617	0.8893	0.8331	0.9901	0.2731	0.8165	1.1882	1.0246	1.2577	0.9821	1.0840	0.9511	1.0841	0.8812	1.0872	0.8135	0.2559	0.8137	0.9856	1.2180	1.0064	1.1081	0.2682	0.2690	0.8671	0.9957	0.6452	0.7983	0.2543	0.8038	1.0356	1.3777	1.0278	1.1739	0.9294	1.0226	1.0007	0.9762	0.7684	0.9174	0.2587	1.1672	1.3499	1.0518	1.1491	1.0130	1.3344	1.1585	1.1392	0.2873	0.9751	0.9561	0.8691	0.2681
8:49:16	30.2	0.2536	1.1887	1.1426	1.3378	1.0851	1.0594	0.9454	0.9933	0.8745	0.8252	0.2698	0.2500	1.3656	1.1612	1.1708	1.1105	1.0112	0.2680	1.2071	0.9250	0.9378	0.9978	0.2656	0.8617	1.2086	1.3377	1.1923	1.2311	1.4124	0.9921	0.8838	0.9106	0.7455	0.9217	0.2627	0.8811	1.2072	1.1846	1.0998	1.0601	1.0114	0.2608	0.8792	0.9198	0.8449	1.0042	0.2732	0.8340	1.2096	1.0490	1.2672	1.0279	1.1118	1.0053	1.0952	0.8889	1.0970	0.8590	0.2559	0.8271	0.9960	1.2303	1.0317	1.1264	0.2716	0.2691	0.8863	1.0327	0.6406	0.8078	0.2544	0.8279	1.0548	1.3892	1.0513	1.1867	0.9518	1.0539	1.0121	1.0033	0.7801	0.9431	0.2587	1.1826	1.3610	1.0790	1.1788	1.0353	1.3419	1.1709	1.1494	0.2873	0.9778	0.9895	0.8971	0.2683
8:59:16	30.2	0.2533	1.2107	1.1464	1.3672	1.1076	1.0755	0.9734	1.0237	0.9103	0.8490	0.2712	0.2494	1.3841	1.1641	1.1678	1.1202	1.0059	0.2680	1.2328	0.9520	0.9604	1.0449	0.2654	0.8682	1.2081	1.3375	1.2147	1.2299	1.4203	1.0280	0.9072	0.9392	0.7355	0.9515	0.2626	0.9083	1.2181	1.1998	1.1148	1.0753	1.0417	0.2607	0.9121	0.9583	0.8704	1.0170	0.2730	0.8671	1.2184	1.0697	1.2788	1.0467	1.1374	1.0229	1.1100	0.9336	1.1028	0.8912	0.2558	0.8598	1.0190	1.2466	1.0587	1.1503	0.2695	0.2691	0.9167	1.0611	0.6365	0.8313	0.2541	0.8491	1.0766	1.3963	1.0726	1.2035	0.9951	1.0885	1.0293	1.0405	0.7922	0.9923	0.2585	1.1992	1.3736	1.0989	1.1999	1.0565	1.3524	1.1840	1.1526	0.2872	1.0021	1.0248	0.9278	0.2681
9:09:16	30.2	0.2534	1.2215	1.1698	1.3950	1.1354	1.1000	1.0008	1.0301	0.9029	0.8812	0.2734	0.2493	1.3899	1.1886	1.1912	1.1583	1.0521	0.2680	1.2333	0.9966	1.0244	1.0661	0.2657	0.9436	1.2125	1.3514	1.2209	1.2493	1.4221	1.0640	0.9195	0.9867	0.7647	0.9825	0.2626	0.9545	1.2249	1.2192	1.1363	1.0759	1.0733	0.2604	0.9321	1.0018	0.8966	1.0281	0.2730	0.8844	1.2321	1.0907	1.2879	1.0717	1.1594	1.0533	1.1255	0.9616	1.1181	0.9080	0.2557	0.8963	1.0225	1.2584	1.0834	1.1611	0.2697	0.2690	0.9386	1.0765	0.6451	0.8522	0.2543	0.8817	1.1024	1.4089	1.1016	1.2193	1.0283	1.1090	1.0155	1.0583	0.8089	0.9884	0.2585	1.2040	1.3857	1.1253	1.2221	1.0889	1.3603	1.2063	1.1601	0.2871	1.0228	1.0639	0.9627	0.2681
9:19:16	30.2	0.2535	1.2364	1.1979	1.4146	1.1479	1.1270	1.0278	1.0552	0.9148	0.9073	0.2746	0.2498	1.4014	1.2147	1.2046	1.1866	1.0804	0.2681	1.2492	1.0224	1.0530	1.0826	0.2655	0.9697	1.2609	1.3587	1.2445	1.2592	1.4268	1.0879	0.9410	1.0109	0.7685	1.0171	0.2627	0.9850	1.2623	1.2297	1.1611	1.0869	1.0961	0.2606	0.9766	1.0282	0.9319	1.0401	0.2730	0.8954	1.2801	1.1037	1.2960	1.0988	1.1878	1.0829	1.1391	1.0081	1.1284	0.9484	0.2558	0.9194	1.0556	1.2727	1.1041	1.1845	0.2707	0.2691	0.9786	1.0929	0.6572	0.8898	0.2542	0.9209	1.1238	1.4210	1.1218	1.2334	1.0569	1.1370	1.0299	1.0909	0.8209	1.0085	0.2587	1.2149	1.3971	1.1493	1.2462	1.1182	1.3695	1.2228	1.1641	0.2872	1.0382	1.0839	1.0010	0.2680
9:29:16	30.2	0.2534	1.2486	1.2072	1.4404	1.1529	1.1464	1.0648	1.0836	0.9347	0.9393	0.2725	0.2499	1.4098	1.2119	1.2220	1.1941	1.1006	0.2680	1.2676	1.0596	1.0786	1.1034	0.2653	0.9711	1.2589	1.3646	1.2546	1.2706	1.4346	1.1177	0.9536	1.0435	0.7818	1.0477	0.2627	1.0064	1.2550	1.2395	1.1802	1.0896	1.1212	0.2605	1.0045	1.0673	0.9656	1.0531	0.2730	0.9377	1.2631	1.1305	1.3003	1.1252	1.2062	1.1116	1.1540	1.0290	1.1326	0.9776	0.2559	0.9382	1.0426	1.2881	1.1268	1.2008	0.2715	0.2690	1.0077	1.1180	0.6711	0.9277	0.2543	0.9532	1.1426	1.4306	1.1421	1.2412	1.0790	1.1578	1.0329	1.1084	0.8616	1.0233	0.2588	1.2247	1.4062	1.1731	1.2595	1.1388	1.3773	1.2389	1.1715	0.2872	1.0537	1.1149	1.0230	0.2682
9:39:16	30.2	0.2533	1.2615	1.2260	1.4540	1.1885	1.1724	1.0912	1.1198	0.9489	0.9687	0.2743	0.2503	1.4238	1.2211	1.2220	1.2037	1.1378	0.2683	1.2685	1.0817	1.1043	1.1283	0.2653	0.9904	1.2742	1.3673	1.2749	1.2795	1.4331	1.1415	0.9758	1.0734	0.7715	1.0769	0.2626	1.0248	1.2629	1.2509	1.1943	1.1012	1.1494	0.2606	1.0316	1.0948	1.0037	1.0700	0.2730	0.9203	1.2588	1.1451	1.3156	1.1428	1.2212	1.1338	1.1643	1.0609	1.1472	1.0044	0.2560	0.9689	1.0508	1.3029	1.1472	1.2180	0.2714	0.2689	1.0475	1.1473	0.6795	0.9691	0.2544	0.9817	1.1610	1.4424	1.1616	1.2531	1.1197	1.1829	1.0456	1.1361	0.8907	1.0358	0.2586	1.2434	1.4151	1.1918	1.2781	1.1752	1.3862	1.2427	1.1803	0.2873	1.0631	1.1383	1.0561	0.2682
9:49:16	30.2	0.2537	1.2708	1.2426	1.4657	1.2035	1.1831	1.1178	1.1394	0.9675	1.0156	0.2743	0.2503	1.4295	1.2453	1.2441	1.2235	1.1523	0.2683	1.2941	1.1143	1.1264	1.1414	0.2657	1.0169	1.2886	1.3762	1.2755	1.2887	1.4445	1.1583	0.9929	1.1057	0.8058	1.0976	0.2628	1.0510	1.2864	1.2642	1.2104	1.1081	1.1683	0.2607	1.0687	1.1226	1.0464	1.0872	0.2731	0.9223	1.2837	1.1725	1.3278	1.1662	1.2259	1.1557	1.1711	1.0918	1.1478	1.0397	0.2561	0.9968	1.0684	1.3119	1.1644	1.2362	0.2720	0.2692	1.0701	1.1626	0.6828	0.9923	0.2544	0.9960	1.1795	1.4490	1.1814	1.2723	1.1379	1.1912	1.0400	1.1519	0.9050	1.0529	0.2589	1.2543	1.4218	1.1999	1.2914	1.1801	1.3965	1.2571	1.1905	0.2875	1.0832	1.1634	1.0762	0.2683
9:59:16	30.2	0.2535	1.2787	1.2526	1.4779	1.2159	1.1974	1.1465	1.1674	0.9621	1.0509	0.2698	0.2495	1.4396	1.2421	1.2570	1.2342	1.1753	0.2683	1.2979	1.1277	1.1461	1.1623	0.2654	1.0503	1.2969	1.3839	1.2915	1.2978	1.4468	1.1893	0.9939	1.1284	0.8124	1.1207	0.2627	1.0819	1.2826	1.2796	1.2239	1.1111	1.1872	0.2606	1.0976	1.1391	1.0774	1.0956	0.2731	0.9539	1.2943	1.1893	1.3282	1.1829	1.2404	1.1700	1.1942	1.1241	1.1635	1.0532	0.2559	1.0327	1.0750	1.3194	1.1817	1.2436	0.2687	0.2692	1.0875	1.1801	0.6933	1.0290	0.2542	1.0232	1.1888	1.4584	1.1920	1.2788	1.1599	1.2081	1.0610	1.1686	0.9460	1.0647	0.2587	1.2533	1.4364	1.2122	1.3068	1.2004	1.4018	1.2650	1.1844	0.2873	1.0912	1.1816	1.1050	0.2681
10:09:16	30.2	0.2534	1.2949	1.2648	1.4883	1.2282	1.2133	1.1575	1.1873	0.9748	1.0799	0.2730	0.2496	1.4468	1.2506	1.2740	1.2425	1.2028	0.2681	1.3084	1.1399	1.1592	1.1737	0.2655	1.0558	1.3095	1.3916	1.2992	1.3087	1.4534	1.1962	1.0175	1.1519	0.8289	1.1382	0.2627	1.0989	1.2994	1.2839	1.2429	1.1220	1.1991	0.2610	1.1294	1.1555	1.0959	1.1095	0.2731	0.9664	1.3306	1.2068	1.3374	1.1817	1.2627	1.1948	1.2096	1.1429	1.1731	1.0803	0.2559	1.0478	1.0824	1.3307	1.1866	1.2536	0.2714	0.2694	1.1090	1.1949	0.6922	1.0559	0.2543	1.0395	1.2059	1.4661	1.2146	1.2895	1.1735	1.2230	1.0800	1.1821	0.9655	1.0770	0.2587	1.2604	1.4451	1.2338	1.3149	1.2121	1.4074	1.2639	1.1883	0.2873	1.1006	1.1939	1.1246	0.2682
10:19:16	30.2	0.2534	1.3031	1.2613	1.4911	1.2386	1.2297	1.1799	1.2018	0.9901	1.1039	0.2700	0.2493	1.4607	1.2789	1.2788	1.2439	1.2145	0.2682	1.3212	1.1709	1.1768	1.2062	0.2655	1.0916	1.3126	1.3955	1.3068	1.3087	1.4513	1.2203	1.0326	1.1632	0.8406	1.1495	0.2628	1.1411	1.3088	1.2907	1.2481	1.1269	1.2142	0.2611	1.1425	1.1796	1.1257	1.1229	0.2733	0.9903	1.3219	1.2163	1.3435	1.2070	1.2783	1.2137	1.2127	1.1568	1.1820	1.0962	0.2560	1.0702	1.1000	1.3422	1.2008	1.2669	0.2708	0.2695	1.1440	1.2085	0.7015	1.0780	0.2542	1.0759	1.2086	1.4744	1.2193	1.2982	1.1923	1.2392	1.0819	1.1979	0.9751	1.0862	0.2588	1.2702	1.4489	1.2445	1.3325	1.2405	1.4145	1.2602	1.1938	0.2873	1.1153	1.2102	1.1444	0.2682
10:29:16	30.2	0.2534	1.3095	1.2846	1.4946	1.2421	1.2473	1.1951	1.2084	0.9913	1.1159	0.2686	0.2497	1.4656	1.2825	1.2929	1.2631	1.2301	0.2682	1.3390	1.1766	1.1891	1.2025	0.2654	1.0974	1.3289	1.4020	1.3199	1.3209	1.4639	1.2398	1.0510	1.1701	0.8494	1.1578	0.2627	1.1348	1.3132	1.3077	1.2646	1.1410	1.2313	0.2609	1.1687	1.1917	1.1416	1.1304	0.2732	1.0112	1.3296	1.2308	1.3508	1.2278	1.2919	1.2230	1.2316	1.1690	1.1865	1.1305	0.2559	1.0838	1.0997	1.3481	1.2264	1.2808	0.2711	0.2694	1.1548	1.2340	0.7045	1.0979	0.2543	1.0885	1.2410	1.4819	1.2411	1.3116	1.2103	1.2497	1.0948	1.2117	1.0122	1.1024	0.2589	1.2697	1.4596	1.2546	1.3386	1.2474	1.4185	1.2768	1.2023	0.2872	1.1293	1.2261	1.1689	0.2682
10:39:16	30.2	0.2533	1.3222	1.2922	1.5051	1.2531	1.2500	1.2161	1.2271	1.0137	1.1465	0.2745	0.2491	1.4747	1.2879	1.3029	1.2774	1.2224	0.2682	1.3469	1.1951	1.2011	1.2338	0.2654	1.1339	1.3382	1.4065	1.3236	1.3241	1.4668	1.2631	1.0643	1.1969	0.8610	1.1921	0.2627	1.1733	1.3218	1.3107	1.2710	1.1523	1.2391	0.2611	1.1862	1.1952	1.1610	1.1475	0.2732	1.0543	1.3258	1.2365	1.3566	1.2389	1.2985	1.2306	1.2424	1.1924	1.1937	1.1389	0.2559	1.1150	1.1152	1.3597	1.2284	1.2913	0.2713	0.2692	1.1757	1.2412	0.6972	1.1202	0.2541	1.1002	1.2557	1.4898	1.2518	1.3239	1.2182	1.2591	1.1031	1.2211	1.0063	1.1183	0.2588	1.2808	1.4684	1.2749	1.3425	1.2645	1.4254	1.2866	1.2053	0.2872	1.1420	1.2422	1.1795	0.2681
10:49:16	30.2	0.2534	1.3356	1.2983	1.5080	1.2582	1.2560	1.2250	1.2404	1.0267	1.1554	0.2725	0.2496	1.4816	1.2942	1.3141	1.2808	1.2222	0.2681	1.3580	1.1997	1.2153	1.2410	0.2653	1.1477	1.3500	1.4111	1.3250	1.3286	1.4716	1.2699	1.0789	1.1895	0.8636	1.2011	0.2626	1.1817	1.3266	1.3176	1.2833	1.1622	1.2444	0.2608	1.2018	1.2191	1.1656	1.1624	0.2729	1.0570	1.3327	1.2550	1.3653	1.2561	1.3128	1.2434	1.2623	1.2016	1.2049	1.1507	0.2558	1.1380	1.1325	1.3679	1.2372	1.3029	0.2705	0.2692	1.1903	1.2611	0.6972	1.1321	0.2541	1.1247	1.2646	1.4969	1.2678	1.3354	1.2377	1.2711	1.1102	1.2370	1.0338	1.1322	0.2586	1.2866	1.4779	1.2844	1.3516	1.2749	1.4304	1.3041	1.2148	0.2871	1.1561	1.2581	1.1941	0.2679
10:59:16	30.2	0.2535	1.3417	1.3084	1.5123	1.2707	1.2647	1.2290	1.2564	1.0366	1.1550	0.2711	0.2494	1.4876	1.3040	1.3247	1.2931	1.2499	0.2681	1.3703	1.2195	1.2289	1.2469	0.2654	1.1626	1.3644	1.4143	1.3357	1.3364	1.4783	1.2861	1.1000	1.2014	0.8535	1.2197	0.2627	1.1959	1.3348	1.3351	1.2883	1.1824	1.2622	0.2609	1.2157	1.2361	1.1858	1.1732	0.2730	1.0798	1.3519	1.2634	1.3729	1.2600	1.3231	1.2656	1.2679	1.2146	1.2117	1.1581	0.2559	1.1345	1.1378	1.3734	1.2619	1.3159	0.2709	0.2693	1.2012	1.2679	0.6843	1.1593	0.2542	1.1311	1.2668	1.5048	1.2812	1.3490	1.2440	1.2923	1.1288	1.2493	1.0539	1.1494	0.2586	1.2931	1.4852	1.3089	1.3652	1.2841	1.4360	1.3171	1.2283	0.2873	1.1717	1.2671	1.2167	0.2682
11:09:16	30.2	0.2534	1.3514	1.3205	1.5142	1.2792	1.2675	1.2305	1.2627	1.0227	1.1945	0.2716	0.2502	1.4971	1.3253	1.3348	1.3032	1.2514	0.2680	1.3754	1.2394	1.2407	1.2620	0.2656	1.1689	1.3779	1.4222	1.3442	1.3441	1.4807	1.3004	1.1147	1.2155	0.8215	1.2173	0.2626	1.1937	1.3458	1.3446	1.3076	1.1819	1.2767	0.2607	1.2355	1.2436	1.1963	1.1806	0.2730	1.1004	1.3586	1.2752	1.3786	1.2772	1.3341	1.2762	1.2761	1.2309	1.2302	1.1771	0.2559	1.1590	1.1560	1.3792	1.2725	1.3249	0.2716	0.2694	1.2180	1.2761	0.6939	1.1679	0.2541	1.1556	1.2802	1.5100	1.2893	1.3576	1.2570	1.2983	1.1272	1.2603	1.0651	1.1601	0.2588	1.3048	1.4962	1.3159	1.3801	1.2967	1.4409	1.3338	1.2392	0.2873	1.1795	1.2802	1.2249	0.2680
11:19:16	30.2	0.2535	1.3579	1.3168	1.5169	1.2729	1.2829	1.2583	1.2666	1.0288	1.2064	0.2665	0.2501	1.5061	1.3278	1.3396	1.3070	1.2795	0.2683	1.3806	1.2514	1.2410	1.2580	0.2656	1.1844	1.3737	1.4237	1.3471	1.3525	1.4821	1.3065	1.1294	1.2303	0.8410	1.2307	0.2628	1.2303	1.3546	1.3401	1.3070	1.1973	1.2802	0.2608	1.2386	1.2452	1.2099	1.1916	0.2732	1.1180	1.3551	1.2786	1.3862	1.2806	1.3405	1.2806	1.2853	1.2445	1.2440	1.1937	0.2560	1.1825	1.1605	1.3871	1.2762	1.3377	0.2712	0.2695	1.2319	1.2927	0.6939	1.1916	0.2543	1.1673	1.2814	1.5157	1.2840	1.3682	1.2730	1.3074	1.1432	1.2728	1.0913	1.1674	0.2587	1.3066	1.5052	1.3310	1.3916	1.3067	1.4448	1.3450	1.2386	0.2873	1.1954	1.2941	1.2351	0.2682
11:29:16	30.2	0.2535	1.3677	1.3321	1.5209	1.3032	1.3012	1.2699	1.2844	1.0438	1.2247	0.2659	0.2503	1.5136	1.3363	1.3482	1.3210	1.2971	0.2682	1.3992	1.2653	1.2534	1.2764	0.2655	1.2010	1.3898	1.4260	1.3638	1.3578	1.4943	1.3298	1.1449	1.2526	0.8721	1.2649	0.2627	1.2429	1.3599	1.3523	1.3189	1.2053	1.2916	0.2607	1.2597	1.2735	1.2254	1.2073	0.2731	1.1360	1.3683	1.2911	1.3930	1.2916	1.3592	1.2992	1.2985	1.2476	1.2483	1.2047	0.2559	1.2000	1.1751	1.3898	1.2910	1.3507	0.2712	0.2694	1.2448	1.3066	0.6972	1.2129	0.2541	1.1839	1.2992	1.5218	1.3195	1.3777	1.2867	1.3228	1.1529	1.2893	1.1210	1.1790	0.2586	1.3117	1.5110	1.3397	1.3882	1.3219	1.4478	1.3559	1.2419	0.2871	1.2173	1.3029	1.2524	0.2680
11:39:16	30.2	0.2535	1.3807	1.3387	1.5228	1.3030	1.3031	1.2682	1.2876	1.0590	1.2385	0.2688	0.2499	1.5208	1.3453	1.3594	1.3295	1.3032	0.2682	1.3975	1.2746	1.2713	1.2611	0.2656	1.2226	1.3917	1.4326	1.3613	1.3641	1.4956	1.3293	1.1633	1.2616	0.9056	1.2713	0.2628	1.2438	1.3698	1.3595	1.3308	1.2198	1.3010	0.2607	1.2553	1.2699	1.2401	1.2171	0.2731	1.1540	1.3757	1.3003	1.3973	1.3057	1.3600	1.3066	1.3090	1.2615	1.2601	1.2136	0.2563	1.2103	1.1754	1.3983	1.2980	1.3606	0.2714	0.2693	1.2494	1.3084	0.6966	1.2277	0.2543	1.1902	1.3067	1.5275	1.3128	1.3882	1.2965	1.3346	1.1699	1.2995	1.1392	1.1943	0.2588	1.3256	1.5174	1.3414	1.3993	1.3333	1.4532	1.3639	1.2510	0.2873	1.2669	1.3144	1.2687	0.2682
11:49:16	30.2	0.2535	1.3860	1.3473	1.5363	1.3104	1.3212	1.2957	1.3107	1.0873	1.2550	0.2702	0.2502	1.5283	1.3597	1.3718	1.3458	1.3135	0.2681	1.4051	1.2811	1.2841	1.2971	0.2657	1.2251	1.4028	1.4362	1.3724	1.3708	1.5055	1.3462	1.1788	1.2780	0.9753	1.2663	0.2628	1.2565	1.3757	1.3731	1.3387	1.2291	1.3178	0.2609	1.2608	1.2923	1.2690	1.2251	0.2732	1.1907	1.3858	1.3055	1.4075	1.3116	1.3682	1.3194	1.3262	1.2796	1.2567	1.2369	0.2559	1.2168	1.1855	1.4044	1.3131	1.3643	0.2716	0.2695	1.2766	1.3149	0.6981	1.2461	0.2542	1.2040	1.3227	1.5319	1.3303	1.3968	1.3121	1.3387	1.1968	1.3073	1.1635	1.2096	0.2587	1.3229	1.5269	1.3517	1.4093	1.3410	1.4552	1.3732	1.2608	0.2873	1.3237	1.3248	1.2834	0.2681
11:59:16	30.2	0.2536	1.3943	1.3608	1.5410	1.3055	1.3171	1.2913	1.3040	1.0930	1.2629	0.2685	0.2503	1.5352	1.3658	1.3786	1.3484	1.3192	0.2683	1.4093	1.2847	1.2859	1.3029	0.2657	1.2525	1.4129	1.4407	1.3803	1.3770	1.5067	1.3533	1.1891	1.2789	1.0142	1.2907	0.2627	1.2600	1.3846	1.3736	1.3461	1.2398	1.3273	0.2610	1.2904	1.2943	1.2798	1.2356	0.2732	1.2044	1.3971	1.3202	1.4159	1.3363	1.3857	1.3288	1.3352	1.2878	1.2667	1.2523	0.2561	1.2304	1.1926	1.4108	1.3204	1.3771	0.2717	0.2694	1.2874	1.3320	0.7040	1.2555	0.2542	1.2189	1.3265	1.5383	1.3437	1.4064	1.3207	1.3547	1.2041	1.3245	1.1770	1.2180	0.2587	1.3225	1.5336	1.3651	1.4178	1.3459	1.4602	1.3843	1.2701	0.2873	1.3823	1.3390	1.2980	0.2684
12:09:16	30.2	0.2535	1.4010	1.3620	1.5501	1.3210	1.3214	1.3062	1.3204	1.1017	1.2923	0.2667	0.2502	1.5458	1.3701	1.3892	1.3595	1.3256	0.2682	1.4136	1.2983	1.3073	1.3139	0.2657	1.2452	1.4167	1.4435	1.3861	1.3822	1.5128	1.3620	1.2075	1.2941	1.0718	1.3021	0.2626	1.2854	1.3913	1.3811	1.3549	1.2512	1.3350	0.2609	1.3027	1.3064	1.2873	1.2476	0.2732	1.2240	1.3977	1.3292	1.4223	1.3318	1.3899	1.3344	1.3421	1.3053	1.2772	1.2573	0.2560	1.2481	1.1998	1.4217	1.3307	1.3874	0.2714	0.2695	1.2873	1.3484	0.6925	1.2777	0.2541	1.2352	1.3437	1.5440	1.3470	1.4166	1.3251	1.3616	1.2133	1.3286	1.1915	1.2237	0.2587	1.3223	1.5426	1.3695	1.4251	1.3581	1.4649	1.3923	1.2791	0.2872	1.4481	1.3473	1.3031	0.2682
12:19:16	30.2	0.2536	1.4087	1.3743	1.5565	1.3379	1.3408	1.3119	1.3237	1.0788	1.2734	0.2675	0.2503	1.5496	1.3786	1.3941	1.3662	1.3341	0.2683	1.4162	1.3065	1.3119	1.3182	0.2659	1.2747	1.4260	1.4478	1.3937	1.3920	1.5153	1.3616	1.2247	1.3107	1.1514	1.3158	0.2628	1.2987	1.3967	1.3907	1.3621	1.2580	1.3437	0.2610	1.3088	1.3184	1.2953	1.2565	0.2732	1.2325	1.4080	1.3372	1.4292	1.3386	1.4019	1.3427	1.3563	1.3193	1.2934	1.2778	0.2561	1.2612	1.2069	1.4201	1.3399	1.3959	0.2715	0.2695	1.3096	1.3655	0.6955	1.2933	0.2544	1.2644	1.3405	1.5491	1.3470	1.4254	1.3424	1.3743	1.2192	1.3456	1.1984	1.2279	0.2589	1.3395	1.5461	1.3793	1.4322	1.3655	1.4712	1.4000	1.2871	0.2873	1.4879	1.3534	1.3223	0.2682
12:29:16	30.2	0.2535	1.4139	1.3830	1.5641	1.3403	1.3469	1.3112	1.3275	1.0972	1.2956	0.2670	0.2506	1.5550	1.3839	1.4048	1.3724	1.3449	0.2680	1.4227	1.3105	1.3345	1.3275	0.2658	1.2737	1.4358	1.4523	1.3919	1.3957	1.5243	1.3674	1.2349	1.3210	1.2074	1.3255	0.2627	1.3032	1.4056	1.3941	1.3687	1.2677	1.3531	0.2610	1.3212	1.3315	1.3098	1.2680	0.2733	1.2518	1.4148	1.3474	1.4350	1.3492	1.4064	1.3581	1.3643	1.3189	1.2911	1.2847	0.2561	1.2692	1.2140	1.4268	1.3444	1.4047	0.2711	0.2695	1.3168	1.3716	0.6956	1.3007	0.2541	1.2630	1.3577	1.5545	1.3712	1.4321	1.3499	1.3807	1.2305	1.3484	1.2265	1.2352	0.2588	1.3404	1.5526	1.3839	1.4394	1.3786	1.4755	1.4055	1.2910	0.2871	1.5012	1.3676	1.3307	0.2681
12:39:16	30.1	0.2535	1.4209	1.3900	1.5669	1.3589	1.3549	1.3395	1.3411	1.0954	1.3063	0.2701	0.2508	1.5597	1.3904	1.4115	1.3820	1.3583	0.2682	1.4265	1.3206	1.3379	1.3380	0.2659	1.2914	1.4391	1.4564	1.4095	1.4024	1.5265	1.3906	1.2498	1.3252	1.2536	1.3425	0.2629	1.3177	1.4162	1.4004	1.3793	1.2739	1.3619	0.2611	1.3354	1.3504	1.3260	1.2785	0.2733	1.2604	1.4222	1.3562	1.4431	1.3578	1.4136	1.3677	1.3741	1.3342	1.3050	1.2864	0.2560	1.2849	1.2199	1.4252	1.3570	1.4135	0.2717	0.2695	1.3272	1.3833	0.6940	1.3143	0.2543	1.2751	1.3595	1.5591	1.3784	1.4411	1.3589	1.3905	1.2395	1.3604	1.2335	1.2397	0.2588	1.3491	1.5585	1.3930	1.4444	1.3912	1.4796	1.4069	1.3091	0.2874	1.5107	1.3722	1.3488	0.2682
12:49:16	30.1	0.2535	1.4255	1.3915	1.5731	1.3584	1.3576	1.3457	1.3530	1.1184	1.3153	0.2702	0.2500	1.5663	1.4010	1.4186	1.3942	1.3629	0.2681	1.4337	1.3464	1.3472	1.3502	0.2657	1.3080	1.4466	1.4598	1.4148	1.4062	1.5328	1.3899	1.2601	1.3362	1.2851	1.3486	0.2627	1.3198	1.4206	1.4114	1.3903	1.2833	1.3681	0.2606	1.3509	1.3573	1.3320	1.2876	0.2733	1.2807	1.4281	1.3642	1.4471	1.3640	1.4195	1.3755	1.3803	1.3391	1.3088	1.2964	0.2561	1.2904	1.2364	1.4413	1.3731	1.4225	0.2716	0.2693	1.3369	1.3826	0.7008	1.3268	0.2542	1.2818	1.3783	1.5609	1.3840	1.4455	1.3671	1.3957	1.2487	1.3674	1.2459	1.2447	0.2587	1.3511	1.5654	1.4138	1.4523	1.3977	1.4847	1.4179	1.3133	0.2873	1.5179	1.3885	1.3633	0.2681
12:59:16	30.2	0.2536	1.4305	1.4095	1.5780	1.3654	1.3773	1.3601	1.3684	1.1196	1.3280	0.2696	0.2502	1.5692	1.4031	1.4291	1.4039	1.3607	0.2680	1.4382	1.3409	1.3508	1.3525	0.2658	1.3140	1.4540	1.4639	1.4186	1.4126	1.5363	1.3943	1.2706	1.3481	1.3184	1.3554	0.2626	1.3322	1.4333	1.4193	1.4007	1.2906	1.3862	0.2611	1.3543	1.3697	1.3455	1.3015	0.2732	1.2926	1.4338	1.3766	1.4531	1.3781	1.4296	1.3834	1.3880	1.3581	1.3176	1.3156	0.2560	1.2870	1.2377	1.4503	1.3778	1.4296	0.2706	0.2693	1.3477	1.3946	0.7030	1.3414	0.2541	1.2972	1.3829	1.5648	1.3886	1.4502	1.3727	1.4043	1.2561	1.3753	1.2479	1.2472	0.2587	1.3547	1.5711	1.4150	1.4588	1.4109	1.4862	1.4213	1.3240	0.2871	1.5218	1.3909	1.3603	0.2680
13:09:16	30.2	0.2536	1.4426	1.4095	1.5811	1.3717	1.3803	1.3628	1.3617	1.1111	1.3325	0.2700	0.2505	1.5787	1.4133	1.4274	1.4101	1.3727	0.2683	1.4447	1.3643	1.3655	1.3590	0.2658	1.3265	1.4533	1.4644	1.4217	1.4177	1.5407	1.4109	1.2833	1.3670	1.3301	1.3633	0.2629	1.3457	1.4402	1.4283	1.4021	1.3058	1.3899	0.2610	1.3644	1.3830	1.3501	1.3148	0.2734	1.3069	1.4355	1.3777	1.4641	1.3743	1.4364	1.3909	1.3936	1.3632	1.3309	1.3257	0.2562	1.3142	1.2350	1.4518	1.3862	1.4416	0.2714	0.2695	1.3523	1.4009	0.7000	1.3422	0.2543	1.3104	1.3941	1.5670	1.3990	1.4614	1.3809	1.4154	1.2596	1.3815	1.2725	1.2583	0.2589	1.3769	1.5764	1.4139	1.4632	1.4133	1.4927	1.4123	1.3252	0.2874	1.5270	1.4086	1.3745	0.2683
13:19:16	30.2	0.2536	1.4479	1.4179	1.5885	1.3829	1.3901	1.3751	1.3809	1.1358	1.3441	0.2692	0.2498	1.5797	1.4120	1.4374	1.4163	1.3781	0.2682	1.4469	1.3591	1.3649	1.3777	0.2657	1.3330	1.4584	1.4700	1.4337	1.4229	1.5476	1.4192	1.2882	1.3774	1.3435	1.3735	0.2628	1.3421	1.4442	1.4316	1.4111	1.3071	1.3988	0.2610	1.3675	1.3809	1.3618	1.3201	0.2733	1.3203	1.4453	1.3865	1.4651	1.3926	1.4513	1.3968	1.4019	1.3799	1.3315	1.3310	0.2561	1.3187	1.2358	1.4604	1.3930	1.4414	0.2704	0.2694	1.3636	1.4123	0.7020	1.3517	0.2543	1.3135	1.3993	1.5713	1.4153	1.4640	1.4011	1.4176	1.2704	1.3910	1.2635	1.2565	0.2588	1.4010	1.5797	1.4235	1.4695	1.4253	1.4928	1.4236	1.3347	0.2873	1.5291	1.4139	1.3796	0.2681
13:29:16	30.2	0.2533	1.4549	1.4213	1.5863	1.3894	1.3971	1.3744	1.3933	1.1331	1.3533	0.2684	0.2509	1.5812	1.4317	1.4460	1.4195	1.3910	0.2681	1.4480	1.3770	1.3803	1.3860	0.2657	1.3361	1.4699	1.4723	1.4326	1.4294	1.5458	1.4240	1.2927	1.3850	1.3582	1.3824	0.2626	1.3524	1.4580	1.4408	1.4165	1.3173	1.3997	0.2610	1.3747	1.3915	1.3675	1.3273	0.2733	1.3264	1.4479	1.3913	1.4725	1.3902	1.4579	1.4031	1.4050	1.3837	1.3415	1.3430	0.2561	1.3194	1.2360	1.4597	1.4004	1.4496	0.2711	0.2693	1.3697	1.4163	0.7081	1.3575	0.2542	1.3187	1.4021	1.5778	1.4176	1.4691	1.4044	1.4274	1.2731	1.3939	1.2686	1.2601	0.2587	1.4085	1.5834	1.4362	1.4754	1.4338	1.4995	1.4235	1.3447	0.2871	1.5347	1.4187	1.3805	0.2681
13:39:16	30.1	0.2535	1.4627	1.4364	1.5923	1.4035	1.4000	1.3842	1.3878	1.1664	1.3513	0.2689	0.2486	1.5853	1.4360	1.4538	1.4320	1.3947	0.2681	1.4472	1.3839	1.3876	1.3846	0.2660	1.3555	1.4756	1.4753	1.4387	1.4340	1.5528	1.4243	1.3023	1.3793	1.3675	1.3922	0.2627	1.3615	1.4544	1.4481	1.4295	1.3249	1.4059	0.2611	1.3854	1.3979	1.3780	1.3384	0.2734	1.3482	1.4517	1.3998	1.4749	1.4005	1.4594	1.4056	1.4132	1.3846	1.3467	1.3507	0.2561	1.3343	1.2441	1.4678	1.4009	1.4565	0.2710	0.2693	1.3750	1.4178	0.7124	1.3680	0.2542	1.3330	1.4180	1.5806	1.4235	1.4739	1.4086	1.4292	1.2837	1.4073	1.2718	1.2629	0.2589	1.4034	1.5918	1.4403	1.4862	1.4349	1.4993	1.4292	1.3526	0.2872	1.5396	1.4252	1.3897	0.2681
13:49:16	30.2	0.2535	1.4722	1.4445	1.5947	1.4179	1.4053	1.3939	1.4065	1.1728	1.3842	0.2696	0.2507	1.5865	1.4444	1.4574	1.4375	1.4103	0.2683	1.4503	1.3981	1.3948	1.4051	0.2658	1.3561	1.4811	1.4776	1.4495	1.4382	1.5536	1.4419	1.3088	1.4084	1.3784	1.4008	0.2630	1.3741	1.4677	1.4547	1.4348	1.3346	1.4198	0.2612	1.3906	1.4011	1.3884	1.3484	0.2735	1.3498	1.4680	1.4094	1.4814	1.4114	1.4666	1.4184	1.4168	1.3972	1.3542	1.3618	0.2561	1.3408	1.2426	1.4675	1.4118	1.4626	0.2708	0.2695	1.3878	1.4263	0.7172	1.3726	0.2543	1.3383	1.4238	1.5843	1.4374	1.4790	1.4178	1.4577	1.2824	1.4204	1.2884	1.2658	0.2588	1.4145	1.5960	1.4551	1.4949	1.4530	1.5030	1.4291	1.3629	0.2874	1.5462	1.4425	1.3977	0.2681
13:59:16	30.2	0.2537	1.4766	1.4522	1.5949	1.4179	1.4253	1.4036	1.4154	1.1622	1.3919	0.2706	0.2480	1.5918	1.4537	1.4632	1.4416	1.4173	0.2682	1.4587	1.3953	1.4035	1.4144	0.2657	1.3632	1.4872	1.4825	1.4599	1.4458	1.5584	1.4396	1.3094	1.4183	1.3819	1.4106	0.2627	1.3768	1.4738	1.4591	1.4453	1.3416	1.4239	0.2609	1.4013	1.4046	1.3938	1.3584	0.2734	1.3545	1.4692	1.4189	1.4863	1.4185	1.4712	1.4167	1.4224	1.4062	1.3643	1.3710	0.2562	1.3419	1.2474	1.4683	1.4165	1.4660	0.2712	0.2693	1.3980	1.4422	0.7158	1.3859	0.2543	1.3437	1.4220	1.5870	1.4356	1.4830	1.4386	1.4646	1.2780	1.4199	1.2970	1.2721	0.2587	1.4106	1.5980	1.4508	1.4986	1.4726	1.5077	1.4321	1.3710	0.2872	1.5508	1.4501	1.4044	0.2680
14:09:16	30.2	0.2535	1.4749	1.4493	1.6000	1.4350	1.4358	1.4162	1.4192	1.1828	1.4054	0.2690	0.2505	1.5945	1.4498	1.4700	1.4472	1.4264	0.2681	1.4597	1.3987	1.4143	1.4141	0.2657	1.3755	1.4872	1.4835	1.4556	1.4495	1.5713	1.4434	1.3214	1.4235	1.3811	1.4117	0.2629	1.3873	1.4729	1.4638	1.4457	1.3495	1.4310	0.2611	1.4086	1.4218	1.3973	1.3660	0.2734	1.3740	1.4684	1.4257	1.4887	1.4253	1.4769	1.4233	1.4288	1.4084	1.3686	1.3730	0.2563	1.3642	1.2502	1.4846	1.4276	1.4706	0.2714	0.2693	1.3978	1.4368	0.7102	1.3827	0.2544	1.3663	1.4239	1.5929	1.4348	1.4866	1.4291	1.4541	1.2635	1.4223	1.2882	1.2740	0.2589	1.4117	1.5979	1.4546	1.5038	1.4586	1.5094	1.4309	1.3792	0.2873	1.5540	1.4504	1.4124	0.2680
14:19:16	30.2	0.2535	1.4858	1.4620	1.6042	1.4374	1.4348	1.4104	1.4125	1.1932	1.4066	0.2700	0.2490	1.5972	1.4530	1.4762	1.4536	1.4341	0.2681	1.4612	1.4165	1.4074	1.4213	0.2659	1.3840	1.4879	1.4858	1.4581	1.4525	1.5793	1.4507	1.3255	1.4311	1.3914	1.4243	0.2627	1.3956	1.4712	1.4646	1.4572	1.3544	1.4288	0.2610	1.4102	1.4311	1.4040	1.3754	0.2734	1.3764	1.4743	1.4329	1.4931	1.4371	1.4842	1.4343	1.4421	1.4104	1.3744	1.3778	0.2560	1.3689	1.2512	1.4929	1.4288	1.4778	0.2718	0.2694	1.4045	1.4417	0.6880	1.3954	0.2542	1.3718	1.4285	1.5901	1.4443	1.4924	1.4389	1.4511	1.2630	1.4297	1.2909	1.2806	0.2587	1.4066	1.6015	1.4600	1.5090	1.4650	1.5118	1.4375	1.3876	0.2873	1.5600	1.4577	1.4215	0.2681
14:29:16	30.2	0.2535	1.4899	1.4576	1.6061	1.4482	1.4458	1.4288	1.4188	1.2019	1.4140	0.2687	0.2506	1.5994	1.4588	1.4811	1.4550	1.4345	0.2683	1.4676	1.4264	1.4201	1.4356	0.2661	1.3904	1.4931	1.4871	1.4681	1.4548	1.5792	1.4691	1.3363	1.4296	1.3945	1.4291	0.2629	1.3987	1.4787	1.4791	1.4605	1.3584	1.4385	0.2612	1.4215	1.4335	1.4100	1.3814	0.2735	1.3844	1.4826	1.4347	1.4984	1.4402	1.4888	1.4385	1.4594	1.4158	1.3820	1.3873	0.2562	1.3729	1.2500	1.4957	1.4389	1.4828	0.2710	0.2696	1.4140	1.4468	0.6838	1.4181	0.2543	1.3761	1.4369	1.5910	1.4544	1.4950	1.4367	1.4556	1.2642	1.4394	1.2895	1.2882	0.2589	1.3995	1.6002	1.4600	1.5107	1.4721	1.5135	1.4280	1.3921	0.2873	1.5643	1.4600	1.4285	0.2681
14:39:16	30.2	0.2536	1.4880	1.4712	1.6062	1.4452	1.4552	1.4325	1.4288	1.1836	1.4208	0.2692	0.2512	1.6005	1.4634	1.4854	1.4616	1.4505	0.2682	1.4723	1.4385	1.4352	1.4377	0.2663	1.3935	1.5014	1.4920	1.4764	1.4595	1.5806	1.4748	1.3362	1.4269	1.4020	1.4330	0.2628	1.3980	1.4801	1.4756	1.4637	1.3635	1.4553	0.2610	1.4201	1.4446	1.4163	1.3862	0.2734	1.3874	1.4899	1.4444	1.4993	1.4444	1.4891	1.4501	1.4676	1.4279	1.3847	1.3869	0.2562	1.3828	1.2464	1.5015	1.4550	1.4857	0.2717	0.2694	1.4223	1.4503	0.6817	1.4128	0.2543	1.3814	1.4336	1.5952	1.4576	1.5003	1.4517	1.4664	1.2527	1.4379	1.3040	1.2937	0.2589	1.4079	1.6064	1.4627	1.5092	1.4691	1.5173	1.4317	1.3919	0.2873	1.5693	1.4722	1.4319	0.2681
14:49:16	30.2	0.2535	1.4958	1.4731	1.6074	1.4504	1.4507	1.4422	1.4326	1.1598	1.4239	0.2688	0.2494	1.6041	1.4656	1.4891	1.4617	1.4411	0.2681	1.4779	1.4331	1.4429	1.4384	0.2664	1.3901	1.5018	1.4944	1.4795	1.4640	1.5793	1.4843	1.3458	1.4476	1.4100	1.4451	0.2629	1.4068	1.4881	1.4747	1.4693	1.3729	1.4579	0.2612	1.4326	1.4591	1.4245	1.3955	0.2735	1.3931	1.4951	1.4435	1.5025	1.4499	1.4953	1.4550	1.4841	1.4416	1.3962	1.4029	0.2563	1.3909	1.2479	1.5072	1.4506	1.4879	0.2716	0.2695	1.4316	1.4670	0.6803	1.4187	0.2544	1.3904	1.4425	1.5961	1.4691	1.5046	1.4491	1.4791	1.2443	1.4450	1.3156	1.3040	0.2589	1.4065	1.6108	1.4677	1.5174	1.4736	1.5208	1.4344	1.3955	0.2874	1.5731	1.4784	1.4454	0.2683
14:59:16	30.1	0.2535	1.5026	1.4781	1.6107	1.4538	1.4509	1.4448	1.4365	1.1455	1.4379	0.2697	0.2515	1.6062	1.4695	1.4922	1.4675	1.4531	0.2680	1.4762	1.4393	1.4512	1.4486	0.2663	1.4078	1.5082	1.4951	1.4762	1.4680	1.5836	1.4961	1.3482	1.4589	1.4077	1.4514	0.2627	1.4083	1.4882	1.4797	1.4739	1.3828	1.4748	0.2610	1.4517	1.4643	1.4386	1.4012	0.2734	1.3986	1.4982	1.4578	1.5072	1.4695	1.4972	1.4632	1.4890	1.4428	1.4005	1.4155	0.2561	1.3933	1.2486	1.5013	1.4577	1.4950	0.2712	0.2694	1.4415	1.4770	0.6778	1.4261	0.2541	1.3923	1.4531	1.6022	1.4686	1.5082	1.4586	1.4889	1.2434	1.4566	1.3253	1.3047	0.2586	1.3934	1.6127	1.4811	1.5186	1.4813	1.5236	1.4123	1.4057	0.2871	1.5761	1.4817	1.4465	0.2681
15:09:16	30.1	0.2535	1.4999	1.4808	1.6162	1.4539	1.4604	1.4475	1.4460	1.1558	1.4384	0.2691	0.2512	1.6094	1.4687	1.4966	1.4655	1.4511	0.2683	1.4829	1.4373	1.4353	1.4508	0.2663	1.4137	1.5100	1.4973	1.4811	1.4712	1.5833	1.4937	1.3535	1.4633	1.4109	1.4526	0.2627	1.4198	1.4927	1.4876	1.4740	1.3850	1.4731	0.2613	1.4454	1.4700	1.4445	1.4090	0.2735	1.4136	1.5057	1.4541	1.5109	1.4612	1.5000	1.4632	1.5006	1.4493	1.4072	1.4248	0.2560	1.3999	1.2481	1.5058	1.4675	1.5015	0.2699	0.2693	1.4380	1.4786	0.6780	1.4386	0.2542	1.4052	1.4538	1.6034	1.4702	1.5114	1.4613	1.4852	1.2261	1.4533	1.3228	1.3135	0.2588	1.3839	1.6135	1.4809	1.5225	1.4777	1.5244	1.3972	1.4118	0.2873	1.5789	1.4884	1.4527	0.2682
15:19:16	30.2	0.2535	1.5073	1.4845	1.6147	1.4589	1.4627	1.4518	1.4477	1.1471	1.4368	0.2695	0.2493	1.6139	1.4762	1.5012	1.4738	1.4645	0.2683	1.4856	1.4409	1.4465	1.4592	0.2664	1.4178	1.5200	1.4975	1.4846	1.4742	1.5860	1.4990	1.3562	1.4614	1.3981	1.4546	0.2626	1.4299	1.4973	1.4907	1.4825	1.3952	1.4800	0.2610	1.4571	1.4651	1.4465	1.4176	0.2734	1.4175	1.5084	1.4583	1.5136	1.4771	1.5108	1.4740	1.5061	1.4571	1.4136	1.4271	0.2562	1.4010	1.2524	1.5140	1.4680	1.5074	0.2720	0.2696	1.4364	1.4811	0.6766	1.4475	0.2541	1.4007	1.4648	1.6045	1.4735	1.5133	1.4708	1.4954	1.2298	1.4623	1.3428	1.3168	0.2588	1.3876	1.6164	1.4833	1.5258	1.4879	1.5269	1.3693	1.4179	0.2873	1.5851	1.4935	1.4558	0.2680
15:29:16	30.2	0.2536	1.5074	1.4883	1.6153	1.4649	1.4653	1.4538	1.4516	1.1157	1.4567	0.2698	0.2514	1.6134	1.4792	1.5024	1.4733	1.4686	0.2683	1.4878	1.4501	1.4510	1.4619	0.2664	1.4254	1.5191	1.4999	1.4904	1.4761	1.5860	1.4994	1.3563	1.4666	1.3990	1.4623	0.2628	1.4260	1.4983	1.4943	1.4832	1.3982	1.4794	0.2612	1.4630	1.4727	1.4502	1.4227	0.2735	1.4193	1.5132	1.4650	1.5202	1.4714	1.5066	1.4748	1.5068	1.4528	1.4169	1.4337	0.2562	1.4111	1.2519	1.5160	1.4622	1.5102	0.2711	0.2694	1.4487	1.4839	0.6762	1.4514	0.2544	1.4066	1.4598	1.6086	1.4807	1.5187	1.4768	1.4995	1.2190	1.4632	1.3363	1.3250	0.2589	1.3800	1.6141	1.4945	1.5373	1.4883	1.5308	1.3570	1.4221	0.2873	1.5872	1.4975	1.4675	0.2682
15:39:16	30.1	0.2535	1.5132	1.4923	1.6149	1.4658	1.4740	1.4635	1.4546	1.1436	1.4560	0.2694	0.2507	1.6162	1.4814	1.5052	1.4755	1.4637	0.2683	1.4888	1.4538	1.4637	1.4678	0.2664	1.4326	1.5275	1.4993	1.4905	1.4791	1.5898	1.5020	1.3573	1.4725	1.3793	1.4683	0.2629	1.4284	1.5010	1.4969	1.4838	1.3976	1.4827	0.2610	1.4621	1.4733	1.4543	1.4295	0.2735	1.4237	1.5187	1.4670	1.5227	1.4799	1.5179	1.4803	1.5158	1.4610	1.4212	1.4343	0.2562	1.4127	1.2457	1.5292	1.4717	1.5154	0.2712	0.2695	1.4569	1.4900	0.6761	1.4498	0.2543	1.4087	1.4706	1.6092	1.4880	1.5183	1.4807	1.4988	1.1995	1.4595	1.3345	1.3325	0.2588	1.3668	1.6189	1.4883	1.5398	1.4975	1.5312	1.3696	1.4332	0.2874	1.5896	1.4963	1.4655	0.2683
15:49:16	30.2	0.2533	1.5174	1.4990	1.6168	1.4683	1.4728	1.4704	1.4597	1.1480	1.4640	0.2703	0.2510	1.6176	1.4853	1.5071	1.4799	1.4659	0.2682	1.4936	1.4530	1.4712	1.4707	0.2660	1.4393	1.5292	1.4991	1.4962	1.4800	1.5908	1.5084	1.3645	1.4763	1.3644	1.4692	0.2628	1.4328	1.5025	1.5011	1.4864	1.3986	1.4886	0.2610	1.4692	1.4808	1.4568	1.4322	0.2734	1.4322	1.5221	1.4744	1.5256	1.4868	1.5199	1.4898	1.5170	1.4618	1.4270	1.4386	0.2562	1.4165	1.2401	1.5296	1.4779	1.5175	0.2716	0.2695	1.4665	1.4929	0.6758	1.4551	0.2542	1.4220	1.4700	1.6083	1.4881	1.5206	1.4835	1.5071	1.1828	1.4654	1.3292	1.3418	0.2588	1.3575	1.6197	1.4923	1.5335	1.4993	1.5328	1.3743	1.4356	0.2872	1.5910	1.5020	1.4676	0.2681
15:59:16	30.1	0.2534	1.5203	1.4944	1.6192	1.4724	1.4714	1.4732	1.4639	1.1103	1.4626	0.2680	0.2505	1.6180	1.4854	1.5090	1.4831	1.4757	0.2682	1.5009	1.4631	1.4805	1.4758	0.2659	1.4420	1.5292	1.5019	1.4971	1.4834	1.5898	1.5109	1.3675	1.4792	1.3501	1.4724	0.2628	1.4358	1.5072	1.5026	1.4918	1.4103	1.4837	0.2613	1.4717	1.4755	1.4610	1.4386	0.2734	1.4425	1.5187	1.4796	1.5269	1.4768	1.5222	1.4960	1.5227	1.4647	1.4359	1.4455	0.2562	1.4190	1.2394	1.5176	1.4792	1.5230	0.2717	0.2696	1.4741	1.4975	0.6753	1.4674	0.2542	1.4187	1.4718	1.6110	1.4954	1.5225	1.4874	1.5105	1.1831	1.4714	1.3447	1.3517	0.2588	1.3484	1.6232	1.4986	1.5404	1.4926	1.5378	1.3616	1.4481	0.2873	1.5972	1.5098	1.4711	0.2681
16:09:16	30.1	0.2534	1.5251	1.4996	1.6198	1.4743	1.4731	1.4672	1.4678	1.1029	1.4722	0.2684	0.2491	1.6216	1.4882	1.5112	1.4873	1.4795	0.2684	1.5043	1.4675	1.4767	1.4789	0.2659	1.4534	1.5279	1.5019	1.4990	1.4869	1.5915	1.5127	1.3757	1.4816	1.3315	1.4855	0.2629	1.4426	1.5116	1.5064	1.4938	1.4173	1.4944	0.2611	1.4733	1.4805	1.4698	1.4464	0.2735	1.4510	1.5250	1.4775	1.5333	1.4931	1.5238	1.4985	1.5209	1.4698	1.4406	1.4543	0.2563	1.4302	1.2418	1.5225	1.4838	1.5279	0.2711	0.2696	1.4751	1.4997	0.6759	1.4671	0.2543	1.4221	1.4807	1.6142	1.4964	1.5276	1.4889	1.5089	1.1669	1.4766	1.3492	1.3631	0.2589	1.3388	1.6252	1.4987	1.5415	1.5028	1.5408	1.3395	1.4536	0.2875	1.5992	1.5120	1.4833	0.2683
16:19:16	30.1	0.2534	1.5275	1.5014	1.6151	1.4767	1.4779	1.4788	1.4761	1.1370	1.4709	0.2683	0.2513	1.6223	1.4913	1.5126	1.4917	1.4800	0.2681	1.5041	1.4686	1.4806	1.4810	0.2658	1.4482	1.5344	1.5003	1.5012	1.4892	1.5960	1.5209	1.3759	1.4900	1.3481	1.4825	0.2626	1.4506	1.5161	1.5067	1.5013	1.4201	1.4975	0.2611	1.4814	1.4893	1.4728	1.4484	0.2734	1.4525	1.5224	1.4840	1.5359	1.4925	1.5231	1.5001	1.5266	1.4706	1.4431	1.4532	0.2562	1.4340	1.2357	1.5303	1.4804	1.5328	0.2711	0.2694	1.4767	1.5004	0.6753	1.4640	0.2542	1.4204	1.4791	1.6126	1.4969	1.5295	1.4943	1.5146	1.1574	1.4766	1.3519	1.3660	0.2588	1.3291	1.6245	1.5026	1.5454	1.5004	1.5401	1.3549	1.4576	0.2872	1.6005	1.5140	1.4856	0.2681
16:29:16	30.1	0.2536	1.5257	1.5034	1.6141	1.4775	1.4803	1.4764	1.4824	1.0980	1.4797	0.2689	0.2473	1.6219	1.4969	1.5136	1.4963	1.4825	0.2683	1.5116	1.4713	1.4764	1.4858	0.2659	1.4646	1.5354	1.5039	1.5047	1.4933	1.5890	1.5171	1.3791	1.4924	1.3214	1.4863	0.2629	1.4548	1.5195	1.5116	1.5033	1.4274	1.4990	0.2612	1.4872	1.4892	1.4832	1.4547	0.2735	1.4591	1.5284	1.4856	1.5370	1.4935	1.5243	1.4976	1.5332	1.4708	1.4519	1.4505	0.2563	1.4341	1.2398	1.5254	1.4848	1.5350	0.2715	0.2696	1.4784	1.5060	0.6755	1.4769	0.2543	1.4342	1.4808	1.6152	1.4991	1.5330	1.4972	1.5199	1.1533	1.4798	1.3530	1.3723	0.2589	1.3126	1.6290	1.5043	1.5541	1.5074	1.5421	1.3444	1.4655	0.2875	1.6021	1.5134	1.4877	0.2682
16:39:16	30.1	0.2535	1.5259	1.5034	1.6110	1.4836	1.4878	1.4819	1.4823	1.0978	1.4773	0.2698	0.2473	1.6224	1.4954	1.5162	1.4970	1.4879	0.2684	1.5136	1.4776	1.4784	1.4919	0.2660	1.4644	1.5389	1.5042	1.5064	1.4969	1.5936	1.5222	1.3886	1.4942	1.2555	1.4897	0.2628	1.4624	1.5192	1.5107	1.5073	1.4301	1.5001	0.2614	1.4896	1.4900	1.4829	1.4620	0.2736	1.4686	1.5306	1.4882	1.5407	1.4982	1.5334	1.4969	1.5384	1.4750	1.4584	1.4544	0.2563	1.4366	1.2412	1.5268	1.4834	1.5389	0.2695	0.2696	1.4783	1.5127	0.6757	1.4775	0.2542	1.4398	1.4836	1.6176	1.5061	1.5363	1.4927	1.5227	1.1345	1.4808	1.3531	1.3814	0.2589	1.2991	1.6351	1.5076	1.5508	1.5080	1.5439	1.3499	1.4663	0.2873	1.6036	1.5190	1.4968	0.2682
16:49:16	30.2	0.2535	1.5307	1.5080	1.6158	1.4854	1.4882	1.4856	1.4882	1.0798	1.4840	0.2697	0.2473	1.6239	1.5019	1.5164	1.5000	1.4878	0.2683	1.5189	1.4755	1.4852	1.4906	0.2659	1.4697	1.5396	1.5021	1.5113	1.4997	1.5929	1.5336	1.3913	1.5008	1.2082	1.4937	0.2629	1.4642	1.5225	1.5169	1.5067	1.4374	1.5069	0.2611	1.4945	1.4952	1.4904	1.4649	0.2735	1.4751	1.5327	1.4931	1.5418	1.4938	1.5321	1.5058	1.5424	1.4806	1.4633	1.4549	0.2563	1.4423	1.2416	1.5264	1.4894	1.5425	0.2716	0.2694	1.4900	1.5167	0.6744	1.4795	0.2543	1.4354	1.4864	1.6193	1.5106	1.5413	1.5067	1.5276	1.1153	1.4871	1.3579	1.3823	0.2589	1.3019	1.6321	1.5123	1.5521	1.5090	1.5449	1.3396	1.4737	0.2873	1.6065	1.5245	1.4920	0.2682
16:59:16	30.1	0.2535	1.5320	1.5160	1.6151	1.4900	1.4911	1.4894	1.4831	1.0731	1.4845	0.2684	0.2473	1.6245	1.5078	1.5156	1.5044	1.4924	0.2683	1.5205	1.4782	1.4891	1.4997	0.2660	1.4746	1.5394	1.5013	1.5142	1.5032	1.5940	1.5216	1.3983	1.4973	1.1867	1.4999	0.2627	1.4660	1.5281	1.5236	1.5097	1.4385	1.5029	0.2611	1.4885	1.4951	1.4854	1.4688	0.2735	1.4798	1.5349	1.4971	1.5475	1.4948	1.5343	1.5032	1.5424	1.4825	1.4679	1.4609	0.2564	1.4468	1.2342	1.5249	1.4914	1.5442	0.2718	0.2695	1.4880	1.5140	0.6749	1.4870	0.2542	1.4484	1.4911	1.6202	1.5128	1.5441	1.5029	1.5286	1.0974	1.4931	1.3656	1.3860	0.2589	1.2869	1.6364	1.5105	1.5554	1.5127	1.5466	1.3454	1.4813	0.2873	1.6090	1.5149	1.4977	0.2681
17:09:16	30.1	0.2536	1.5337	1.5175	1.6222	1.4947	1.4983	1.4946	1.4859	1.1024	1.4919	0.2696	0.2474	1.6252	1.5110	1.5160	1.5091	1.4961	0.2683	1.5166	1.4788	1.4897	1.4993	0.2661	1.4801	1.5411	1.4952	1.5170	1.5035	1.6016	1.5345	1.4043	1.5077	1.1909	1.5029	0.2629	1.4738	1.5315	1.5234	1.5191	1.4381	1.5096	0.2612	1.5012	1.5011	1.4876	1.4685	0.2736	1.4836	1.5402	1.5021	1.5536	1.5051	1.5389	1.5130	1.5439	1.4798	1.4730	1.4694	0.2566	1.4467	1.2398	1.5398	1.5007	1.5486	0.2688	0.2695	1.4896	1.5169	0.6767	1.4908	0.2544	1.4481	1.4916	1.6199	1.5126	1.5470	1.5060	1.5337	1.1157	1.4991	1.3660	1.3918	0.2590	1.2750	1.6353	1.5171	1.5581	1.5157	1.5441	1.3494	1.4838	0.2873	1.6025	1.5194	1.5090	0.2682
17:19:16	30.1	0.2535	1.5366	1.5165	1.6179	1.5032	1.4999	1.4982	1.4904	1.1029	1.4931	0.2690	0.2474	1.6272	1.5120	1.5168	1.5144	1.4982	0.2683	1.5196	1.4851	1.4935	1.4980	0.2662	1.4784	1.5467	1.4941	1.5185	1.5051	1.6049	1.5333	1.4093	1.4996	1.1404	1.5080	0.2629	1.4747	1.5335	1.5265	1.5197	1.4387	1.5134	0.2613	1.5041	1.5045	1.4926	1.4725	0.2736	1.4906	1.5331	1.5057	1.5562	1.5117	1.5439	1.5170	1.5468	1.4814	1.4771	1.4729	0.2564	1.4515	1.2386	1.5337	1.5057	1.5500	0.2711	0.2696	1.4940	1.5254	0.6750	1.4919	0.2544	1.4538	1.4995	1.6203	1.5151	1.5490	1.5097	1.5380	1.1100	1.4967	1.3612	1.3976	0.2588	1.2656	1.6361	1.5211	1.5660	1.5241	1.5446	1.3568	1.4933	0.2874	1.6043	1.5208	1.5046	0.2683
17:29:16	30.1	0.2535	1.5408	1.5197	1.6078	1.4991	1.5020	1.4940	1.4958	1.0463	1.4974	0.2684	0.2473	1.6277	1.5148	1.5142	1.5109	1.5025	0.2684	1.5297	1.4926	1.4977	1.5049	0.2661	1.4845	1.5505	1.4947	1.5259	1.5123	1.5982	1.5379	1.4151	1.5080	1.0080	1.5095	0.2629	1.4843	1.5342	1.5301	1.5228	1.4505	1.5118	0.2612	1.4977	1.5092	1.4961	1.4796	0.2736	1.5024	1.5400	1.5054	1.5572	1.5095	1.5465	1.5226	1.5514	1.4883	1.4802	1.4722	0.2564	1.4543	1.2420	1.5342	1.5077	1.5533	0.2708	0.2696	1.4975	1.5237	0.6746	1.4977	0.2544	1.4586	1.5031	1.6227	1.5208	1.5548	1.5144	1.5341	1.0916	1.4958	1.3624	1.3930	0.2588	1.2644	1.6402	1.5228	1.5640	1.5239	1.5506	1.3286	1.4912	0.2873	1.6135	1.5222	1.5116	0.2681
17:39:16	30.2	0.2535	1.5391	1.5259	1.6108	1.5007	1.5049	1.4965	1.5013	1.0717	1.4995	0.2679	0.2474	1.6280	1.5147	1.5164	1.5152	1.5045	0.2682	1.5265	1.4934	1.4989	1.5091	0.2659	1.4856	1.5480	1.4896	1.5271	1.5139	1.5978	1.5413	1.4196	1.5156	0.9736	1.5131	0.2628	1.4870	1.5349	1.5316	1.5241	1.4622	1.5157	0.2612	1.5051	1.5075	1.4963	1.4846	0.2737	1.5060	1.5383	1.5109	1.5613	1.5171	1.5478	1.5268	1.5493	1.4847	1.4858	1.4773	0.2562	1.4605	1.2297	1.5315	1.5134	1.5547	0.2694	0.2696	1.4964	1.5314	0.6750	1.4990	0.2544	1.4744	1.5093	1.6228	1.5242	1.5550	1.5170	1.5407	1.0776	1.5044	1.3445	1.3951	0.2589	1.2479	1.6413	1.5282	1.5711	1.5254	1.5484	1.3312	1.5043	0.2873	1.6150	1.5215	1.5197	0.2681
17:49:16	30.1	0.2536	1.5439	1.5278	1.6121	1.5045	1.5077	1.5030	1.5029	1.0877	1.5025	0.2682	0.2474	1.6268	1.5147	1.5166	1.5200	1.5102	0.2682	1.5260	1.4984	1.5006	1.5110	0.2667	1.4876	1.5532	1.4834	1.5286	1.5164	1.5996	1.5419	1.4237	1.5159	0.9457	1.5141	0.2630	1.4812	1.5376	1.5308	1.5279	1.4665	1.5193	0.2614	1.5017	1.5074	1.5008	1.4900	0.2735	1.5128	1.5480	1.5152	1.5632	1.5202	1.5470	1.5264	1.5563	1.4991	1.4910	1.4834	0.2563	1.4614	1.2277	1.5310	1.5166	1.5573	0.2719	0.2696	1.5052	1.5337	0.6738	1.5077	0.2543	1.4760	1.5100	1.6253	1.5247	1.5574	1.5147	1.5434	1.0831	1.5070	1.3368	1.3962	0.2589	1.2454	1.6411	1.5321	1.5783	1.5287	1.5459	1.3366	1.5031	0.2872	1.6125	1.5276	1.5183	0.2683
17:59:16	30.2	0.2534	1.5429	1.5326	1.6108	1.5095	1.5074	1.5016	1.5101	1.1047	1.5047	0.2675	0.2472	1.6336	1.5158	1.5149	1.5179	1.5108	0.2681	1.5249	1.5020	1.5034	1.5128	0.2659	1.4971	1.5570	1.4757	1.5334	1.5182	1.6014	1.5443	1.4296	1.5145	0.9320	1.5218	0.2627	1.4961	1.5425	1.5310	1.5311	1.4686	1.5212	0.2610	1.5044	1.5123	1.5066	1.4905	0.2734	1.5155	1.5441	1.5167	1.5651	1.5238	1.5517	1.5305	1.5573	1.4952	1.4914	1.4891	0.2563	1.4638	1.2203	1.5291	1.5207	1.5592	0.2698	0.2693	1.5123	1.5338	0.6744	1.5115	0.2541	1.4775	1.5128	1.6227	1.5295	1.5602	1.5225	1.5446	1.0670	1.5078	1.3405	1.4011	0.2587	1.2517	1.6428	1.5350	1.5816	1.5314	1.5442	1.3351	1.5111	0.2871	1.6152	1.5336	1.5268	0.2681
18:09:16	30.1	0.2536	1.5427	1.5255	1.6098	1.5127	1.5122	1.5054	1.5060	1.1210	1.5095	0.2681	0.2474	1.6348	1.5135	1.5113	1.5190	1.5134	0.2685	1.5268	1.5034	1.5120	1.5195	0.2664	1.5011	1.5531	1.4682	1.5284	1.5203	1.6016	1.5435	1.4342	1.5143	0.9222	1.5252	0.2629	1.4963	1.5429	1.5297	1.5296	1.4696	1.5247	0.2611	1.5135	1.5184	1.5108	1.4930	0.2737	1.5197	1.5486	1.5205	1.5701	1.5225	1.5537	1.5267	1.5619	1.4972	1.4963	1.4905	0.2563	1.4681	1.2116	1.5293	1.5183	1.5608	0.2695	0.2697	1.5080	1.5362	0.6765	1.5119	0.2544	1.4740	1.5142	1.6221	1.5305	1.5638	1.5243	1.5470	1.0650	1.5123	1.3430	1.4055	0.2590	1.2457	1.6408	1.5342	1.5817	1.5372	1.5421	1.3356	1.5145	0.2874	1.6145	1.5387	1.5240	0.2683
18:19:16	30.1	0.2533	1.5436	1.5271	1.6062	1.5117	1.5151	1.5065	1.5104	1.1261	1.5137	0.2683	0.2474	1.6283	1.5159	1.5097	1.5180	1.5159	0.2683	1.5333	1.5062	1.5128	1.5234	0.2663	1.4987	1.5570	1.4599	1.5304	1.5236	1.5999	1.5465	1.4393	1.5186	0.9325	1.5310	0.2629	1.4941	1.5427	1.5348	1.5308	1.4723	1.5308	0.2613	1.5130	1.5170	1.5102	1.4968	0.2735	1.5206	1.5485	1.5231	1.5710	1.5249	1.5545	1.5234	1.5673	1.5039	1.5024	1.4875	0.2565	1.4678	1.2042	1.5326	1.5171	1.5621	0.2717	0.2696	1.5082	1.5329	0.6762	1.5129	0.2541	1.4755	1.5116	1.6197	1.5307	1.5668	1.5274	1.5473	1.0308	1.5107	1.3376	1.4030	0.2589	1.2256	1.6421	1.5339	1.5859	1.5366	1.5433	1.3333	1.5182	0.2873	1.6169	1.5359	1.5255	0.2681
18:29:16	30.1	0.2535	1.5470	1.5297	1.6093	1.5102	1.5144	1.5080	1.5111	1.1420	1.5169	0.2684	0.2474	1.6340	1.5202	1.5065	1.5223	1.5186	0.2682	1.5336	1.5080	1.5182	1.5322	0.2662	1.4977	1.5544	1.4508	1.5287	1.5238	1.6017	1.5539	1.4414	1.5314	0.9220	1.5285	0.2628	1.4953	1.5404	1.5362	1.5319	1.4770	1.5291	0.2610	1.5228	1.5241	1.5135	1.4980	0.2737	1.5212	1.5490	1.5246	1.5741	1.5250	1.5543	1.5331	1.5683	1.5108	1.5069	1.4940	0.2564	1.4709	1.1917	1.5337	1.5172	1.5621	0.2716	0.2695	1.5128	1.5399	0.6769	1.5113	0.2542	1.4701	1.5149	1.6208	1.5328	1.5678	1.5287	1.5496	1.0487	1.5136	1.3310	1.4077	0.2590	1.2263	1.6441	1.5363	1.5892	1.5431	1.5423	1.3350	1.5240	0.2872	1.6173	1.5401	1.5304	0.2681
18:39:16	30.1	0.2534	1.5477	1.5308	1.6101	1.5189	1.5125	1.5071	1.5122	1.1515	1.5199	0.2677	0.2473	1.6330	1.5187	1.5053	1.5230	1.5175	0.2683	1.5338	1.5109	1.5207	1.5301	0.2663	1.4954	1.5553	1.4412	1.5302	1.5261	1.6017	1.5580	1.4479	1.5274	0.9231	1.5322	0.2628	1.4958	1.5425	1.5355	1.5360	1.4832	1.5292	0.2613	1.5238	1.5224	1.5178	1.5002	0.2735	1.5220	1.5522	1.5275	1.5740	1.5280	1.5533	1.5341	1.5699	1.5115	1.5107	1.4948	0.2564	1.4659	1.1866	1.5352	1.5185	1.5639	0.2692	0.2695	1.5103	1.5288	0.6767	1.5072	0.2542	1.4601	1.5148	1.6209	1.5307	1.5702	1.5307	1.5419	1.0359	1.5151	1.3303	1.4068	0.2588	1.2073	1.6449	1.5328	1.5900	1.5388	1.5396	1.3356	1.5284	0.2873	1.6172	1.5334	1.5303	0.2681
18:49:16	30.1	0.2536	1.5498	1.5300	1.6081	1.5178	1.5176	1.5057	1.5147	1.1630	1.5191	0.2676	0.2475	1.6345	1.5198	1.5019	1.5262	1.5232	0.2684	1.5339	1.5175	1.5173	1.5305	0.2664	1.4968	1.5550	1.4306	1.5344	1.5263	1.6005	1.5556	1.4589	1.5292	0.9088	1.5366	0.2631	1.4900	1.5427	1.5369	1.5399	1.4796	1.5328	0.2614	1.5218	1.5239	1.5209	1.5057	0.2737	1.5241	1.5500	1.5283	1.5773	1.5287	1.5497	1.5355	1.5689	1.5121	1.5150	1.4968	0.2565	1.4644	1.1862	1.5326	1.5232	1.5630	0.2716	0.2698	1.5081	1.5281	0.6767	1.5097	0.2543	1.4611	1.5160	1.6223	1.5340	1.5747	1.5303	1.5416	1.0284	1.5127	1.3255	1.4007	0.2591	1.2095	1.6462	1.5372	1.5946	1.5395	1.5375	1.3365	1.5334	0.2874	1.6170	1.5278	1.5187	0.2684
18:59:16	30.1	0.2534	1.5486	1.5319	1.6083	1.5188	1.5167	1.5123	1.5126	1.1755	1.5217	0.2669	0.2475	1.6345	1.5221	1.4981	1.5255	1.5259	0.2683	1.5359	1.5150	1.5163	1.5388	0.2664	1.4919	1.5568	1.4185	1.5346	1.5267	1.5996	1.5570	1.4618	1.5322	0.9098	1.5380	0.2628	1.4871	1.5451	1.5404	1.5372	1.4847	1.5356	0.2611	1.5267	1.5275	1.5227	1.5086	0.2735	1.5268	1.5521	1.5278	1.5787	1.5338	1.5484	1.5348	1.5671	1.5153	1.5185	1.4928	0.2563	1.4647	1.1801	1.5334	1.5247	1.5631	0.2716	0.2696	1.5140	1.5271	0.6767	1.5086	0.2543	1.4620	1.5203	1.6218	1.5351	1.5773	1.5289	1.5416	1.0280	1.5101	1.3234	1.3973	0.2589	1.2121	1.6469	1.5398	1.5970	1.5439	1.5347	1.3378	1.5341	0.2872	1.6166	1.5279	1.5161	0.2682
19:09:16	30.1	0.2533	1.5495	1.5322	1.6086	1.5220	1.5137	1.5057	1.5135	1.1901	1.5212	0.2686	0.2474	1.6341	1.5198	1.4949	1.5272	1.5277	0.2682	1.5332	1.5193	1.5199	1.5378	0.2663	1.4832	1.5538	1.4060	1.5359	1.5271	1.5981	1.5582	1.4613	1.5328	0.9122	1.5363	0.2628	1.4828	1.5454	1.5418	1.5404	1.4924	1.5354	0.2613	1.5281	1.5301	1.5235	1.5113	0.2736	1.5277	1.5460	1.5298	1.5818	1.5303	1.5463	1.5318	1.5716	1.5156	1.5191	1.4887	0.2564	1.4599	1.1707	1.5306	1.5273	1.5637	0.2713	0.2698	1.5073	1.5254	0.6766	1.5071	0.2542	1.4648	1.5205	1.6223	1.5373	1.5800	1.5255	1.5417	1.0089	1.5077	1.3217	1.4001	0.2589	1.2058	1.6482	1.5384	1.5958	1.5454	1.5316	1.3398	1.5377	0.2873	1.6168	1.5285	1.5202	0.2680
19:19:16	30.1	0.2534	1.5531	1.5338	1.6078	1.5235	1.5186	1.5112	1.5148	1.2012	1.5216	0.2676	0.2475	1.6359	1.5226	1.4907	1.5304	1.5334	0.2683	1.5379	1.5156	1.5246	1.5412	0.2664	1.4834	1.5539	1.3927	1.5355	1.5280	1.6019	1.5557	1.4589	1.5351	0.9276	1.5349	0.2629	1.4852	1.5424	1.5455	1.5394	1.4977	1.5339	0.2612	1.5295	1.5308	1.5220	1.5147	0.2736	1.5326	1.5413	1.5303	1.5837	1.5308	1.5479	1.5275	1.5662	1.5152	1.5260	1.4905	0.2563	1.4591	1.1657	1.5333	1.5285	1.5648	0.2713	0.2698	1.4980	1.5269	0.6784	1.5061	0.2542	1.4664	1.5214	1.6195	1.5384	1.5786	1.5269	1.5424	1.0001	1.5085	1.3194	1.3985	0.2590	1.1933	1.6500	1.5452	1.6021	1.5482	1.5302	1.3430	1.5410	0.2873	1.6165	1.5284	1.5239	0.2682
19:29:16	30.2	0.2535	1.5525	1.5334	1.6017	1.5235	1.5201	1.5096	1.5154	1.2164	1.5200	0.2697	0.2476	1.6338	1.5172	1.4864	1.5306	1.5374	0.2683	1.5393	1.5224	1.5308	1.5380	0.2663	1.4816	1.5558	1.3757	1.5339	1.5263	1.5990	1.5548	1.4731	1.5370	0.9318	1.5336	0.2627	1.4851	1.5435	1.5447	1.5399	1.4921	1.5314	0.2612	1.5313	1.5354	1.5243	1.5155	0.2736	1.5328	1.5371	1.5320	1.5845	1.5258	1.5488	1.5247	1.5663	1.5097	1.5290	1.4906	0.2563	1.4579	1.1626	1.5284	1.5242	1.5639	0.2712	0.2694	1.4980	1.5240	0.6779	1.5101	0.2541	1.4642	1.5269	1.6222	1.5378	1.5850	1.5254	1.5429	1.0140	1.5076	1.3191	1.3967	0.2589	1.2003	1.6520	1.5484	1.6053	1.5512	1.5242	1.3445	1.5434	0.2873	1.6157	1.5301	1.5246	0.2682
19:39:16	30.1	0.2534	1.5513	1.5351	1.6047	1.5231	1.5234	1.5106	1.5085	1.2268	1.5154	0.2691	0.2476	1.6360	1.5154	1.4832	1.5296	1.5286	0.2683	1.5396	1.5229	1.5298	1.5345	0.2663	1.4816	1.5508	1.3640	1.5293	1.5260	1.6000	1.5487	1.4705	1.5336	0.9277	1.5335	0.2629	1.4821	1.5418	1.5387	1.5370	1.5016	1.5305	0.2614	1.5292	1.5344	1.5239	1.5174	0.2737	1.5349	1.5373	1.5321	1.5855	1.5263	1.5491	1.5278	1.5671	1.5093	1.5288	1.4926	0.2562	1.4605	1.1610	1.5305	1.5223	1.5650	0.2714	0.2697	1.4995	1.5258	0.6776	1.5094	0.2542	1.4633	1.5246	1.6235	1.5360	1.5871	1.5263	1.5447	1.0035	1.5084	1.3208	1.4006	0.2591	1.2076	1.6515	1.5474	1.6073	1.5519	1.5234	1.3479	1.5488	0.2872	1.6182	1.5303	1.5226	0.2681
19:49:16	30.2	0.2535	1.5470	1.5324	1.6016	1.5202	1.5221	1.5130	1.5092	1.2418	1.5125	0.2700	0.2475	1.6366	1.5160	1.4768	1.5286	1.5288	0.2683	1.5372	1.5231	1.5275	1.5349	0.2665	1.4843	1.5491	1.3451	1.5285	1.5238	1.5991	1.5488	1.4823	1.5308	0.9372	1.5366	0.2629	1.4861	1.5437	1.5362	1.5353	1.5005	1.5305	0.2613	1.5273	1.5343	1.5191	1.5222	0.2737	1.5394	1.5381	1.5377	1.5874	1.5241	1.5525	1.5284	1.5697	1.5080	1.5343	1.4976	0.2563	1.4612	1.1585	1.5292	1.5214	1.5651	0.2713	0.2695	1.5080	1.5269	0.6786	1.5103	0.2542	1.4609	1.5273	1.6240	1.5354	1.5887	1.5276	1.5457	1.0111	1.5088	1.3171	1.4066	0.2591	1.1872	1.6564	1.5482	1.6040	1.5539	1.5179	1.3507	1.5507	0.2873	1.6179	1.5321	1.5227	0.2683
19:59:16	30.1	0.2534	1.5470	1.5322	1.6029	1.5167	1.5205	1.5092	1.5079	1.2490	1.5095	0.2695	0.2476	1.6370	1.5137	1.4753	1.5289	1.5277	0.2683	1.5380	1.5179	1.5249	1.5341	0.2665	1.4871	1.5500	1.3325	1.5273	1.5228	1.6011	1.5462	1.4843	1.5285	0.9348	1.5368	0.2629	1.4873	1.5428	1.5339	1.5356	1.5039	1.5308	0.2615	1.5270	1.5310	1.5183	1.5223	0.2738	1.5412	1.5365	1.5387	1.5901	1.5229	1.5523	1.5296	1.5743	1.5092	1.5396	1.4975	0.2565	1.4665	1.1542	1.5298	1.5237	1.5674	0.2721	0.2696	1.5079	1.5262	0.6787	1.5090	0.2543	1.4644	1.5228	1.6186	1.5347	1.5882	1.5246	1.5459	0.9901	1.5120	1.3150	1.4135	0.2591	1.2110	1.6525	1.5505	1.6031	1.5502	1.5184	1.3546	1.5571	0.2873	1.6184	1.5314	1.5209	0.2682
20:09:16	30.1	0.2533	1.5470	1.5308	1.6021	1.5161	1.5210	1.5107	1.5065	1.2610	1.5099	0.2673	0.2474	1.6361	1.5162	1.4679	1.5292	1.5287	0.2682	1.5373	1.5182	1.5239	1.5345	0.2663	1.4834	1.5486	1.3184	1.5278	1.5227	1.5997	1.5462	1.4943	1.5296	0.9352	1.5360	0.2628	1.4861	1.5451	1.5328	1.5347	1.5105	1.5308	0.2610	1.5239	1.5281	1.5179	1.5277	0.2737	1.5436	1.5335	1.5380	1.5891	1.5242	1.5532	1.5310	1.5671	1.5078	1.5439	1.4984	0.2563	1.4613	1.1507	1.5335	1.5235	1.5678	0.2714	0.2694	1.5060	1.5259	0.6779	1.5077	0.2543	1.4622	1.5202	1.6213	1.5324	1.5885	1.5261	1.5425	0.9749	1.5115	1.3110	1.4177	0.2589	1.1822	1.6542	1.5517	1.6028	1.5489	1.5143	1.3546	1.5619	0.2873	1.6186	1.5309	1.5216	0.2682
20:19:16	30.1	0.2532	1.5439	1.5313	1.5999	1.5171	1.5205	1.5116	1.5072	1.2717	1.5078	0.2710	0.2475	1.6353	1.5153	1.4635	1.5292	1.5287	0.2681	1.5372	1.5166	1.5226	1.5340	0.2663	1.4794	1.5476	1.3024	1.5259	1.5192	1.6009	1.5488	1.4869	1.5304	0.9336	1.5367	0.2627	1.4895	1.5463	1.5326	1.5358	1.5076	1.5315	0.2613	1.5257	1.5292	1.5178	1.5286	0.2736	1.5459	1.5296	1.5337	1.5934	1.5246	1.5556	1.5306	1.5739	1.5117	1.5442	1.4994	0.2565	1.4649	1.1499	1.5292	1.5235	1.5669	0.2712	0.2696	1.5063	1.5267	0.6775	1.5078	0.2542	1.4612	1.5200	1.6199	1.5326	1.5927	1.5292	1.5471	0.9783	1.5076	1.3120	1.4225	0.2590	1.1808	1.6558	1.5512	1.6023	1.5526	1.5109	1.3567	1.5619	0.2872	1.6182	1.5315	1.5258	0.2682
20:29:16	30.1	0.2533	1.5445	1.5331	1.6051	1.5161	1.5205	1.5122	1.5054	1.2779	1.5115	0.2696	0.2473	1.6359	1.5136	1.4582	1.5290	1.5316	0.2682	1.5371	1.5188	1.5254	1.5336	0.2663	1.4814	1.5510	1.2883	1.5275	1.5169	1.6006	1.5451	1.4830	1.5320	0.9313	1.5385	0.2628	1.4931	1.5460	1.5332	1.5361	1.5168	1.5325	0.2613	1.5231	1.5284	1.5165	1.5318	0.2736	1.5454	1.5318	1.5327	1.5930	1.5265	1.5561	1.5321	1.5713	1.5110	1.5507	1.5004	0.2564	1.4699	1.1487	1.5310	1.5255	1.5676	0.2685	0.2695	1.5042	1.5243	0.6778	1.5095	0.2541	1.4611	1.5170	1.6205	1.5337	1.5879	1.5288	1.5451	0.9879	1.5080	1.3075	1.4257	0.2588	1.1656	1.6590	1.5524	1.6032	1.5542	1.5076	1.3582	1.5691	0.2873	1.6176	1.5308	1.5280	0.2682
20:39:16	30.1	0.2533	1.5443	1.5343	1.5998	1.5155	1.5195	1.5133	1.5081	1.2879	1.5120	0.2704	0.2475	1.6331	1.5122	1.4502	1.5285	1.5326	0.2681	1.5375	1.5210	1.5278	1.5349	0.2663	1.4830	1.5486	1.2758	1.5259	1.5136	1.5999	1.5485	1.4830	1.5291	0.9320	1.5385	0.2627	1.4950	1.5444	1.5329	1.5373	1.5175	1.5320	0.2612	1.5246	1.5309	1.5188	1.5355	0.2735	1.5514	1.5289	1.5308	1.5941	1.5250	1.5548	1.5326	1.5650	1.5088	1.5537	1.5001	0.2564	1.4653	1.1476	1.5310	1.5235	1.5683	0.2713	0.2694	1.5030	1.5240	0.6778	1.5110	0.2541	1.4574	1.5152	1.6205	1.5335	1.5906	1.5299	1.5466	0.9518	1.5127	1.3028	1.4284	0.2590	1.1645	1.6545	1.5535	1.6043	1.5532	1.5038	1.3587	1.5641	0.2872	1.6176	1.5310	1.5266	0.2681
20:49:16	30.1	0.2534	1.5465	1.5358	1.5970	1.5171	1.5196	1.5142	1.5100	1.2964	1.5124	0.2695	0.2477	1.6354	1.5093	1.4443	1.5285	1.5343	0.2682	1.5368	1.5207	1.5270	1.5331	0.2665	1.4783	1.5489	1.2615	1.5250	1.5091	1.5998	1.5474	1.4836	1.5290	0.9344	1.5391	0.2629	1.4863	1.5459	1.5323	1.5372	1.5196	1.5363	0.2614	1.5269	1.5303	1.5177	1.5379	0.2736	1.5520	1.5279	1.5311	1.5918	1.5244	1.5530	1.5322	1.5589	1.5104	1.5563	1.4994	0.2564	1.4676	1.1505	1.5291	1.5266	1.5676	0.2710	0.2695	1.5030	1.5245	0.6786	1.5112	0.2542	1.4547	1.5194	1.6218	1.5331	1.5907	1.5299	1.5481	0.9541	1.5115	1.2998	1.4293	0.2590	1.1658	1.6598	1.5562	1.6052	1.5562	1.5007	1.3600	1.5730	0.2874	1.6158	1.5293	1.5242	0.2683
20:59:16	30.1	0.2532	1.5467	1.5359	1.6026	1.5176	1.5224	1.5134	1.5103	1.3089	1.5106	0.2702	0.2475	1.6337	1.5099	1.4394	1.5284	1.5326	0.2682	1.5356	1.5215	1.5259	1.5334	0.2664	1.4773	1.5473	1.2438	1.5231	1.5017	1.6012	1.5438	1.4864	1.5295	0.9392	1.5422	0.2628	1.4857	1.5485	1.5331	1.5385	1.5190	1.5358	0.2613	1.5290	1.5310	1.5175	1.5400	0.2738	1.5584	1.5254	1.5320	1.5941	1.5291	1.5568	1.5310	1.5554	1.5106	1.5599	1.4990	0.2563	1.4686	1.1487	1.5251	1.5267	1.5663	0.2715	0.2696	1.5030	1.5271	0.6791	1.5127	0.2542	1.4592	1.5212	1.6250	1.5356	1.5907	1.5304	1.5477	0.9664	1.5092	1.2968	1.4308	0.2588	1.1655	1.6676	1.5567	1.6055	1.5583	1.4961	1.3630	1.5697	0.2874	1.6157	1.5323	1.5250	0.2682
21:09:16	30.1	0.2533	1.5478	1.5362	1.6006	1.5192	1.5235	1.5137	1.5102	1.3131	1.5112	0.2686	0.2477	1.6345	1.5094	1.4351	1.5294	1.5297	0.2684	1.5349	1.5227	1.5248	1.5346	0.2664	1.4840	1.5472	1.2342	1.5253	1.4971	1.5988	1.5501	1.4870	1.5314	0.9484	1.5415	0.2628	1.4884	1.5481	1.5313	1.5380	1.5240	1.5363	0.2614	1.5281	1.5332	1.5190	1.5444	0.2739	1.5510	1.5269	1.5334	1.5936	1.5267	1.5557	1.5336	1.5548	1.5114	1.5620	1.4982	0.2565	1.4708	1.1475	1.5254	1.5263	1.5664	0.2703	0.2697	1.5074	1.5274	0.6790	1.5137	0.2544	1.4625	1.5206	1.6244	1.5366	1.5897	1.5293	1.5506	0.9351	1.5128	1.2964	1.4350	0.2590	1.1598	1.6644	1.5581	1.6070	1.5574	1.4944	1.3643	1.5793	0.2873	1.6144	1.5327	1.5248	0.2681
21:19:16	30.1	0.2535	1.5499	1.5365	1.5970	1.5199	1.5237	1.5162	1.5096	1.3192	1.5131	0.2685	0.2475	1.6328	1.5105	1.4286	1.5307	1.5296	0.2683	1.5365	1.5204	1.5251	1.5322	0.2665	1.4846	1.5487	1.2238	1.5253	1.4952	1.6021	1.5490	1.4873	1.5303	0.9513	1.5373	0.2629	1.4869	1.5464	1.5323	1.5409	1.5234	1.5350	0.2612	1.5279	1.5347	1.5174	1.5420	0.2737	1.5547	1.5278	1.5356	1.5910	1.5252	1.5551	1.5330	1.5546	1.5091	1.5651	1.4975	0.2565	1.4726	1.1517	1.5303	1.5291	1.5711	0.2689	0.2696	1.5038	1.5241	0.6781	1.5119	0.2542	1.4624	1.5208	1.6153	1.5364	1.5908	1.5264	1.5491	0.9554	1.5113	1.2923	1.4284	0.2590	1.1531	1.6551	1.5564	1.6062	1.5541	1.4942	1.3651	1.5834	0.2873	1.6145	1.5285	1.5246	0.2682
21:29:16	30.1	0.2535	1.5499	1.5390	1.5967	1.5214	1.5224	1.5164	1.5097	1.3254	1.5132	0.2687	0.2476	1.6304	1.5117	1.4250	1.5314	1.5322	0.2682	1.5331	1.5205	1.5276	1.5329	0.2665	1.4882	1.5511	1.2098	1.5238	1.4878	1.6001	1.5505	1.4868	1.5318	0.9466	1.5385	0.2628	1.4895	1.5475	1.5307	1.5415	1.5269	1.5371	0.2614	1.5286	1.5350	1.5189	1.5443	0.2736	1.5466	1.5255	1.5352	1.5917	1.5273	1.5569	1.5338	1.5509	1.5114	1.5659	1.4992	0.2563	1.4739	1.1557	1.5277	1.5294	1.5702	0.2719	0.2695	1.5036	1.5229	0.6789	1.5127	0.2542	1.4653	1.5195	1.6186	1.5364	1.5894	1.5300	1.5506	0.9375	1.5151	1.2887	1.4042	0.2589	1.1524	1.6574	1.5562	1.6077	1.5574	1.4914	1.3644	1.5843	0.2873	1.6131	1.5308	1.5284	0.2681
21:39:16	30.1	0.2532	1.5504	1.5394	1.5943	1.5198	1.5244	1.5178	1.5086	1.3328	1.5148	0.2694	0.2476	1.6304	1.5105	1.4208	1.5313	1.5326	0.2683	1.5337	1.5202	1.5273	1.5334	0.2664	1.4893	1.5499	1.2005	1.5228	1.4787	1.5990	1.5519	1.4888	1.5324	0.9463	1.5428	0.2626	1.4901	1.5494	1.5321	1.5408	1.5299	1.5371	0.2613	1.5284	1.5336	1.5206	1.5464	0.2737	1.5417	1.5244	1.5360	1.5931	1.5275	1.5589	1.5348	1.5478	1.5104	1.5694	1.4995	0.2565	1.4742	1.1631	1.5259	1.5324	1.5682	0.2693	0.2697	1.5059	1.5226	0.6800	1.5137	0.2541	1.4639	1.5204	1.6166	1.5365	1.5885	1.5320	1.5510	0.9295	1.5129	1.2877	1.4008	0.2589	1.1501	1.6532	1.5579	1.6089	1.5575	1.4870	1.3650	1.5829	0.2873	1.6126	1.5303	1.5288	0.2681
21:49:16	30.1	0.2533	1.5505	1.5399	1.5922	1.5212	1.5262	1.5164	1.5083	1.3418	1.5144	0.2701	0.2476	1.6286	1.5129	1.4156	1.5330	1.5333	0.2682	1.5309	1.5223	1.5269	1.5323	0.2663	1.4878	1.5486	1.1872	1.5242	1.4703	1.5979	1.5536	1.4893	1.5307	0.9616	1.5404	0.2627	1.4918	1.5486	1.5323	1.5407	1.5349	1.5377	0.2612	1.5268	1.5332	1.5193	1.5472	0.2737	1.5406	1.5229	1.5372	1.5967	1.5270	1.5594	1.5368	1.5460	1.5099	1.5729	1.5016	0.2565	1.4755	1.1776	1.5245	1.5344	1.5676	0.2698	0.2695	1.5056	1.5226	0.6784	1.5129	0.2541	1.4644	1.5224	1.6194	1.5381	1.5871	1.5317	1.5502	0.9324	1.5102	1.2869	1.3951	0.2589	1.1455	1.6509	1.5591	1.6091	1.5558	1.4836	1.3658	1.5895	0.2873	1.6118	1.5286	1.5292	0.2681
21:59:16	30.1	0.2533	1.5508	1.5392	1.5942	1.5216	1.5262	1.5166	1.5085	1.3442	1.5141	0.2696	0.2475	1.6289	1.5126	1.4108	1.5340	1.5340	0.2683	1.5308	1.5197	1.5283	1.5327	0.2663	1.4899	1.5480	1.1782	1.5230	1.4634	1.5972	1.5536	1.4888	1.5289	0.9748	1.5403	0.2628	1.4930	1.5478	1.5307	1.5415	1.5290	1.5384	0.2613	1.5286	1.5342	1.5208	1.5465	0.2737	1.5408	1.5211	1.5364	1.5956	1.5293	1.5627	1.5369	1.5460	1.5107	1.5716	1.5043	0.2565	1.4742	1.1871	1.5239	1.5333	1.5666	0.2720	0.2694	1.5099	1.5228	0.6773	1.5147	0.2542	1.4612	1.5217	1.6149	1.5387	1.5878	1.5323	1.5533	0.9323	1.5141	1.2833	1.3900	0.2589	1.1314	1.6484	1.5599	1.6091	1.5577	1.4798	1.3678	1.5911	0.2872	1.6114	1.5322	1.5338	0.2681
22:09:16	30.1	0.2533	1.5516	1.5395	1.5916	1.5223	1.5280	1.5148	1.5084	1.3522	1.5109	0.2682	0.2475	1.6289	1.5122	1.4088	1.5336	1.5366	0.2682	1.5275	1.5202	1.5270	1.5323	0.2661	1.4820	1.5465	1.1674	1.5240	1.4514	1.5958	1.5548	1.4878	1.5293	0.9762	1.5396	0.2628	1.4913	1.5492	1.5324	1.5419	1.5335	1.5402	0.2613	1.5291	1.5350	1.5178	1.5482	0.2736	1.5399	1.5183	1.5401	1.5930	1.5290	1.5625	1.5368	1.5445	1.5119	1.5750	1.5063	0.2563	1.4716	1.1922	1.5196	1.5341	1.5654	0.2696	0.2695	1.5105	1.5220	0.6757	1.5147	0.2540	1.4552	1.5224	1.6210	1.5376	1.5856	1.5328	1.5524	0.9285	1.5174	1.2776	1.3774	0.2588	1.1437	1.6458	1.5594	1.6088	1.5561	1.4764	1.3668	1.5912	0.2872	1.6102	1.5354	1.5340	0.2681
22:19:16	30.2	0.2532	1.5495	1.5398	1.5915	1.5228	1.5298	1.5145	1.5099	1.3608	1.5141	0.2670	0.2477	1.6271	1.5120	1.4036	1.5341	1.5351	0.2681	1.5289	1.5236	1.5283	1.5350	0.2667	1.4815	1.5480	1.1556	1.5248	1.4423	1.5962	1.5547	1.4922	1.5300	0.9607	1.5421	0.2627	1.4906	1.5481	1.5331	1.5424	1.5336	1.5379	0.2613	1.5293	1.5345	1.5196	1.5484	0.2736	1.5424	1.5173	1.5388	1.5935	1.5311	1.5603	1.5373	1.5440	1.5126	1.5762	1.5037	0.2565	1.4764	1.2006	1.5205	1.5352	1.5643	0.2710	0.2696	1.5095	1.5216	0.6756	1.5131	0.2541	1.4504	1.5247	1.6224	1.5408	1.5876	1.5314	1.5527	0.9281	1.5142	1.2766	1.3691	0.2589	1.1419	1.6441	1.5589	1.6096	1.5583	1.4739	1.3687	1.5946	0.2872	1.6104	1.5319	1.5329	0.2681
22:29:16	30.1	0.2534	1.5507	1.5409	1.5894	1.5240	1.5305	1.5181	1.5125	1.3653	1.5107	0.2685	0.2477	1.6273	1.5126	1.4004	1.5348	1.5383	0.2683	1.5258	1.5250	1.5290	1.5383	0.2667	1.4853	1.5464	1.1453	1.5243	1.4289	1.5939	1.5538	1.4890	1.5265	1.0369	1.5416	0.2629	1.4880	1.5485	1.5324	1.5408	1.5354	1.5399	0.2615	1.5297	1.5388	1.5198	1.5512	0.2738	1.5446	1.5168	1.5377	1.5913	1.5329	1.5636	1.5384	1.5427	1.5154	1.5775	1.5089	0.2567	1.4722	1.2037	1.5153	1.5342	1.5665	0.2713	0.2697	1.5109	1.5253	0.6756	1.5168	0.2542	1.4544	1.5230	1.6189	1.5389	1.5843	1.5352	1.5540	0.9294	1.5187	1.2735	1.3628	0.2589	1.1436	1.6418	1.5590	1.6101	1.5595	1.4689	1.3680	1.5915	0.2874	1.6084	1.5377	1.5357	0.2684
22:39:16	30.2	0.2533	1.5505	1.5399	1.5895	1.5224	1.5318	1.5171	1.5091	1.3709	1.5138	0.2694	0.2477	1.6217	1.5131	1.3949	1.5345	1.5372	0.2683	1.5256	1.5248	1.5290	1.5403	0.2664	1.4880	1.5459	1.1387	1.5235	1.4198	1.5927	1.5566	1.4901	1.5265	1.0067	1.5404	0.2628	1.4907	1.5495	1.5319	1.5400	1.5382	1.5393	0.2617	1.5323	1.5366	1.5200	1.5487	0.2738	1.5452	1.5162	1.5391	1.5914	1.5294	1.5591	1.5381	1.5425	1.5140	1.5788	1.5059	0.2566	1.4750	1.2099	1.5165	1.5352	1.5683	0.2718	0.2698	1.5092	1.5271	0.6741	1.5179	0.2543	1.4630	1.5255	1.6196	1.5382	1.5848	1.5341	1.5531	0.9130	1.5179	1.2736	1.3421	0.2590	1.1389	1.6423	1.5595	1.6107	1.5619	1.4658	1.3678	1.5952	0.2874	1.6072	1.5320	1.5321	0.2684
22:49:16	30.1	0.2533	1.5519	1.5415	1.5881	1.5228	1.5320	1.5181	1.5120	1.3771	1.5159	0.2690	0.2477	1.6186	1.5119	1.3939	1.5357	1.5390	0.2681	1.5236	1.5256	1.5271	1.5384	0.2666	1.4911	1.5472	1.1286	1.5242	1.4083	1.5914	1.5564	1.4893	1.5288	1.0262	1.5397	0.2627	1.4970	1.5495	1.5311	1.5408	1.5396	1.5392	0.2614	1.5321	1.5373	1.5213	1.5477	0.2738	1.5469	1.5136	1.5375	1.5907	1.5305	1.5613	1.5395	1.5420	1.5146	1.5801	1.5073	0.2564	1.4784	1.2145	1.5144	1.5359	1.5658	0.2716	0.2697	1.5095	1.5238	0.6727	1.5176	0.2542	1.4605	1.5245	1.6192	1.5400	1.5839	1.5371	1.5532	0.9137	1.5209	1.2673	1.3329	0.2589	1.1372	1.6402	1.5599	1.6115	1.5597	1.4624	1.3708	1.5937	0.2872	1.6071	1.5351	1.5362	0.2681
22:59:16	30.1	0.2533	1.5523	1.5419	1.5851	1.5226	1.5325	1.5204	1.5126	1.3813	1.5116	0.2680	0.2478	1.6131	1.5091	1.3881	1.5368	1.5406	0.2683	1.5211	1.5259	1.5289	1.5405	0.2663	1.4873	1.5458	1.1186	1.5216	1.3962	1.5900	1.5574	1.4875	1.5274	1.0405	1.5426	0.2627	1.4940	1.5485	1.5307	1.5425	1.5328	1.5414	0.2613	1.5309	1.5389	1.5231	1.5481	0.2736	1.5481	1.5121	1.5370	1.5880	1.5316	1.5620	1.5405	1.5405	1.5134	1.5794	1.5082	0.2564	1.4730	1.2179	1.5113	1.5360	1.5619	0.2708	0.2696	1.5071	1.5247	0.6738	1.5175	0.2541	1.4566	1.5249	1.6154	1.5398	1.5821	1.5371	1.5532	0.9186	1.5192	1.2644	1.3308	0.2588	1.1363	1.6384	1.5573	1.6115	1.5603	1.4576	1.3708	1.5909	0.2871	1.6053	1.5358	1.5359	0.2682
